0	0.216461
0.001	-0.061523
0.002	0.212954
0.003	0.39052
0.004	0.042402
0.005	0.339195
0.006	0.136764
0.007	0.241964
0.008	0.318473
0.009	0.184901
0.01	0.219011
0.011	-0.007329
0.012	-0.025181
0.013	0.039214
0.014	0.120824
0.015	0.248977
0.016	0.177569
0.017	0.275437
0.018	0.083845
0.019	0.118911
0.02	0.387332
0.021	-0.016574
0.022	0.047184
0.023	0.235588
0.024	-0.21231
0.025	-0.363416
0.026	0.131663
0.027	-0.349071
0.028	-0.367879
0.029	-0.477543
0.03	-0.44152
0.031	-0.330262
0.032	-0.298065
0.033	-0.281806
0.034	-0.505277
0.035	-0.087026
0.036	-0.940106
0.037	0.306997
0.038	0.003829
0.039	0.517398
0.04	-0.101691
0.041	0.267786
0.042	0.326762
0.043	0.237182
0.044	0.318792
0.045	-0.244827
0.046	-0.019124
0.047	0.169599
0.048	0.006379
0.049	0.161948
0.05	-0.216136
0.051	0.373624
0.052	0.222518
0.053	0.05866
0.054	0.40359
0.055	0.218055
0.056	0.016899
0.057	0.024231
0.058	-0.558515
0.059	-0.074593
0.06	-0.210716
0.061	-0.281806
0.062	-0.575411
0.063	-0.345245
0.064	-0.468298
0.065	-0.315917
0.066	-0.294239
0.067	-0.373299
0.068	0.581793
0.069	-0.257578
0.07	0.449177
0.071	-0.213904
0.072	-0.67296
0.073	0.775617
0.074	-0.397208
0.075	0.471173
0.076	0.089902
0.077	0.206897
0.078	0.381275
0.079	-0.231756
0.08	-0.045902
0.081	0.09309
0.082	0.391157
0.083	0.192552
0.084	0.21136
0.085	0.389563
0.086	-0.01243
0.087	0.205303
0.088	0.266192
0.089	0.243558
0.09	-0.134207
0.091	0.292651
0.092	-0.381269
0.093	0.010204
0.094	-0.460009
0.095	-0.383819
0.096	-0.171187
0.097	-0.496351
0.098	-0.453315
0.099	-0.376805
0.1	-0.351621
0.101	-0.206253
0.102	-0.276387
0.103	0.565535
0.104	-0.029325
0.105	0.831086
0.106	-0.221236
0.107	0.42463
0.108	-0.164811
0.109	0.365654
0.11	0.297752
0.111	0.035389
0.112	0.408053
0.113	-0.488063
0.114	-0.009879
0.115	0.108391
0.116	-0.060248
0.117	0.342701
0.118	0.343339
0.119	0.293289
0.12	0.173743
0.121	0.263004
0.122	0.190001
0.123	-0.039845
0.124	0.240051
0.125	0.054197
0.126	0.580837
0.127	-0.080013
0.128	-0.609203
0.129	-0.348114
0.13	0.028694
0.131	-0.473399
0.132	-0.432275
0.133	-0.490613
0.134	-0.299977
0.135	-0.103285
0.136	-0.479456
0.137	-0.463197
0.138	0.323255
0.139	0.13772
0.14	-0.284675
0.141	0.327081
0.142	-0.292326
0.143	0.445351
0.144	0.286594
0.145	0.356728
0.146	0.036345
0.147	-0.350346
0.148	0.274799
0.149	0.131663
0.15	0.511341
0.151	0.061529
0.152	-0.124962
0.153	0.249296
0.154	0.018174
0.155	0.172149
0.156	0.506559
0.157	0.20626
0.158	-0.584018
0.159	0.451408
0.16	-0.177244
0.161	0.051328
0.162	-0.197008
0.163	-0.443114
0.164	-0.260447
0.165	-0.46256
0.166	-0.382225
0.167	-0.297746
0.168	-0.178838
0.169	-0.330581
0.17	-0.324524
0.171	0.554696
0.172	-0.292008
0.173	0.505284
0.174	-0.751064
0.175	0.60889
0.176	-0.020081
0.177	0.398489
0.178	0.188407
0.179	0.306678
0.18	0.384463
0.181	-0.582106
0.182	0.222518
0.183	0.180438
0.184	0.289464
0.185	0.047821
0.186	0.10074
0.187	0.376493
0.188	-0.074912
0.189	0.397214
0.19	0.308272
0.191	-0.007967
0.192	-0.044627
0.193	0.036983
0.194	0.187132
0.195	0.286594
0.196	-0.686668
0.197	-0.419523
0.198	-0.296471
0.199	-0.299021
0.2	-0.40709
0.201	-0.535244
0.202	-0.267461
0.203	-0.125281
0.204	-0.40996
0.205	0.501458
0.206	0.016899
0.207	0.893887
0.208	-0.156841
0.209	0.271293
0.21	0.096596
0.211	0.55629
0.212	0.239095
0.213	0.194464
0.214	0.334413
0.215	-0.071406
0.216	0.042083
0.217	0.11126
0.218	0.052922
0.219	0.215504
0.22	0.055791
0.221	0.2799
0.222	0.256309
0.223	0.237182
0.224	0.279581
0.225	0.434831
0.226	-0.055466
0.227	0.082888
0.228	0.24037
0.229	-0.382544
0.23	-0.250884
0.231	-0.302846
0.232	-0.219324
0.233	-0.369473
0.234	-0.521854
0.235	-0.350984
0.236	-0.345883
0.237	-0.160029
0.238	-0.623229
0.239	0.520904
0.24	-0.219961
0.241	0.879861
0.242	-0.273518
0.243	0.16928
0.244	0.092771
0.245	0.394983
0.246	0.27448
0.247	0.221561
0.248	0.450133
0.249	-0.042077
0.25	-0.038889
0.251	0.21933
0.252	-0.018805
0.253	-0.094996
0.254	0.059298
0.255	0.49572
0.256	-0.00191
0.257	0.425268
0.258	0.214867
0.259	0.157804
0.26	-0.093402
0.261	0.249296
0.262	0.013073
0.263	-0.328031
0.264	-0.375849
0.265	-0.203384
0.266	-0.418248
0.267	-0.29934
0.268	-0.378718
0.269	-0.433231
0.27	-0.228569
0.271	-0.286907
0.272	-0.422074
0.273	-0.243233
0.274	-0.428449
0.275	0.54832
0.276	-0.184257
0.277	-0.1256
0.278	0.446627
0.279	-0.353215
0.28	0.626742
0.281	0.065355
0.282	0.619091
0.283	-0.070768
0.284	-0.226337
0.285	0.277668
0.286	0.007335
0.287	0.230806
0.288	0.216461
0.289	0.20881
0.29	0.323255
0.291	-0.055147
0.292	0.169599
0.293	0.230488
0.294	0.239095
0.295	-0.23622
0.296	0.040489
0.297	-0.120499
0.298	-0.445983
0.299	-0.293283
0.3	-0.242914
0.301	-0.250565
0.302	-0.598364
0.303	-0.388601
0.304	-0.395933
0.305	-0.137076
0.306	-0.87316
0.307	-0.213267
0.308	0.095959
0.309	0.769879
0.31	0.06663
0.311	0.033157
0.312	0.18235
0.313	0.146965
0.314	0.361829
0.315	0.524411
0.316	0.291057
0.317	0.416023
0.318	-0.190314
0.319	0.027419
0.32	-0.012111
0.321	-0.13867
0.322	0.109348
0.323	0.49317
0.324	0.246746
0.325	0.05611
0.326	0.009248
0.327	0.418892
0.328	0.264917
0.329	-0.200834
0.33	0.343658
0.331	-0.08607
0.332	-0.314642
0.333	-0.280531
0.334	0.075875
0.335	-0.277025
0.336	-0.592944
0.337	-0.409322
0.338	-0.473399
0.339	-0.092127
0.34	-0.386369
0.341	0.080657
0.342	-0.679974
0.343	0.080976
0.344	-0.150784
0.345	-0.458734
0.346	0.38255
0.347	-0.170549
0.348	0.409009
0.349	-0.04909
0.35	0.38255
0.351	0.275756
0.352	-0.061842
0.353	0.017855
0.354	0.039852
0.355	0.095321
0.356	0.294245
0.357	0.278306
0.358	0.275756
0.359	0.024231
0.36	0.181394
0.361	0.585937
0.362	0.061211
0.363	-0.395933
0.364	0.501777
0.365	-0.147277
0.366	-0.150146
0.367	-0.327712
0.368	-0.180113
0.369	-0.339507
0.37	-0.467342
0.371	-0.337594
0.372	-0.396252
0.373	-0.186807
0.374	-0.287863
0.375	-0.296152
0.376	-0.4836
0.377	-0.016574
0.378	-0.163536
0.379	-0.430362
0.38	0.412835
0.381	-0.114761
0.382	0.404546
0.383	0.032201
0.384	0.328993
0.385	0.256309
0.386	-0.119224
0.387	-0.07555
0.388	-0.063117
0.389	0.199884
0.39	0.06663
0.391	0.324849
0.392	0.100103
0.393	0.028375
0.394	0.241964
0.395	0.238776
0.396	0.317836
0.397	-0.063117
0.398	0.135488
0.399	-0.71249
0.4	0.045909
0.401	-0.065349
0.402	-0.278618
0.403	-0.459053
0.404	-0.490613
0.405	-0.625461
0.406	-0.190951
0.407	-0.24387
0.408	-0.365967
0.409	0.044952
0.41	0.387969
0.411	-0.409322
0.412	0.131025
0.413	-0.682205
0.414	0.474361
0.415	-0.216136
0.416	0.330269
0.417	0.084482
0.418	0.038577
0.419	0.215186
0.42	-0.182982
0.421	0.044315
0.422	0.047503
0.423	0.226025
0.424	0.285
0.425	0.196377
0.426	0.277987
0.427	-0.061204
0.428	0.318792
0.429	0.379681
0.43	0.417298
0.431	-0.484237
0.432	0.273843
0.433	-0.201472
0.434	-0.19127
0.435	-0.138033
0.436	-0.502408
0.437	-0.24132
0.438	-0.483919
0.439	-0.473717
0.44	-0.331219
0.441	-0.269692
0.442	-0.177562
0.443	0.088626
0.444	-0.153653
0.445	0.62738
0.446	0.30349
0.447	-0.20976
0.448	0.619729
0.449	-0.206253
0.45	0.551827
0.451	0.012117
0.452	0.181075
0.453	0.207216
0.454	-0.245464
0.455	-0.174056
0.456	0.143139
0.457	0.516441
0.458	-0.020718
0.459	-0.069174
0.46	0.193508
0.461	0.124331
0.462	0.173743
0.463	0.619729
0.464	-0.008285
0.465	-0.309222
0.466	0.602196
0.467	-0.787406
0.468	0.091814
0.469	-0.375212
0.47	-0.271286
0.471	-0.315279
0.472	-0.607609
0.473	-0.380312
0.474	-0.345564
0.475	-0.228887
0.476	-0.292645
0.477	0.313692
0.478	0.165773
0.479	0.274162
0.48	0.206897
0.481	-0.50974
0.482	0.614947
0.483	-0.237176
0.484	0.550871
0.485	-0.030601
0.486	0.215823
0.487	0.433875
0.488	-0.236538
0.489	0.084163
0.49	0.158122
0.491	0.087033
0.492	0.235269
0.493	0.000959
0.494	0.451408
0.495	-0.143133
0.496	0.293927
0.497	0.542901
0.498	0.184901
0.499	-0.533968
0.5	0.342064
0.501	-0.03347
0.502	-0.109023
0.503	-0.297746
0.504	-0.461922
0.505	-0.278618
0.506	-0.400396
0.507	-0.366604
0.508	-0.42303
0.509	-0.174374
0.51	-0.328668
0.511	-0.688581
0.512	-0.441838
0.513	0.576692
0.514	0.059617
0.515	-0.555965
0.516	0.679024
0.517	-0.3309
0.518	0.542582
0.519	0.012436
0.52	0.21678
0.521	0.410603
0.522	-0.163536
0.523	0.286594
0.524	0.067268
0.525	0.84065
0.526	-0.057379
0.527	0.175018
0.528	0.369161
0.529	0.063761
0.53	0.345889
0.531	0.371392
0.532	0.241964
0.533	-0.683162
0.534	0.238776
0.535	-0.063117
0.536	-0.039845
0.537	-0.226975
0.538	-0.431637
0.539	-0.309222
0.54	-0.499539
0.541	-0.292326
0.542	-0.320061
0.543	-0.192227
0.544	-0.273837
0.545	0.259179
0.546	-0.244827
0.547	0.424311
0.548	-0.080013
0.549	-0.837774
0.55	0.615266
0.551	-0.340145
0.552	0.502733
0.553	0.042083
0.554	0.25089
0.555	0.597733
0.556	-0.081288
0.557	-0.008604
0.558	0.054197
0.559	0.563622
0.56	-0.015618
0.561	0.20084
0.562	0.304765
0.563	0.24834
0.564	0.063123
0.565	0.532381
0.566	0.127519
0.567	-0.492207
0.568	0.498589
0.569	-0.192864
0.57	0.046228
0.571	-0.392107
0.572	-0.39402
0.573	-0.203065
0.574	-0.478818
0.575	-0.346202
0.576	-0.41251
0.577	-0.324843
0.578	-0.219324
0.579	-0.14919
0.58	-0.102966
0.581	0.009567
0.582	0.302853
0.583	-0.554371
0.584	0.749157
0.585	-0.185851
0.586	0.455234
0.587	0.141227
0.588	0.13517
0.589	0.389244
0.59	-0.282125
0.591	0.119549
0.592	0.068224
0.593	0.194146
0.594	0.15079
0.595	0.188726
0.596	0.225068
0.597	0.138039
0.598	0.227937
0.599	0.29839
0.6	0.22985
0.601	-0.206253
0.602	0.01148
0.603	0.131344
0.604	-0.09659
0.605	-0.387007
0.606	-0.403903
0.607	-0.227612
0.608	-0.499539
0.609	-0.411553
0.61	-0.450127
0.611	-0.293602
0.612	-0.196052
0.613	-0.93118
0.614	0.562666
0.615	-0.031557
0.616	0.723973
0.617	-0.29934
0.618	0.118593
0.619	0.036345
0.62	0.44312
0.621	0.351309
0.622	0.163542
0.623	0.34302
0.624	0.061848
0.625	-0.247696
0.626	0.204028
0.627	-0.014024
0.628	-0.077463
0.629	0.164179
0.63	0.327718
0.631	0.13517
0.632	0.244514
0.633	0.142183
0.634	0.309866
0.635	0.127519
0.636	0.117636
0.637	-0.146002
0.638	-0.269374
0.639	-0.566485
0.64	-0.139626
0.641	-0.08607
0.642	-0.441838
0.643	-0.367242
0.644	-0.642357
0.645	-0.196052
0.646	-0.239089
0.647	-0.658296
0.648	0.654796
0.649	-1.28631
0.65	0.547045
0.651	-0.187764
0.652	0.285638
0.653	0.357047
0.654	0.265873
0.655	0.348121
0.656	0.128475
0.657	0.542582
0.658	-0.061204
0.659	-0.310816
0.66	0.163223
0.661	0.280856
0.662	0.049415
0.663	0.35896
0.664	0.322618
0.665	0.203391
0.666	3.128e-06
0.667	0.172787
0.668	0.364698
0.669	0.271611
0.67	-0.443432
0.671	0.35354
0.672	-0.39402
0.673	-0.450127
0.674	-0.287545
0.675	-0.484875
0.676	-0.368198
0.677	-0.536519
0.678	-0.406134
0.679	-0.355765
0.68	-0.177244
0.681	-0.321336
0.682	-0.18075
0.683	-0.947438
0.684	0.146327
0.685	-0.441838
0.686	-0.2308
0.687	0.323574
0.688	0.015624
0.689	0.340789
0.69	0.233675
0.691	0.721104
0.692	0.144415
0.693	0.057066
0.694	-0.065986
0.695	0.09564
0.696	0.450133
0.697	0.588806
0.698	0.297114
0.699	0.181075
0.7	0.083207
0.701	0.070455
0.702	0.570954
0.703	0.136445
0.704	-0.145046
0.705	0.286913
0.706	-0.161304
0.707	-0.156841
0.708	-0.458734
0.709	-0.291051
0.71	-0.35449
0.711	-0.384456
0.712	-0.505596
0.713	-0.328668
0.714	-0.085751
0.715	-0.32038
0.716	-0.079375
0.717	0.412516
0.718	-0.095952
0.719	0.153659
0.72	-0.497308
0.721	0.584025
0.722	-0.289138
0.723	0.569998
0.724	0.234313
0.725	0.119549
0.726	0.241008
0.727	-0.082563
0.728	0.108073
0.729	0.065036
0.73	0.068862
0.731	0.2273
0.732	0.322618
0.733	0.106479
0.734	0.055791
0.735	0.236226
0.736	0.41411
0.737	0.311779
0.738	-0.393064
0.739	0.241326
0.74	-0.13867
0.741	-0.127512
0.742	-0.38605
0.743	-0.421436
0.744	-0.186488
0.745	-0.604102
0.746	-0.355128
0.747	-0.336638
0.748	-0.336638
0.749	-0.179794
0.75	-0.773379
0.751	0.725886
0.752	-0.985055
0.753	0.537163
0.754	-0.216136
0.755	0.293927
0.756	-0.263317
0.757	0.487113
0.758	0.418573
0.759	0.144733
0.76	0.431325
0.761	-0.438969
0.762	0.168324
0.763	0.047503
0.764	0.11126
0.765	0.347483
0.766	0.114767
0.767	0.334732
0.768	-0.131657
0.769	0.489982
0.77	0.10074
0.771	0.076194
0.772	-0.099459
0.773	0.351627
0.774	0.035389
0.775	-0.013386
0.776	-0.324205
0.777	-0.135801
0.778	-0.422711
0.779	-0.579555
0.78	-0.336638
0.781	-0.442476
0.782	-0.358953
0.783	-0.118905
0.784	-0.436419
0.785	-0.564253
0.786	-0.547358
0.787	0.246746
0.788	-0.342057
0.789	0.233357
0.79	0.054197
0.791	0.225706
0.792	0.401358
0.793	0.168005
0.794	0.605383
0.795	-0.533331
0.796	0.050053
0.797	0.270017
0.798	0.027419
0.799	0.098509
0.8	0.051966
0.801	0.281494
0.802	0.206578
0.803	0.354815
0.804	0.211998
0.805	0.173424
0.806	-0.041121
0.807	0.117636
0.808	-0.045902
0.809	-0.084476
0.81	-0.26236
0.811	-0.263317
0.812	-0.358316
0.813	-0.267461
0.814	-0.400715
0.815	-0.540025
0.816	-0.16768
0.817	-0.327074
0.818	0.10361
0.819	-1.13297
0.82	0.240051
0.821	-0.274474
0.822	-0.868059
0.823	0.577968
0.824	-0.298383
0.825	0.452046
0.826	0.05356
0.827	0.342064
0.828	0.445033
0.829	-0.073637
0.83	-0.121774
0.831	0.101378
0.832	0.133576
0.833	0.05866
0.834	0.19574
0.835	0.438657
0.836	-0.018805
0.837	0.142183
0.838	0.341745
0.839	0.332181
0.84	-0.234944
0.841	0.087033
0.842	0.001278
0.843	-0.116036
0.844	-0.296789
0.845	-0.063755
0.846	-0.36501
0.847	-0.307947
0.848	-0.541938
0.849	-0.362779
0.85	-0.286588
0.851	-0.319742
0.852	-0.268417
0.853	0.71696
0.854	-0.144408
0.855	0.489025
0.856	-0.082563
0.857	-0.245146
0.858	0.481056
0.859	-0.352259
0.86	0.447264
0.861	-0.09914
0.862	0.343658
0.863	-0.221236
0.864	0.162586
0.865	0.231444
0.866	0.123374
0.867	0.216142
0.868	0.396258
0.869	0.074919
0.87	0.169918
0.871	0.25886
0.872	0.172468
0.873	0.250571
0.874	-0.095952
0.875	-0.03602
0.876	0.113811
0.877	-0.303484
0.878	-0.173418
0.879	-0.387326
0.88	-0.283082
0.881	-0.237176
0.882	-0.686668
0.883	-0.420161
0.884	-0.320699
0.885	0.015305
0.886	-0.474992
0.887	0.333775
0.888	-0.761265
0.889	0.246746
0.89	-0.106154
0.891	0.308272
0.892	0.244514
0.893	0.303171
0.894	0.507834
0.895	0.224749
0.896	0.625786
0.897	-0.267142
0.898	0.116042
0.899	0.315604
0.9	-0.085751
0.901	0.153341
0.902	0.049097
0.903	0.355772
0.904	0.107116
0.905	0.391476
0.906	0.323255
0.907	-0.035382
0.908	-0.15971
0.909	0.235269
0.91	0.115724
0.911	-0.264273
0.912	-0.343014
0.913	-0.296471
0.914	-0.369792
0.915	-0.396889
0.916	-0.546401
0.917	-0.327712
0.918	-0.260129
0.919	-0.240364
0.92	-0.122731
0.921	1.04372
0.922	0.563303
0.923	0.610803
0.924	0.601239
0.925	-0.085114
0.926	0.51421
0.927	0.080976
0.928	0.505602
0.929	0.16131
0.93	0.180756
0.931	-0.107748
0.932	-0.03857
0.933	0.299346
0.934	0.027419
0.935	0.180438
0.936	-0.080013
0.937	0.301896
0.938	0.141545
0.939	0.142183
0.94	0.314967
0.941	0.13517
0.942	0.066949
0.943	-0.002228
0.944	0.19574
0.945	-0.514204
0.946	-0.126556
0.947	-0.308266
0.948	-0.44407
0.949	-0.264911
0.95	-0.591032
0.951	-0.179475
0.952	-0.131657
0.953	-0.185213
0.954	-0.301252
0.955	-0.561066
0.956	0.066311
0.957	0.048459
0.958	0.720785
0.959	0.247065
0.96	0.176612
0.961	0.172468
0.962	0.16131
0.963	0.245471
0.964	0.364698
0.965	0.317836
0.966	-0.185213
0.967	0.11126
0.968	-0.011473
0.969	0.062486
0.97	0.230488
0.971	0.176612
0.972	0.33505
0.973	0.101697
0.974	0.303809
0.975	0.080019
0.976	-0.197008
0.977	0.2273
0.978	-0.039845
0.979	0.116042
0.98	-0.331537
0.981	-0.497627
0.982	-0.477224
0.983	-0.438651
0.984	-0.321655
0.985	-0.421436
0.986	-0.160667
0.987	-0.290095
0.988	-0.386369
0.989	0.038895
0.99	0.525367
0.991	-0.095634
0.992	0.606977
0.993	-0.013067
0.994	0.146646
0.995	0.30349
0.996	0.186176
0.997	0.395939
0.998	0.151109
0.999	0.19287
1	0.005423
1.001	-0.133888
1.002	0.192233
1.003	0.056429
1.004	0.26938
1.005	0.185538
1.006	0.212317
1.007	0.20084
1.008	0.360872
1.009	-0.035382
1.01	-0.052597
1.011	0.254716
1.012	0.052285
1.013	0.184263
1.014	-0.121455
1.015	-0.723648
1.016	-0.326437
1.017	-0.493801
1.018	-0.484237
1.019	-0.002866
1.02	-0.275112
1.021	-0.376805
1.022	-0.284675
1.023	-0.32293
1.024	-0.444389
1.025	-0.520261
1.026	1.14414
1.027	0.281813
1.028	0.196377
1.029	0.205622
1.03	-0.207847
1.031	0.716641
1.032	0.034751
1.033	0.518673
1.034	-0.178838
1.035	-0.000634
1.036	0.131025
1.037	0.070137
1.038	0.379681
1.039	0.10074
1.04	0.256628
1.041	0.076194
1.042	0.426224
1.043	0.093408
1.044	0.001278
1.045	0.14027
1.046	0.10361
1.047	-0.090214
1.048	-0.400077
1.049	-0.629924
1.05	-0.499858
1.051	-0.368836
1.052	-0.464791
1.053	-0.331856
1.054	-0.267142
1.055	-0.293283
1.056	-0.292964
1.057	-0.951582
1.058	0.19574
1.059	-0.100415
1.06	0.891656
1.061	0.302534
1.062	0.333456
1.063	0.065355
1.064	-0.227293
1.065	0.539394
1.066	0.038258
1.067	0.471811
1.068	-0.184257
1.069	-0.003504
1.07	0.217098
1.071	-0.055147
1.072	0.360235
1.073	-0.024544
1.074	0.299665
1.075	0.162904
1.076	0.296477
1.077	0.172787
1.078	0.091496
1.079	0.102653
1.08	0.077469
1.081	0.24292
1.082	-0.305716
1.083	-0.470529
1.084	-0.356084
1.085	-0.39402
1.086	-0.518029
1.087	-0.120818
1.088	-0.343333
1.089	-0.25981
1.09	-0.22028
1.091	-0.275431
1.092	-0.997488
1.093	-0.871885
1.094	0.68253
1.095	-0.069812
1.096	0.192552
1.097	0.36406
1.098	-0.29392
1.099	0.626424
1.1	-0.087983
1.101	0.305084
1.102	-0.296152
1.103	0.029969
1.104	0.156847
1.105	-0.125919
1.106	0.486794
1.107	-0.047496
1.108	0.258541
1.109	0.007654
1.11	0.272887
1.111	0.308591
1.112	0.08512
1.113	0.151428
1.114	0.104566
1.115	0.719829
1.116	-0.405178
1.117	-0.146959
1.118	-0.266186
1.119	-0.135801
1.12	-0.627692
1.121	-0.492207
1.122	-0.292645
1.123	-0.362141
1.124	-0.087026
1.125	-0.288182
1.126	-0.40454
1.127	-0.481687
1.128	0.288826
1.129	-0.350984
1.13	-0.034107
1.131	0.373624
1.132	-0.292008
1.133	0.548958
1.134	0.076512
1.135	0.338876
1.136	-0.049728
1.137	-0.088939
1.138	0.245471
1.139	-0.075231
1.14	0.260773
1.141	-0.041439
1.142	0.225706
1.143	0.191595
1.144	0.143777
1.145	0.37458
1.146	-0.074593
1.147	-0.035064
1.148	0.255672
1.149	0.191277
1.15	0.142183
1.151	-0.479137
1.152	-0.382225
1.153	-0.398802
1.154	-0.537794
1.155	-0.340464
1.156	-0.320061
1.157	-0.270649
1.158	-0.303165
1.159	-0.364373
1.16	-0.37043
1.161	-0.021675
1.162	0.478824
1.163	0.201159
1.164	0.084163
1.165	0.602196
1.166	-0.199559
1.167	0.481375
1.168	-0.003504
1.169	0.223793
1.17	-0.047178
1.171	-0.055466
1.172	0.142183
1.173	0.009886
1.174	0.278944
1.175	0.042083
1.176	0.194146
1.177	0.170874
1.178	0.257903
1.179	0.280856
1.18	0.040489
1.181	0.148878
1.182	0.079382
1.183	0.0746
1.184	-0.188401
1.185	-0.113167
1.186	-0.378718
1.187	-0.357678
1.188	-0.45204
1.189	-0.629605
1.19	-0.245146
1.191	-0.282763
1.192	-0.330262
1.193	-0.381269
1.194	-0.357041
1.195	-0.370748
1.196	0.089583
1.197	-0.113486
1.198	0.218055
1.199	0.300621
1.2	-0.111254
1.201	0.403909
1.202	0.146327
1.203	0.317517
1.204	-0.002547
1.205	0.081932
1.206	0.099784
1.207	-0.122412
1.208	0.069818
1.209	0.09022
1.21	0.398489
1.211	0.143777
1.212	0.335369
1.213	0.339195
1.214	0.157166
1.215	-0.085114
1.216	0.218692
1.217	-0.045265
1.218	-0.708346
1.219	-0.048453
1.22	-0.141539
1.221	-0.466066
1.222	-0.394976
1.223	-0.530462
1.224	-0.409003
1.225	-0.215179
1.226	-0.271605
1.227	-0.405178
1.228	-0.292964
1.229	-0.074593
1.23	0.704846
1.231	0.08767
1.232	0.115724
1.233	0.210723
1.234	-0.019762
1.235	0.481056
1.236	0.205303
1.237	0.262048
1.238	0.0271
1.239	-0.101691
1.24	0.037939
1.241	0.053878
1.242	-0.011473
1.243	0.018812
1.244	0.416342
1.245	0.090858
1.246	0.196377
1.247	0.27448
1.248	0.15876
1.249	0.058979
1.25	0.123693
1.251	-0.069174
1.252	-0.065349
1.253	-0.299659
1.254	-0.124962
1.255	-0.336957
1.256	-0.360547
1.257	-0.447895
1.258	-0.464154
1.259	-0.23622
1.26	-0.241001
1.261	-0.394339
1.262	-0.330581
1.263	-0.583381
1.264	0.488388
1.265	-0.250565
1.266	0.28787
1.267	0.161629
1.268	-0.055785
1.269	0.479143
1.27	0.106479
1.271	0.459697
1.272	0.255034
1.273	-0.045265
1.274	0.058342
1.275	0.136126
1.276	0.091177
1.277	0.14569
1.278	0.382869
1.279	0.036983
1.28	0.401677
1.281	0.146965
1.282	0.120505
1.283	0.084163
1.284	-0.03347
1.285	0.043677
1.286	-0.367561
1.287	-0.372661
1.288	-0.156522
1.289	-0.461603
1.29	-0.34142
1.291	-0.456184
1.292	-0.586569
1.293	-0.182663
1.294	-0.272561
1.295	-0.50719
1.296	0.218055
1.297	-0.026775
1.298	0.772748
1.299	-0.115717
1.3	0.110623
1.301	0.050372
1.302	0.400402
1.303	0.321342
1.304	0.216461
1.305	0.180119
1.306	0.231125
1.307	0.046546
1.308	-0.015299
1.309	0.125287
1.31	-0.192545
1.311	0.019768
1.312	0.38255
1.313	0.013711
1.314	0.177569
1.315	0.285319
1.316	0.054516
1.317	0.095321
1.318	0.344933
1.319	0.072049
1.32	0.042083
1.321	-0.344927
1.322	-0.117311
1.323	-0.379037
1.324	-0.381906
1.325	-0.505915
1.326	-0.509422
1.327	-0.471486
1.328	-0.189676
1.329	-0.258535
1.33	-0.797926
1.331	-0.689856
1.332	0.365654
1.333	-0.264592
1.334	0.110623
1.335	0.337919
1.336	-0.203065
1.337	0.505921
1.338	0.041764
1.339	0.504646
1.34	-0.048134
1.341	-0.148871
1.342	0.202115
1.343	0.072049
1.344	0.32995
1.345	0.297752
1.346	0.119868
1.347	0.196696
1.348	-0.030601
1.349	0.628336
1.35	0.239095
1.351	-0.124643
1.352	-0.17565
1.353	0.102016
1.354	-0.056104
1.355	-0.41251
1.356	-0.462879
1.357	-0.191589
1.358	-0.252478
1.359	-0.585931
1.36	-0.374574
1.361	-0.355128
1.362	-0.117311
1.363	-0.405496
1.364	0.417617
1.365	0.707396
1.366	0.691138
1.367	-0.166086
1.368	0.314967
1.369	0.248021
1.37	0.111579
1.371	0.32453
1.372	0.075556
1.373	0.247065
1.374	0.015305
1.375	-0.206253
1.376	0.086076
1.377	-0.050047
1.378	0.040171
1.379	0.161948
1.38	0.368523
1.381	0.319748
1.382	0.009567
1.383	0.330906
1.384	0.368842
1.385	0.036664
1.386	0.058342
1.387	0.076512
1.388	-0.082882
1.389	-0.253434
1.39	-0.498583
1.391	-0.268098
1.392	-0.576049
1.393	-0.419204
1.394	-0.413785
1.395	-0.332175
1.396	-0.274474
1.397	-0.302209
1.398	-0.433869
1.399	-0.832674
1.4	-0.190951
1.401	-0.099459
1.402	-0.234944
1.403	0.294883
1.404	-0.06758
1.405	0.270655
1.406	0.030607
1.407	0.324212
1.408	0.188407
1.409	-0.012748
1.41	0.018812
1.411	0.05356
1.412	0.106797
1.413	0.333456
1.414	0.348758
1.415	0.207535
1.416	-0.025181
1.417	0.133576
1.418	0.26938
1.419	0.045909
1.42	-0.057698
1.421	0.2273
1.422	0.143777
1.423	-0.163217
1.424	-0.42813
1.425	-0.093083
1.426	-0.450446
1.427	-0.488063
1.428	-0.453634
1.429	-0.25439
1.43	-0.204978
1.431	-0.316236
1.432	0.099465
1.433	0.304447
1.434	-0.826617
1.435	0.344933
1.436	-0.147915
1.437	0.273843
1.438	-0.076825
1.439	0.201797
1.44	0.392751
1.441	0.15876
1.442	0.192233
1.443	-0.073637
1.444	-0.132294
1.445	-0.051003
1.446	0.184582
1.447	0.124968
1.448	0.26683
1.449	0.315285
1.45	-0.051641
1.451	0.429093
1.452	0.252484
1.453	0.168961
1.454	-0.005416
1.455	0.25886
1.456	-0.669135
1.457	0.220605
1.458	-0.226018
1.459	-0.312091
1.46	-0.3309
1.461	-0.415379
1.462	-0.582106
1.463	-0.286269
1.464	-0.29934
1.465	-0.237176
1.466	0.065036
1.467	0.633437
1.468	-0.51261
1.469	0.537163
1.47	-0.065667
1.471	0.302534
1.472	0.204666
1.473	0.181394
1.474	0.402315
1.475	0.271293
1.476	0.313054
1.477	-0.072362
1.478	-0.135801
1.479	0.146327
1.48	0.201797
1.481	-0.082563
1.482	0.131025
1.483	0.231444
1.484	0.152384
1.485	0.157166
1.486	0.299665
1.487	0.238776
1.488	-0.182663
1.489	0.34047
1.49	-0.25726
1.491	-0.19127
1.492	-0.070768
1.493	-0.360547
1.494	-0.357359
1.495	-0.471805
1.496	-0.527274
1.497	-0.348114
1.498	-0.175331
1.499	-0.296471
1.5	-0.400396
1.501	-0.570948
1.502	0.3325
1.503	0.005741
1.504	-0.18075
1.505	0.25089
1.506	-0.138989
1.507	0.334094
1.508	0.072049
1.509	0.230169
1.51	0.317517
1.511	0.039852
1.512	-0.134207
1.513	-0.031557
1.514	0.156529
1.515	0.344295
1.516	-0.064392
1.517	0.410922
1.518	-0.05961
1.519	-0.082563
1.52	0.018493
1.521	0.438019
1.522	-0.116674
1.523	0.317198
1.524	-0.16768
1.525	-0.133569
1.526	-0.606652
1.527	-0.241001
1.528	-0.292645
1.529	-0.46256
1.53	-0.306991
1.531	-0.35449
1.532	-0.180431
1.533	-0.335363
1.534	-0.03602
1.535	0.154616
1.536	-0.174374
1.537	0.277987
1.538	-0.582106
1.539	0.587212
1.54	-0.11763
1.541	0.172787
1.542	0.127838
1.543	-0.044627
1.544	0.417298
1.545	-0.108066
1.546	-0.153653
1.547	0.122099
1.548	0.437382
1.549	0.092771
1.55	0.201797
1.551	0.403271
1.552	-0.156841
1.553	0.271293
1.554	0.071093
1.555	-0.18872
1.556	0.253759
1.557	-0.216455
1.558	-0.093402
1.559	-0.555327
1.56	-0.43355
1.561	-0.155885
1.562	-0.412829
1.563	-0.105835
1.564	-0.44407
1.565	-0.451721
1.566	-0.240364
1.567	-0.35991
1.568	-0.614622
1.569	-0.195096
1.57	0.453002
1.571	-0.131657
1.572	-0.03857
1.573	0.336963
1.574	-0.002228
1.575	0.382869
1.576	0.270974
1.577	0.521861
1.578	0.257585
1.579	-0.082882
1.58	-0.142177
1.581	-0.087983
1.582	0.361191
1.583	-0.203703
1.584	0.18522
1.585	0.141864
1.586	0.199884
1.587	-0.091171
1.588	0.333456
1.589	0.132619
1.59	-0.036976
1.591	0.215504
1.592	0.073643
1.593	-0.401352
1.594	-0.178519
1.595	-0.322293
1.596	-0.180113
1.597	-0.318786
1.598	-0.520579
1.599	-0.450446
1.6	-0.355447
1.601	-0.213904
1.602	0.0271
1.603	0.340151
1.604	-0.126556
1.605	0.445351
1.606	-0.361822
1.607	0.506878
1.608	0.020724
1.609	0.080338
1.61	0.18777
1.611	-0.124643
1.612	0.668504
1.613	-0.444708
1.614	0.255353
1.615	-0.075231
1.616	0.15876
1.617	0.149834
1.618	0.146327
1.619	0.256309
1.62	0.007016
1.621	0.165773
1.622	0.26683
1.623	0.337282
1.624	0.012755
1.625	-0.122093
1.626	0.307953
1.627	-0.428768
1.628	-0.408047
1.629	-0.331537
1.63	-0.412191
1.631	-0.213904
1.632	-0.484875
1.633	-0.292964
1.634	-0.283082
1.635	-0.187126
1.636	-0.173418
1.637	-0.064392
1.638	0.044952
1.639	0.484562
1.64	-0.143452
1.641	0.154297
1.642	-0.194458
1.643	0.230806
1.644	0.222199
1.645	0.260454
1.646	0.316879
1.647	-0.215179
1.648	-0.006054
1.649	0.064399
1.65	0.204347
1.651	0.171512
1.652	0.086714
1.653	0.278625
1.654	0.201797
1.655	0.174062
1.656	0.398171
1.657	-0.002547
1.658	-0.336638
1.659	0.465116
1.66	-0.226975
1.661	0.323574
1.662	-0.140902
1.663	-0.189676
1.664	-0.258216
1.665	-0.418886
1.666	-0.390195
1.667	-0.322611
1.668	-0.226656
1.669	-0.170868
1.67	-0.476905
1.671	0.231125
1.672	-0.242277
1.673	0.55629
1.674	-0.443114
1.675	0.419848
1.676	-0.197008
1.677	0.313054
1.678	0.356728
1.679	0.165455
1.68	0.342064
1.681	0.081613
1.682	-0.06248
1.683	0.012755
1.684	0.068224
1.685	-0.029963
1.686	0.108073
1.687	0.549277
1.688	-0.081607
1.689	0.350033
1.69	-0.015299
1.691	0.373943
1.692	-0.011792
1.693	0.079063
1.694	-0.106791
1.695	-0.268736
1.696	-0.064711
1.697	-0.498264
1.698	-0.183938
1.699	-0.411872
1.7	-0.399439
1.701	-0.205616
1.702	-0.331856
1.703	-0.306034
1.704	-0.194139
1.705	-0.452677
1.706	-0.512928
1.707	0.070137
1.708	0.344933
1.709	-0.192227
1.71	0.383188
1.711	0.015305
1.712	0.304765
1.713	0.342383
1.714	0.071412
1.715	0.166092
1.716	0.007654
1.717	-0.02295
1.718	0.2324
1.719	0.083845
1.72	0.431006
1.721	0.220605
1.722	0.20881
1.723	0.146327
1.724	0.123693
1.725	0.113173
1.726	-0.031557
1.727	0.011798
1.728	0.182988
1.729	-0.423986
1.73	-0.320061
1.731	-0.066305
1.732	-0.473399
1.733	-0.132932
1.734	-0.273837
1.735	-0.319423
1.736	-0.179475
1.737	-0.297108
1.738	-0.258216
1.739	0.083207
1.74	0.133895
1.741	0.309866
1.742	-0.152697
1.743	0.240051
1.744	0.131982
1.745	-0.026456
1.746	0.348758
1.747	0.159079
1.748	0.269699
1.749	0.209129
1.75	0.044634
1.751	-0.073956
1.752	-0.129425
1.753	0.159716
1.754	0.157804
1.755	0.264279
1.756	0.201797
1.757	0.228575
1.758	0.405822
1.759	0.141864
1.76	0.069818
1.761	0.029013
1.762	0.085757
1.763	-0.276706
1.764	-0.365967
1.765	-0.244189
1.766	-0.485194
1.767	-0.224743
1.768	-0.299021
1.769	-0.478818
1.77	-0.239089
1.771	-0.332813
1.772	-0.185851
1.773	0.397214
1.774	-0.179794
1.775	0.29839
1.776	0.150472
1.777	-0.060886
1.778	0.365335
1.779	0.025825
1.78	0.298708
1.781	0.14824
1.782	0.183944
1.783	0.24292
1.784	0.026781
1.785	-0.248971
1.786	-0.009561
1.787	0.02455
1.788	0.146965
1.789	0.397852
1.79	0.074281
1.791	0.270974
1.792	0.207216
1.793	0.211041
1.794	0.174381
1.795	0.059935
1.796	0.130388
1.797	-0.238451
1.798	-0.049728
1.799	-0.246102
1.8	-0.364054
1.801	-0.263954
1.802	-0.505915
1.803	-0.461922
1.804	-0.375849
1.805	-0.256622
1.806	-0.280531
1.807	0.414748
1.808	-0.202747
1.809	0.414429
1.81	0.161629
1.811	-0.005735
1.812	0.309866
1.813	0.022637
1.814	0.241645
1.815	0.258541
1.816	0.281813
1.817	0.290739
1.818	-0.053872
1.819	-0.218686
1.82	0.104247
1.821	0.429731
1.822	0.120824
1.823	0.19032
1.824	0.074281
1.825	0.256947
1.826	0.519948
1.827	-0.082882
1.828	0.10074
1.829	0.0271
1.83	-0.076187
1.831	0.45619
1.832	-0.420798
1.833	-0.152059
1.834	-0.333131
1.835	-0.547039
1.836	-0.528868
1.837	-0.460009
1.838	-0.321974
1.839	-0.241639
1.84	-0.289776
1.841	-0.110298
1.842	0.540669
1.843	-0.332494
1.844	0.232082
1.845	-0.50209
1.846	0.264598
1.847	0.04814
1.848	0.085439
1.849	0.449177
1.85	-0.019443
1.851	0.322618
1.852	-0.117949
1.853	-0.134845
1.854	0.158122
1.855	-0.055785
1.856	0.423674
1.857	0.162267
1.858	0.264917
1.859	-0.029007
1.86	0.307316
1.861	0.341426
1.862	-0.175331
1.863	0.0797
1.864	0.207854
1.865	0.718872
1.866	-0.104878
1.867	-0.093402
1.868	-0.59422
1.869	-0.343651
1.87	-0.373618
1.871	-0.571586
1.872	-0.250246
1.873	-0.344289
1.874	-0.306034
1.875	0.081932
1.876	-0.066624
1.877	0.458422
1.878	-0.259491
1.879	0.098828
1.88	0.206578
1.881	0.018174
1.882	0.384781
1.883	0.280219
1.884	0.06408
1.885	0.113811
1.886	-0.099459
1.887	-0.156841
1.888	-0.023268
1.889	0.205303
1.89	-0.104241
1.891	0.31401
1.892	0.217098
1.893	0.056429
1.894	0.089264
1.895	0.020087
1.896	0.165455
1.897	-0.108704
1.898	0.201797
1.899	-0.282444
1.9	-0.136757
1.901	-0.207529
1.902	-0.234307
1.903	-0.622911
1.904	-0.380312
1.905	-0.402946
1.906	-0.388282
1.907	-0.117311
1.908	-0.355447
1.909	0.279581
1.91	-0.229844
1.911	-0.036339
1.912	0.128794
1.913	-0.320699
1.914	0.365017
1.915	-0.015936
1.916	0.360872
1.917	0.30349
1.918	0.247383
1.919	0.301896
1.92	0.018493
1.921	-0.086707
1.922	0.041127
1.923	0.025825
1.924	0.126244
1.925	0.220924
1.926	0.294564
1.927	0.100422
1.928	0.22985
1.929	0.399765
1.93	0.188089
1.931	-0.134207
1.932	0.411879
1.933	-0.123368
1.934	-0.067261
1.935	-0.486788
1.936	-0.039208
1.937	-0.37553
1.938	-0.422392
1.939	-0.414741
1.94	-0.50719
1.941	-0.245464
1.942	-0.307947
1.943	-0.780711
1.944	0.211041
1.945	-0.24674
1.946	0.372667
1.947	-0.198602
1.948	0.31146
1.949	-0.045584
1.95	0.312098
1.951	0.377768
1.952	0.342064
1.953	0.1747
1.954	-0.129425
1.955	-0.117311
1.956	0.11126
1.957	0.075556
1.958	0.137401
1.959	0.0271
1.96	0.300302
1.961	0.071412
1.962	0.298071
1.963	0.469898
1.964	0.093727
1.965	-0.100415
1.966	0.385419
1.967	-0.303165
1.968	-0.477862
1.969	-0.121137
1.97	-0.375212
1.971	-0.406772
1.972	-0.437375
1.973	-0.476268
1.974	-0.361504
1.975	-0.202747
1.976	-0.249927
1.977	-0.70994
1.978	1.0281
1.979	-0.847019
1.98	0.434513
1.981	-0.31783
1.982	0.744694
1.983	-0.040483
1.984	0.182988
1.985	0.336326
1.986	0.1272
1.987	0.400083
1.988	-0.146321
1.989	-0.012748
1.99	0.118593
1.991	-0.038889
1.992	0.125925
1.993	-0.040164
1.994	0.369161
1.995	0.085439
1.996	0.362147
1.997	0.19032
1.998	0.194146
1.999	0.059298
2	0.059298
2.001	-0.010198
2.002	0.093408
2.003	-0.179475
2.004	-0.25981
2.005	-0.564572
2.006	-0.541938
2.007	-0.812909
2.008	-0.390195
2.009	-0.271286
2.01	-0.294558
2.011	-0.66244
2.012	0.075556
2.013	-0.368198
2.014	1.19578
2.015	0.173743
2.016	0.632799
2.017	-0.111892
2.018	0.11413
2.019	0.399446
2.02	0.040171
2.021	0.348121
2.022	-0.08352
2.023	-0.181069
2.024	0.129431
2.025	-0.082882
2.026	0.161948
2.027	0.065036
2.028	0.196058
2.029	0.238457
2.03	0.219011
2.031	0.201797
2.032	0.137401
2.033	-0.011154
2.034	0.131025
2.035	0.098828
2.036	-0.167042
2.037	-0.138989
2.038	-0.405178
2.039	-0.611753
2.04	-0.385732
2.041	-0.205935
2.042	-0.183619
2.043	-0.256622
2.044	-0.410597
2.045	-0.274793
2.046	-0.497308
2.047	-0.476586
2.048	0.509109
2.049	-0.238132
2.05	0.424311
2.051	0.08767
2.052	-0.008604
2.053	0.465435
2.054	0.117317
2.055	0.270655
2.056	-0.117949
2.057	0.004785
2.058	0.049415
2.059	-0.114442
2.06	0.085439
2.061	0.116042
2.062	0.041446
2.063	0.258222
2.064	0.220924
2.065	0.257585
2.066	0.2273
2.067	0.083526
2.068	0.053241
2.069	0.021043
2.07	0.145052
2.071	-0.371386
2.072	-0.227612
2.073	-0.305078
2.074	-0.463835
2.075	-0.553733
2.076	-0.145683
2.077	-0.300615
2.078	-0.347477
2.079	-0.503365
2.08	0.23782
2.081	-0.267461
2.082	0.970716
2.083	-0.024225
2.084	0.5853
2.085	-0.066305
2.086	0.107116
2.087	0.3325
2.088	0.231125
2.089	0.401677
2.09	0.027419
2.091	-0.102647
2.092	-0.029007
