0	0.676155
0.001	0.153978
0.002	0.252803
0.003	0.118911
0.004	0.378406
0.005	0.20881
0.006	-0.246421
0.007	0.105203
0.008	0.019768
0.009	0.352584
0.01	0.113811
0.011	0.464479
0.012	-0.225381
0.013	-0.043671
0.014	0.220605
0.015	-0.266823
0.016	0.264598
0.017	-0.058016
0.018	-0.110935
0.019	-0.162898
0.02	-0.610797
0.021	0.189683
0.022	-0.102966
0.023	-0.535244
0.024	-0.253753
0.025	0.010204
0.026	-0.225699
0.027	-0.011154
0.028	-0.224106
0.029	0.245152
0.03	0.235588
0.031	0.017855
0.032	0.465435
0.033	-0.057379
0.034	0.463204
0.035	0.027419
0.036	0.020087
0.037	-0.079375
0.038	0.233994
0.039	0.070137
0.04	-0.270968
0.041	0.160992
0.042	-0.262679
0.043	0.29839
0.044	0.329631
0.045	0.317198
0.046	-0.155566
0.047	-0.06758
0.048	0.142821
0.049	-0.21773
0.05	0.505921
0.051	-0.196052
0.052	-0.277025
0.053	-0.219961
0.054	-0.526955
0.055	-0.443114
0.056	-0.161304
0.057	-0.618766
0.058	-0.203703
0.059	-0.50719
0.06	-0.14409
0.061	0.349077
0.062	0.446945
0.063	-0.0255
0.064	0.112536
0.065	-0.110935
0.066	-0.163217
0.067	0.24834
0.068	0.432281
0.069	0.007016
0.07	0.070455
0.071	0.125287
0.072	0.35354
0.073	0.150153
0.074	-0.134207
0.075	0.422399
0.076	-0.153972
0.077	0.223793
0.078	0.394345
0.079	0.500821
0.08	-0.13867
0.081	-0.051641
0.082	0.26938
0.083	-0.12815
0.084	0.518035
0.085	-0.435144
0.086	-0.229525
0.087	-0.026775
0.088	-0.473717
0.089	-0.729067
0.09	-0.411872
0.091	-0.26236
0.092	-0.22283
0.093	-0.009242
0.094	0.109348
0.095	0.558203
0.096	0.06408
0.097	-0.063755
0.098	0.326762
0.099	0.239414
0.1	-0.162898
0.101	0.001916
0.102	0.419848
0.103	0.749795
0.104	0.206578
0.105	0.250571
0.106	-0.040802
0.107	0.010842
0.108	0.13517
0.109	-0.179794
0.11	0.201159
0.111	0.012436
0.112	0.490301
0.113	0.526324
0.114	-0.383819
0.115	0.141545
0.116	0.026144
0.117	0.078425
0.118	0.434194
0.119	-0.461285
0.12	-0.105197
0.121	-0.206572
0.122	-0.35991
0.123	-0.578918
0.124	-0.42303
0.125	-0.305397
0.126	-0.430043
0.127	-0.18872
0.128	-0.311135
0.129	-0.171824
0.13	-0.218686
0.131	-0.325162
0.132	0.710265
0.133	0.129431
0.134	0.359278
0.135	0.446945
0.136	-0.265229
0.137	1.18144
0.138	-0.155885
0.139	0.111579
0.14	0.093408
0.141	0.374261
0.142	-0.306034
0.143	-0.381269
0.144	0.379362
0.145	-0.154928
0.146	0.469261
0.147	0.358322
0.148	-0.160348
0.149	0.188407
0.15	0.049415
0.151	0.222199
0.152	0.305403
0.153	-0.321974
0.154	-0.47563
0.155	-0.067899
0.156	-0.853395
0.157	-0.50719
0.158	-0.518348
0.159	-0.623229
0.16	-0.000953
0.161	-0.474355
0.162	0.074919
0.163	-0.882086
0.164	-0.302209
0.165	-0.056423
0.166	0.189045
0.167	0.046546
0.168	0.069499
0.169	0.084482
0.17	0.251528
0.171	0.146646
0.172	0.404865
0.173	0.21136
0.174	-0.22028
0.175	0.005741
0.176	-0.20179
0.177	-0.112848
0.178	0.334094
0.179	-0.024225
0.18	0.322299
0.181	0.49572
0.182	-0.44407
0.183	0.242283
0.184	0.010523
0.185	-0.125281
0.186	0.615903
0.187	-0.774017
0.188	-0.204659
0.189	0.19574
0.19	-0.429406
0.191	-0.597089
0.192	-0.340464
0.193	-0.582424
0.194	-0.081607
0.195	-0.384456
0.196	-0.029325
0.197	-0.193821
0.198	0.202115
0.199	-0.029963
0.2	0.463522
0.201	0.636306
0.202	-0.036976
0.203	0.184263
0.204	-0.243552
0.205	0.772748
0.206	0.266511
0.207	0.193827
0.208	-0.116992
0.209	-0.014342
0.21	0.20626
0.211	-0.357041
0.212	0.102334
0.213	0.073962
0.214	0.489025
0.215	0.436106
0.216	-0.138351
0.217	0.051328
0.218	-0.16226
0.219	-0.03602
0.22	0.734174
0.221	-0.007967
0.222	-0.15174
0.223	-0.053235
0.224	-0.631199
0.225	-0.611753
0.226	-0.469892
0.227	-0.328987
0.228	-0.353215
0.229	-0.326118
0.23	0.057385
0.231	-0.006691
0.232	-0.618129
0.233	-0.400715
0.234	0.404228
0.235	0.019768
0.236	-0.061204
0.237	0.431006
0.238	-0.297108
0.239	1.31883
0.24	-0.509103
0.241	0.494445
0.242	0.133895
0.243	0.340151
0.244	0.33505
0.245	-0.157797
0.246	0.114767
0.247	0.1272
0.248	0.272568
0.249	0.373943
0.25	0.111579
0.251	-0.182663
0.252	-0.075869
0.253	0.188726
0.254	0.147921
0.255	-0.112211
0.256	0.27735
0.257	-0.18617
0.258	-1.02331
0.259	-0.448214
0.26	-0.266504
0.261	-0.357359
0.262	-0.112529
0.263	-0.350346
0.264	-0.049728
0.265	-0.413785
0.266	-0.219005
0.267	-0.226975
0.268	0.866153
0.269	-0.003504
0.27	-0.121137
0.271	0.49572
0.272	-0.402946
0.273	0.811321
0.274	-0.238132
0.275	0.104566
0.276	-0.076825
0.277	0.490938
0.278	-0.430043
0.279	-0.171187
0.28	0.24037
0.281	-0.455228
0.282	0.407734
0.283	0.297114
0.284	0.360872
0.285	-0.282125
0.286	0.304128
0.287	-0.183619
0.288	0.210085
0.289	0.224112
0.29	-0.460966
0.291	0.135807
0.292	-0.616216
0.293	-0.81259
0.294	-0.246421
0.295	-0.274793
0.296	-0.4361
0.297	-0.510059
0.298	0.07715
0.299	-0.040483
0.3	-0.274474
0.301	-0.827254
0.302	-0.123368
0.303	0.34047
0.304	-0.102966
0.305	0.802395
0.306	-0.729386
0.307	0.859777
0.308	0.007654
0.309	0.576692
0.31	-0.19669
0.311	0.17725
0.312	-0.080969
0.313	-0.397846
0.314	0.38
0.315	-0.232394
0.316	0.486475
0.317	0.578286
0.318	0.214867
0.319	-0.124643
0.32	-0.044946
0.321	-0.003822
0.322	0.086395
0.323	-0.14409
0.324	-0.129425
0.325	-0.348433
0.326	-0.306991
0.327	-0.516435
0.328	-0.417929
0.329	-0.767641
0.33	-0.24132
0.331	-0.585293
0.332	0.081932
0.333	-0.232075
0.334	0.297433
0.335	-0.079694
0.336	0.306359
0.337	0.155253
0.338	-0.259172
0.339	0.754895
0.34	0.062805
0.341	0.501458
0.342	0.076194
0.343	0.219968
0.344	0.105841
0.345	0.499545
0.346	-0.020718
0.347	-0.195733
0.348	0.112217
0.349	-0.155247
0.35	0.376493
0.351	0.517398
0.352	0.15876
0.353	-0.516754
0.354	0.34844
0.355	-0.164173
0.356	0.336007
0.357	-0.101053
0.358	-0.568398
0.359	0.071731
0.36	-0.3309
0.361	-0.662759
0.362	-0.781349
0.363	-0.376805
0.364	-0.603464
0.365	-0.207847
0.366	0.232719
0.367	-0.038889
0.368	0.220605
0.369	0.156529
0.37	0.029013
0.371	0.403271
0.372	-0.212629
0.373	-0.003185
0.374	-0.576049
0.375	0.648101
0.376	-0.133569
0.377	0.304128
0.378	0.11413
0.379	-0.106791
0.38	0.471811
0.381	-0.318786
0.382	0.404865
0.383	-0.22825
0.384	0.273205
0.385	0.233038
0.386	0.635031
0.387	-0.063436
0.388	0.391476
0.389	-0.004141
0.39	0.009248
0.391	0.17183
0.392	-0.172781
0.393	-0.011154
0.394	-0.460966
0.395	-0.738312
0.396	-1.16453
0.397	-0.715041
0.398	-0.130382
0.399	-0.208485
0.4	-0.104878
0.401	-0.220599
0.402	-0.076506
0.403	-0.32293
0.404	-0.176287
0.405	0.889743
0.406	-0.0781
0.407	0.167686
0.408	0.347802
0.409	0.474361
0.41	0.004147
0.411	0.370755
0.412	0.214229
0.413	0.484244
0.414	-0.219005
0.415	-0.387007
0.416	0.157485
0.417	-0.039527
0.418	0.193827
0.419	1.02427
0.42	0.676473
0.421	-0.18075
0.422	0.189364
0.423	-0.237495
0.424	0.255672
0.425	0.085757
0.426	-0.535881
0.427	-0.10456
0.428	-0.318148
0.429	-0.627374
0.43	-0.439607
0.431	-0.279575
0.432	-0.469892
0.433	-0.260766
0.434	0.008929
0.435	-0.25184
0.436	-0.361822
0.437	0.300621
0.438	-0.268736
0.439	0.548639
0.44	0.371074
0.441	0.185857
0.442	0.235588
0.443	-0.226656
0.444	0.583706
0.445	-0.209441
0.446	0.280537
0.447	0.379043
0.448	-0.030282
0.449	-0.126237
0.45	-0.164173
0.451	-0.117949
0.452	0.085439
0.453	0.399446
0.454	0.359278
0.455	-0.227293
0.456	0.454915
0.457	-0.177562
0.458	0.40359
0.459	-0.058335
0.46	-0.612709
0.461	-0.080332
0.462	-0.268417
0.463	-0.672323
0.464	-0.089577
0.465	-0.302528
0.466	-0.461922
0.467	-0.145365
0.468	-0.443751
0.469	0.007654
0.47	-0.408047
0.471	0.213592
0.472	-0.281488
0.473	0.228894
0.474	0.121781
0.475	0.083845
0.476	0.391795
0.477	-0.204022
0.478	0.555652
0.479	-0.051641
0.48	0.070137
0.481	0.01403
0.482	0.204666
0.483	0.026144
0.484	-0.023587
0.485	0.115724
0.486	0.11413
0.487	0.582431
0.488	0.301578
0.489	-0.477543
0.49	0.445351
0.491	-0.311135
0.492	0.328993
0.493	0.209448
0.494	-0.262041
0.495	-0.071087
0.496	-0.09659
0.497	-0.988243
0.498	-0.358953
0.499	-0.240683
0.5	-0.384138
0.501	-0.172781
0.502	-0.181388
0.503	-0.251203
0.504	-0.478499
0.505	-0.169911
0.506	0.121143
0.507	-0.007967
0.508	0.066949
0.509	-0.49157
0.51	0.252165
0.511	-0.433869
0.512	0.756808
0.513	-0.11508
0.514	-0.113486
0.515	0.062486
0.516	0.140589
0.517	-0.045265
0.518	-0.080969
0.519	-0.169593
0.52	0.113811
0.521	-0.13612
0.522	0.849257
0.523	-0.261404
0.524	0.360872
0.525	0.013711
0.526	0.325487
0.527	0.395301
0.528	-0.041439
0.529	-0.172781
0.53	-0.270968
0.531	-0.906314
0.532	-0.72046
0.533	-0.047496
0.534	-0.415698
0.535	-0.056741
0.536	-0.417292
0.537	-0.18617
0.538	-0.373936
0.539	0.245152
0.54	-0.832674
0.541	0.450452
0.542	-0.057698
0.543	0.149196
0.544	0.28245
0.545	-0.514841
0.546	0.708671
0.547	0.205303
0.548	-0.321655
0.549	0.194783
0.55	0.041446
0.551	0.141864
0.552	-0.037614
0.553	-0.00701
0.554	0.198927
0.555	0.149196
0.556	0.658621
0.557	-0.031876
0.558	0.590082
0.559	-0.102009
0.56	0.394345
0.561	0.098509
0.562	-0.543851
0.563	-0.072681
0.564	0.047503
0.565	-0.940106
0.566	-0.579555
0.567	-0.20721
0.568	-0.59677
0.569	-0.167042
0.57	-0.374893
0.571	0.124968
0.572	-0.590075
0.573	-0.605696
0.574	-0.084157
0.575	-0.121774
0.576	0.210404
0.577	-0.05451
0.578	-0.080969
0.579	-0.15461
0.58	0.592951
0.581	0.261091
0.582	0.281813
0.583	0.196696
0.584	0.252484
0.585	0.119868
0.586	-0.114123
0.587	0.002872
0.588	-0.076187
0.589	0.100103
0.59	0.619729
0.591	-0.292964
0.592	0.273205
0.593	-0.091489
0.594	0.177887
0.595	0.491257
0.596	-0.19127
0.597	0.077788
0.598	-0.444708
0.599	-0.57828
0.6	-0.326118
0.601	-0.061204
0.602	-0.536519
0.603	-0.297746
0.604	-0.321655
0.605	0.191277
0.606	0.0797
0.607	-0.493163
0.608	0.023275
0.609	-0.307628
0.61	0.153022
0.611	0.63535
0.612	0.093408
0.613	-0.513247
0.614	0.467985
0.615	0.32453
0.616	0.266192
0.617	0.020724
0.618	0.443439
0.619	-0.087983
0.62	-0.065349
0.621	-0.062161
0.622	-0.098503
0.623	0.306997
0.624	0.625467
0.625	-0.071406
0.626	0.015624
0.627	0.307953
0.628	-0.071724
0.629	0.463841
0.63	-0.120818
0.631	0.440888
0.632	0.19829
0.633	-1.02554
0.634	-0.170868
0.635	-0.142177
0.636	-0.644907
0.637	-0.293283
0.638	-0.490932
0.639	-0.252478
0.64	-0.198921
0.641	-0.880492
0.642	0.408691
0.643	0.102016
0.644	0.353221
0.645	0.002872
0.646	0.347802
0.647	-0.403903
0.648	0.349077
0.649	0.460334
0.65	0.151109
0.651	-0.106791
0.652	0.322936
0.653	-0.077144
0.654	-0.126556
0.655	0.166411
0.656	0.011161
0.657	0.296158
0.658	0.547364
0.659	-0.033789
0.66	-0.070449
0.661	0.198609
0.662	-0.004779
0.663	0.439294
0.664	0.44567
0.665	-0.357997
0.666	0.174062
0.667	-0.729067
0.668	-0.315917
0.669	-0.061842
0.67	-0.538113
0.671	-0.336319
0.672	-0.436419
0.673	-0.348114
0.674	0.262685
0.675	-0.134207
0.676	0.192552
0.677	0.384463
0.678	0.415704
0.679	-0.155566
0.68	0.075556
0.681	-0.657021
0.682	0.731305
0.683	0.227618
0.684	-0.256941
0.685	0.1798
0.686	0.019449
0.687	-0.042077
0.688	-0.095315
0.689	0.243877
0.69	-0.025181
0.691	0.097871
0.692	0.669779
0.693	-0.05961
0.694	-0.16768
0.695	0.471173
0.696	-0.357678
0.697	0.35896
0.698	-0.021993
0.699	-0.318467
0.7	0.121462
0.701	-0.678061
0.702	-0.181707
0.703	-0.049409
0.704	-0.569035
0.705	-0.264592
0.706	-0.431956
0.707	-0.199878
0.708	0.029969
0.709	-0.784537
0.71	-0.411553
0.711	0.469261
0.712	0.124012
0.713	-0.187126
0.714	0.644276
0.715	-0.299021
0.716	0.517716
0.717	1.08133
0.718	0.153978
0.719	-0.077144
0.72	0.791237
0.721	0.205622
0.722	-0.313366
0.723	0.302534
0.724	-0.172143
0.725	0.057385
0.726	0.424949
0.727	-0.114761
0.728	-0.116036
0.729	0.20084
0.73	-0.184576
0.731	0.387969
0.732	-0.02295
0.733	-0.202109
0.734	-0.027094
0.735	-0.522811
0.736	-0.045902
0.737	-0.124325
0.738	-0.618766
0.739	-0.292008
0.74	-0.297427
0.741	-0.205616
0.742	-0.034745
0.743	-0.172781
0.744	-0.159073
0.745	1.10556
0.746	0.497633
0.747	0.101697
0.748	0.147921
0.749	-0.543213
0.75	0.451408
0.751	0.475318
0.752	-0.050684
0.753	-0.121774
0.754	0.228575
0.755	0.014667
0.756	-0.092764
0.757	0.173424
0.758	-0.088301
0.759	0.175018
0.76	0.455553
0.761	-0.047496
0.762	0.006379
0.763	0.368204
0.764	-0.124643
0.765	0.35354
0.766	0.064717
0.767	-0.440563
0.768	-0.119862
0.769	-0.561384
0.77	-0.069174
0.771	-0.240683
0.772	-0.801432
0.773	-0.387326
0.774	-0.299659
0.775	-0.123368
0.776	0.205303
0.777	1.28408
0.778	-0.274155
0.779	1.11704
0.78	0.301578
0.781	0.461291
0.782	1.21172
0.783	-0.437057
0.784	0.459697
0.785	0.566491
0.786	-0.275749
0.787	-0.058973
0.788	0.449814
0.789	0.089902
0.79	-0.109341
0.791	0.121781
0.792	-0.143452
0.793	0.201797
0.794	0.579243
0.795	0.066949
0.796	-0.146002
0.797	0.247065
0.798	-0.220599
0.799	0.453959
0.8	0.072368
0.801	-0.424624
0.802	-0.210079
0.803	-0.432275
0.804	-0.236857
0.805	-0.40996
0.806	-0.768278
0.807	-0.506553
0.808	-0.170549
0.809	-0.124643
0.81	-0.004141
0.811	-0.441201
0.812	-0.247377
0.813	0.73258
0.814	0.225706
0.815	-0.291689
0.816	0.790281
0.817	-0.381269
0.818	0.682212
0.819	0.436106
0.82	-0.263635
0.821	-0.008604
0.822	0.054835
0.823	0.233038
0.824	-0.258216
0.825	0.120824
0.826	-0.250246
0.827	0.078744
0.828	0.687312
0.829	0.146965
0.83	-0.17023
0.831	0.363104
0.832	-0.3835
0.833	0.40359
0.834	0.038895
0.835	0.000641
0.836	0.004785
0.837	-0.958277
0.838	-0.114442
0.839	-0.166086
0.84	-0.806214
0.841	-0.330581
0.842	-0.135163
0.843	-0.535881
0.844	0.03762
0.845	0.001916
0.846	-0.448852
0.847	0.418254
0.848	0.031244
0.849	-0.136439
0.85	0.419529
0.851	0.10616
0.852	0.356728
0.853	0.433556
0.854	-0.068537
0.855	-0.140902
0.856	0.155572
0.857	0.025825
0.858	-0.217092
0.859	0.230488
0.86	-0.312091
0.861	0.211041
0.862	0.747245
0.863	0.033157
0.864	-0.152378
0.865	0.333456
0.866	-0.365967
0.867	0.413791
0.868	0.299984
0.869	-0.381269
0.87	0.085439
0.871	-0.124962
0.872	-0.453952
0.873	-0.173418
0.874	-0.571586
0.875	-0.639169
0.876	-0.121774
0.877	-0.443751
0.878	-0.092764
0.879	0.202753
0.88	-0.722692
0.881	-0.130382
0.882	0.10074
0.883	-0.220599
0.884	0.345252
0.885	0.215186
0.886	-0.087345
0.887	0.338238
0.888	0.519629
0.889	0.126881
0.89	0.36661
0.891	-0.248652
0.892	-0.087026
0.893	0.251528
0.894	-0.242914
0.895	0.176612
0.896	0.479143
0.897	0.088626
0.898	-0.121137
0.899	0.507834
0.9	-0.29934
0.901	0.328356
0.902	0.240689
0.903	-0.26236
0.904	-0.482962
0.905	-0.646182
0.906	-0.678061
0.907	-0.277981
0.908	-0.327393
0.909	-0.418248
0.91	-0.081288
0.911	-0.136439
0.912	-0.074275
0.913	-0.013386
0.914	-0.79155
0.915	0.447264
0.916	-0.174374
0.917	-0.271286
0.918	0.577649
0.919	-0.076187
0.92	0.39052
0.921	0.132301
0.922	-0.078419
0.923	-0.037295
0.924	0.439613
0.925	0.008929
0.926	-0.033151
0.927	0.266511
0.928	-0.288501
0.929	0.267148
0.93	0.68795
0.931	0.119549
0.932	-0.129744
0.933	0.415704
0.934	-0.300615
0.935	0.374899
0.936	0.10361
0.937	-0.430043
0.938	0.015624
0.939	-0.215179
0.94	-0.789
0.941	-0.171505
0.942	-0.491888
0.943	-0.548314
0.944	-0.06503
0.945	-0.273837
0.946	0.210404
0.947	-1.00036
0.948	0.268105
0.949	0.006379
0.95	0.292651
0.951	-0.04654
0.952	0.528874
0.953	0.113492
0.954	-0.327712
0.955	0.593907
0.956	0.478505
0.957	0.058979
0.958	0.621323
0.959	-0.297746
0.96	-0.066624
0.961	0.354815
0.962	-0.255347
0.963	0.204347
0.964	0.555652
0.965	0.06918
0.966	-0.150784
0.967	0.26141
0.968	-0.014661
0.969	0.321024
0.97	0.217417
0.971	-0.862321
0.972	-0.122093
0.973	0.096915
0.974	-0.713447
0.975	-0.468935
0.976	-0.543532
0.977	-0.459053
0.978	-0.178838
0.979	-0.368836
0.98	-0.014661
0.981	-0.639806
0.982	0.414748
0.983	0.000959
0.984	0.10871
0.985	-0.161623
0.986	0.18777
0.987	0.301259
0.988	-0.171505
0.989	0.304128
0.99	0.450452
0.991	0.17183
0.992	0.10871
0.993	-0.250884
0.994	0.184901
0.995	0.22985
0.996	-0.132932
0.997	0.279262
0.998	0.559797
0.999	0.121781
1	-0.031238
1.001	0.383188
1.002	-0.368836
1.003	0.255991
1.004	-0.052278
1.005	-0.187445
1.006	-0.066624
1.007	-0.31783
1.008	-0.984099
1.009	-0.429724
1.01	-0.111892
1.011	-0.253434
1.012	-0.27033
1.013	-0.39402
1.014	0.021362
1.015	0.285638
1.016	0.582749
1.017	0.058342
1.018	0.08767
1.019	-0.020718
1.02	0.31401
1.021	0.370755
1.022	-0.359272
1.023	0.270974
1.024	0.587212
1.025	0.062805
1.026	0.177569
1.027	-0.055785
1.028	-0.012111
1.029	0.109029
1.03	-0.312091
1.031	0.231763
1.032	0.423992
1.033	0.261091
1.034	0.102972
1.035	0.263323
1.036	-0.094677
1.037	0.360553
1.038	0.143458
1.039	0.233994
1.04	-0.143771
1.041	-0.122412
1.042	-1.17282
1.043	-0.642994
1.044	-0.021993
1.045	-0.393701
1.046	-0.201472
1.047	-0.24132
1.048	-0.117949
1.049	0.036664
1.05	0.25089
1.051	0.063761
1.052	-0.171187
1.053	-0.156203
1.054	0.373943
1.055	0.378087
1.056	-0.190314
1.057	-0.032195
1.058	0.088945
1.059	0.068862
1.06	0.2324
1.061	0.210723
1.062	0.01148
1.063	0.18777
1.064	-0.282444
1.065	0.16673
1.066	0.761909
1.067	0.120187
1.068	0.006698
1.069	0.092133
1.07	-0.216773
1.071	0.433875
1.072	0.000959
1.073	0.107116
1.074	-0.315917
1.075	0.249934
1.076	-0.689537
1.077	-0.495076
1.078	-0.051641
1.079	-0.693682
1.08	-0.228569
1.081	-0.477862
1.082	-0.071724
1.083	-0.421755
1.084	0.172468
1.085	0.000322
1.086	-0.230163
1.087	0.441207
1.088	-0.145365
1.089	0.47213
1.09	-0.101053
1.091	0.881455
1.092	0.738318
1.093	-0.181388
1.094	0.049734
1.095	0.390838
1.096	-0.240683
1.097	-0.047496
1.098	0.253759
1.099	-0.14664
1.1	0.647145
1.101	0.231125
1.102	-0.145683
1.103	0.050053
1.104	-0.049409
1.105	0.360553
1.106	0.398171
1.107	0.124968
1.108	0.025506
1.109	0.068543
1.11	-0.92831
1.111	-0.50209
1.112	-0.225381
1.113	-0.41251
1.114	-0.335682
1.115	-0.404221
1.116	0.100422
1.117	0.318792
1.118	0.330906
1.119	-0.065349
1.12	0.303809
1.121	0.170236
1.122	-0.401033
1.123	0.594226
1.124	-0.31241
1.125	-0.680611
1.126	0.459697
1.127	0.213273
1.128	-0.148234
1.129	0.299984
1.13	-0.142177
1.131	0.047503
1.132	0.047821
1.133	0.000959
1.134	0.638219
1.135	0.032838
1.136	-0.016893
1.137	0.121462
1.138	-0.220599
1.139	0.328037
1.14	0.30094
1.141	-0.306034
1.142	0.128156
1.143	-0.014661
1.144	-0.908227
1.145	-0.540344
1.146	-0.197008
1.147	-0.441838
1.148	-0.033151
1.149	-0.424305
1.15	-0.197327
1.151	-0.535881
1.152	-0.119224
1.153	0.408372
1.154	0.215823
1.155	0.286594
1.156	0.041446
1.157	0.775298
1.158	0.240051
1.159	0.125925
1.16	0.757127
1.161	-0.001272
1.162	0.134851
1.163	0.233994
1.164	-0.273837
1.165	0.017218
1.166	0.01913
1.167	-0.06503
1.168	0.798251
1.169	0.330906
1.17	-0.425899
1.171	-0.015618
1.172	0.017537
1.173	0.37458
1.174	0.413154
1.175	-0.280212
1.176	0.198609
1.177	0.352903
1.178	-0.528868
1.179	-0.243233
1.18	0.107116
1.181	-0.168955
1.182	-0.185851
1.183	-0.258535
1.184	-0.29392
1.185	-0.105516
1.186	0.004147
1.187	-0.302846
1.188	0.236863
1.189	0.527918
1.19	0.031563
1.191	0.377768
1.192	-0.18617
1.193	0.346527
1.194	0.29042
1.195	0.097234
1.196	0.217736
1.197	0.317198
1.198	-0.164492
1.199	-0.096271
1.2	0.080338
1.201	-0.036976
1.202	0.482331
1.203	0.596776
1.204	-0.255984
1.205	0.230169
1.206	0.316879
1.207	0.138358
1.208	0.388607
1.209	-0.452358
1.21	-0.234944
1.211	-0.147277
1.212	-1.13967
1.213	-0.400396
1.214	-0.269374
1.215	-0.433869
1.216	-0.443432
1.217	-0.461603
1.218	-0.359591
1.219	-0.001591
1.22	-0.167999
1.221	-0.421117
1.222	0.223474
1.223	0.008929
1.224	0.069818
1.225	0.720785
1.226	-0.211992
1.227	0.32198
1.228	0.012755
1.229	0.264598
1.23	0.194146
1.231	0.236545
1.232	-0.298702
1.233	-0.103603
1.234	0.009567
1.235	-0.058335
1.236	0.301896
1.237	0.529512
1.238	-0.295514
1.239	0.3325
1.24	0.225068
1.241	-0.118586
1.242	0.590719
1.243	-0.323886
1.244	-0.009879
1.245	0.010523
1.246	-0.425899
1.247	0.077788
1.248	-0.206253
1.249	-0.439926
1.25	-0.296789
1.251	-0.479137
1.252	-0.217092
1.253	-0.045902
1.254	0.991437
1.255	0.013711
1.256	0.763503
1.257	0.115724
1.258	0.0746
1.259	0.706758
1.26	-0.519304
1.261	0.207535
1.262	0.207854
1.263	-0.109341
1.264	0.127519
1.265	0.116042
1.266	-0.126556
1.267	-0.008923
1.268	0.093408
1.269	0.000322
1.27	0.232719
1.271	0.545451
1.272	-0.162898
1.273	0.273843
1.274	0.136764
1.275	0.11923
1.276	0.325487
1.277	-0.355765
1.278	-0.148871
1.279	-0.130382
1.28	-0.719504
1.281	0.057704
