2.333	0.053878
2.334	-0.210079
2.335	0.415385
2.336	0.026463
2.337	0.539394
2.338	0.189683
2.339	0.285
2.34	0.232082
2.341	-0.179475
2.342	0.160673
2.343	0.001597
2.344	0.364379
2.345	0.27448
2.346	-0.010836
2.347	0.285638
2.348	0.160992
2.349	-0.066305
2.35	-0.376168
2.351	-0.351302
2.352	-0.097546
2.353	-0.232713
2.354	-0.506871
2.355	-0.406453
2.356	-0.383819
2.357	-0.634706
2.358	-0.474674
2.359	-0.030919
2.36	-0.569673
2.361	-0.26236
2.362	-0.476905
2.363	0.999407
2.364	0.102653
2.365	1.2436
2.366	0.182669
2.367	-0.033789
2.368	-0.082244
2.369	-0.102647
2.37	-0.241001
2.371	0.787731
2.372	0.188089
2.373	0.710584
2.374	0.174062
2.375	0.22188
2.376	-0.022631
2.377	0.552464
2.378	-0.195096
2.379	0.464479
2.38	0.296158
2.381	-0.011792
2.382	0.389882
2.383	-0.337276
2.384	0.043677
2.385	-0.172143
2.386	-0.333769
2.387	-0.356722
2.388	-0.50209
2.389	-0.410597
2.39	-0.378081
2.391	-0.471486
2.392	-0.306991
2.393	-0.311135
2.394	-0.005735
2.395	0.007973
2.396	-0.232075
2.397	0.308272
2.398	-0.068855
2.399	0.370755
2.4	-0.061842
2.401	-0.43355
2.402	0.335369
2.403	-0.654471
2.404	0.633437
2.405	-0.040483
2.406	0.473405
2.407	0.306997
2.408	0.205622
2.409	0.487432
2.41	-0.095315
2.411	0.577649
2.412	0.380956
2.413	0.011798
2.414	0.423674
2.415	-0.249609
2.416	0.363741
2.417	0.062486
2.418	-0.254709
2.419	-0.296789
2.42	-0.332175
2.421	-0.352259
2.422	-0.572223
2.423	-0.558834
2.424	-0.23622
2.425	-0.622592
2.426	0.017218
2.427	-0.67838
2.428	-0.08352
2.429	-0.556284
2.43	0.630887
2.431	0.466073
2.432	0.880817
2.433	0.229531
2.434	0.084801
2.435	-0.208166
2.436	-0.332813
2.437	0.453321
2.438	-0.039208
2.439	0.265873
2.44	0.35609
2.441	-0.172143
2.442	0.243239
2.443	0.199884
2.444	0.369161
2.445	0.097871
2.446	0.658302
2.447	0.121143
2.448	0.156847
2.449	0.241645
2.45	0.30891
2.451	0.030926
2.452	0.172787
2.453	-0.331537
2.454	-0.337276
2.455	-0.024862
2.456	-0.490932
2.457	-0.313685
2.458	-0.326756
2.459	-0.562341
2.46	-0.276706
2.461	-0.339188
2.462	-0.607927
2.463	-0.447258
2.464	-1.1368
2.465	-1.01311
2.466	0.49572
2.467	-0.485513
2.468	0.135488
2.469	-0.259491
2.47	0.353859
2.471	0.687312
2.472	-0.64937
2.473	0.644913
2.474	0.037939
2.475	-0.001272
2.476	0.383188
2.477	0.160035
2.478	0.15079
2.479	-0.124325
2.48	0.636306
2.481	0.04814
2.482	0.04559
2.483	0.325487
2.484	-0.043033
2.485	0.099784
2.486	-0.193502
2.487	0.032201
2.488	-0.223468
2.489	-0.278618
2.49	-0.507509
2.491	-0.316236
2.492	-0.403903
2.493	-0.505596
2.494	-0.463516
2.495	-0.435781
2.496	-0.566485
2.497	0.098509
2.498	-0.142177
2.499	0.65639
2.5	-0.41506
2.501	-0.447258
2.502	-0.854351
2.503	-0.050366
2.504	-0.192227
2.505	-0.036658
2.506	-0.347158
2.507	-0.451083
2.508	0.61144
2.509	0.127519
2.51	0.042083
2.511	0.213592
2.512	0.159716
2.513	0.194783
2.514	0.417617
2.515	0.18235
2.516	0.091177
2.517	0.166411
2.518	0.240689
2.519	-0.055785
2.52	-0.375849
2.521	-0.017849
2.522	-0.624505
2.523	-0.027413
2.524	-0.559153
2.525	-0.597089
2.526	-0.281806
2.527	-0.68635
2.528	-0.18617
2.529	-0.022631
2.53	0.172468
2.531	-0.301252
2.532	-0.930223
2.533	-0.431318
2.534	1.20375
2.535	1.16741
2.536	0.16928
2.537	0.234313
2.538	-0.334407
2.539	0.413154
2.54	-0.02295
2.541	-0.388919
2.542	0.177887
2.543	0.178844
2.544	0.070455
2.545	-0.189358
2.546	0.440888
2.547	0.470536
2.548	0.204347
2.549	0.373943
2.55	-0.098503
2.551	0.081613
2.552	-0.090852
2.553	0.441207
2.554	-0.34142
2.555	0.229531
2.556	-0.394976
2.557	-0.131019
2.558	-0.396889
2.559	-0.33345
2.56	-0.332494
2.561	-0.73098
2.562	-0.31496
2.563	-0.478818
2.564	0.125925
2.565	-0.010836
2.566	-0.328031
2.567	-5.1478
2.568	0.326443
2.569	1.30066
2.57	2.43746
2.571	-0.118586
2.572	0.661809
2.573	0.23782
2.574	0.427499
2.575	-0.202109
2.576	-0.126556
2.577	0.478187
2.578	0.414748
2.579	0.41666
2.58	-0.073637
2.581	0.452365
2.582	0.151109
2.583	-0.113486
2.584	0.131663
2.585	0.101697
2.586	0.359916
2.587	0.158441
2.588	-0.319105
2.589	0.015624
2.59	-0.569992
2.591	-0.18075
2.592	-0.608884
2.593	-0.392426
2.594	-0.334725
2.595	-0.698145
2.596	-0.402309
2.597	-0.202747
2.598	-0.224743
2.599	-0.331219
2.6	0.168005
2.601	-2.00709
2.602	-1.22797
2.603	0.898351
2.604	-0.179794
2.605	0.138358
2.606	0.1798
2.607	-0.731618
2.608	1.01216
2.609	0.009886
2.61	0.244196
2.611	0.054197
2.612	-0.051641
2.613	0.709309
2.614	-0.275749
2.615	0.58785
2.616	-0.248971
2.617	0.45619
2.618	0.291695
2.619	-0.027094
2.62	0.429731
2.621	-0.161304
2.622	0.041127
2.623	-0.069812
2.624	-0.440244
2.625	-0.196052
2.626	-0.629924
2.627	-0.415698
2.628	-0.326437
2.629	-0.473399
2.63	-0.374574
2.631	-0.46256
2.632	-0.124962
2.633	-0.456503
2.634	-0.138033
2.635	-2.37051
2.636	0.295202
2.637	0.589125
2.638	-0.271286
2.639	0.218374
2.64	0.40359
2.641	-0.275112
2.642	0.339832
2.643	-0.518667
2.644	0.616222
2.645	0.125925
2.646	-0.051641
2.647	0.255034
2.648	0.136764
2.649	0.274162
2.65	0.504965
2.651	0.25886
2.652	0.136445
2.653	0.254397
2.654	-0.147596
2.655	0.121143
2.656	0.011161
2.657	-0.348433
2.658	-0.521536
2.659	-0.416017
2.66	-0.639169
2.661	-0.185213
2.662	-0.353534
2.663	-0.654152
2.664	-0.556921
2.665	0.753939
2.666	-0.123687
2.667	-0.212948
2.668	-0.328031
2.669	-0.921935
2.67	-1.09408
2.671	0.775936
2.672	-0.482006
2.673	0.377768
2.674	0.336007
2.675	-0.891012
2.676	0.157485
2.677	-0.008604
2.678	0.234951
2.679	0.14824
2.68	0.079063
2.681	0.416023
2.682	-0.067899
2.683	0.287551
2.684	0.407415
2.685	0.124331
2.686	0.394664
2.687	0.195421
2.688	0.169599
2.689	0.410603
2.69	-0.357997
2.691	-0.277662
2.692	-0.156522
2.693	-0.195096
2.694	-0.317511
2.695	-0.606971
2.696	-0.377443
2.697	-0.21231
2.698	-0.461603
2.699	-0.642357
2.7	-0.181069
2.701	-0.518029
2.702	-0.709302
2.703	-0.967521
2.704	0.556928
2.705	1.14286
2.706	0.461291
2.707	0.715366
2.708	-0.343014
2.709	-0.613666
2.71	0.715366
2.711	-0.308903
2.712	0.758083
2.713	0.210404
2.714	-0.1782
2.715	0.418892
2.716	0.060254
2.717	0.302215
2.718	0.217098
2.719	0.810684
2.72	0.082569
2.721	-0.02295
2.722	0.429731
2.723	-0.106154
2.724	-0.011792
2.725	-0.354809
2.726	-0.284038
2.727	-0.13867
2.728	-0.524724
2.729	-0.29137
2.73	-0.363735
2.731	-0.509103
2.732	-0.373936
2.733	-0.40996
2.734	0.21678
2.735	-0.398164
2.736	-0.390513
2.737	1.83208
2.738	1.44699
2.739	-1.25252
2.74	0.692732
2.741	0.282131
2.742	0.586256
2.743	0.058023
2.744	0.383188
2.745	0.064717
2.746	0.093727
2.747	0.0746
2.748	0.485519
2.749	0.230169
2.75	-0.007329
2.751	0.06918
2.752	0.444076
2.753	-0.278937
2.754	0.535569
2.755	0.170236
2.756	0.091496
2.757	0.433556
2.758	-1.01151
2.759	0.254716
2.76	-0.039208
2.761	0.028057
2.762	-0.543851
2.763	-0.318467
2.764	-0.431637
2.765	-0.348433
2.766	-0.590713
2.767	-0.476268
2.768	0.223474
2.769	0.148878
2.77	-0.211035
2.771	4.71457
2.772	0.061848
2.773	-0.937555
2.774	-0.100415
2.775	-0.272561
2.776	0.295202
2.777	-0.342376
2.778	0.516123
2.779	0.178206
2.78	-0.473399
2.781	0.604746
2.782	-0.194777
2.783	0.149196
2.784	0.131344
2.785	-0.027732
2.786	0.408372
2.787	0.11923
2.788	0.351309
2.789	0.124968
2.79	0.150153
2.791	0.293608
2.792	-0.067261
2.793	-0.210398
2.794	-0.121455
2.795	-0.229844
2.796	-0.340464
2.797	-0.405815
2.798	-0.155247
2.799	-0.535881
2.8	-0.455546
2.801	-0.435781
2.802	-0.083201
2.803	-0.441838
2.804	-0.250246
2.805	0.369798
2.806	0.246108
2.807	-1.17282
2.808	1.90222
2.809	0.175656
2.81	1.00483
2.811	-0.743094
2.812	0.62196
2.813	0.404865
2.814	-0.253753
2.815	0.376174
2.816	0.141227
2.817	0.141227
2.818	0.156529
2.819	0.202753
2.82	0.365017
2.821	0.163542
2.822	0.21933
2.823	0.062167
2.824	-0.033789
2.825	0.578605
2.826	-0.023587
2.827	-0.114761
2.828	-0.658934
2.829	-0.258216
2.83	-0.314642
2.831	-0.766366
2.832	-0.308903
2.833	-0.513885
2.834	-0.410597
2.835	-0.445026
2.836	-0.219005
2.837	-0.090852
2.838	0.193189
2.839	1.08771
2.84	-0.188082
2.841	0.913334
2.842	-0.076187
2.843	-0.323568
2.844	0.121781
2.845	-0.297746
2.846	0.314648
2.847	-0.25184
2.848	0.139633
2.849	-0.024862
2.85	0.431325
2.851	0.292014
2.852	-0.171187
2.853	0.231763
2.854	-0.156203
2.855	0.157166
2.856	0.407415
2.857	-0.171824
2.858	0.779442
2.859	0.041446
2.86	-0.135163
2.861	-0.669135
2.862	-0.587525
2.863	-0.180113
2.864	-0.26236
2.865	-0.412829
2.866	-0.321017
2.867	-0.521854
2.868	-0.539069
2.869	-0.47563
2.87	-0.044946
2.871	-0.405178
2.872	-0.313048
2.873	-0.188082
2.874	0.8432
2.875	0.031563
2.876	2.28986
2.877	0.536525
2.878	1.11066
2.879	0.395939
2.88	0.036983
2.881	0.26141
2.882	-0.347158
2.883	0.306678
2.884	0.11126
2.885	-0.084157
2.886	0.045271
2.887	0.152703
2.888	0.682212
2.889	0.059617
2.89	0.649376
2.891	-0.089895
2.892	-0.101691
2.893	0.449177
2.894	-0.143771
2.895	0.056748
2.896	-0.032195
2.897	-0.126875
2.898	0.018174
2.899	-0.463835
2.9	-0.345245
2.901	-0.534287
2.902	-0.524724
2.903	-0.41251
2.904	-0.22028
2.905	-0.171824
2.906	-0.200834
2.907	-0.156841
2.908	-0.04909
2.909	-0.776567
2.91	1.73453
2.911	0.393389
2.912	0.386694
2.913	0.595182
2.914	0.241008
2.915	0.347802
2.916	0.425268
2.917	0.321661
2.918	0.259816
2.919	0.110304
2.92	0.151428
2.921	-0.0255
2.922	0.402315
2.923	0.011161
2.924	0.486794
2.925	0.159079
2.926	-0.038252
2.927	0.320386
2.928	-0.085751
2.929	0.114767
2.93	-0.185532
2.931	-0.248971
2.932	-0.249609
2.933	-0.598045
2.934	-0.289138
2.935	-0.383181
2.936	-0.44152
2.937	-0.316554
2.938	-0.501133
2.939	0.023912
2.94	-0.391151
2.941	0.379362
2.942	0.199565
2.943	-0.796013
2.944	1.94494
2.945	-0.544488
2.946	-0.659571
2.947	0.418573
2.948	-0.281488
2.949	-0.210398
2.95	-0.118586
2.951	0.129113
2.952	-0.219961
2.953	0.122737
2.954	0.321342
2.955	-0.024862
2.956	0.260454
2.957	0.253759
2.958	0.447583
2.959	0.073325
2.96	-0.069493
2.961	0.641725
2.962	-0.328031
2.963	-0.319423
2.964	-0.050366
2.965	-0.50464
2.966	0.263004
2.967	-0.877623
2.968	-0.366285
2.969	-0.430362
2.97	-0.610159
2.971	-0.363416
2.972	-0.704521
2.973	-0.116992
2.974	-0.428768
2.975	0.244514
2.976	0.191595
2.977	-0.299659
2.978	0.906958
2.979	-0.403584
2.98	0.104566
2.981	-0.094996
2.982	0.031244
2.983	0.425905
2.984	0.27193
2.985	0.409328
2.986	-0.180113
2.987	0.415066
2.988	0.089264
2.989	-0.523767
2.99	0.19032
2.991	-0.13867
2.992	0.341745
2.993	0.297433
2.994	-0.073956
2.995	0.608571
2.996	0.070137
2.997	-0.09404
2.998	-0.086707
2.999	-0.520579
3	-0.094677
3.001	-0.689856
3.002	-0.348114
3.003	-0.325799
3.004	-0.383819
3.005	-0.326437
3.006	0.149515
3.007	-0.171505
3.008	-0.281806
3.009	-0.100734
3.01	0.052285
3.011	-0.682205
3.012	0.349077
3.013	0.731943
3.014	-0.109341
3.015	0.049097
3.016	-0.173099
3.017	0.505602
3.018	-0.827892
3.019	0.65894
3.02	-0.714084
3.021	-0.09659
3.022	1.08006
3.023	-0.219324
3.024	0.235907
3.025	0.113811
3.026	0.308272
3.027	0.296158
3.028	0.170236
3.029	0.259816
3.03	-0.044309
3.031	-0.122731
3.032	-0.092764
3.033	-0.306353
3.034	-0.262679
3.035	-0.719822
3.036	-0.448533
3.037	-0.367561
3.038	-0.405178
3.039	-0.233032
3.04	-0.142177
3.041	-0.325799
3.042	-0.381269
3.043	2.31218
3.044	-0.453634
3.045	0.264279
3.046	-0.292645
3.047	-0.264911
3.048	0.726204
3.049	-0.343651
3.05	0.44822
3.051	-0.23622
3.052	0.15876
3.053	-0.424305
3.054	0.289782
3.055	0.277031
3.056	-0.205616
3.057	0.005741
3.058	0.083526
3.059	0.233038
3.06	-0.010517
3.061	0.216461
3.062	0.115724
3.063	0.574142
3.064	0.081613
3.065	-0.131019
3.066	0.035707
3.067	-0.553733
3.068	-0.136757
3.069	-0.355128
3.07	-0.372661
3.071	-0.316554
3.072	-0.674554
3.073	-0.447895
3.074	0.252803
3.075	-0.06758
3.076	-0.110935
3.077	-0.280531
3.078	0.070137
3.079	0.863603
3.08	1.28632
3.081	-0.081607
3.082	-0.394339
3.083	0.1798
3.084	-0.285632
3.085	0.362466
3.086	-0.121774
3.087	-0.001272
3.088	-0.049409
3.089	-0.161942
3.09	0.544814
3.091	0.010523
3.092	0.826942
3.093	0.009886
3.094	-0.023906
3.095	0.719829
3.096	-0.122412
3.097	0.662765
3.098	-0.144727
3.099	0.183307
3.1	-0.089258
3.101	-0.593263
3.102	0.067268
3.103	-0.541938
3.104	-0.382225
3.105	-0.401033
3.106	-0.611434
3.107	-0.35991
3.108	-0.249927
3.109	-0.431637
3.11	-0.331537
3.111	-0.227612
3.112	-2.39888
3.113	0.900582
3.114	-0.05706
3.115	-0.918747
3.116	-0.358316
3.117	-0.216455
3.118	-1.29492
3.119	0.948719
3.12	-0.846063
3.121	0.326762
3.122	0.465116
3.123	0.54035
3.124	0.415704
3.125	-0.045265
3.126	0.418254
3.127	0.140589
3.128	0.512297
3.129	0.24834
3.13	0.049734
3.131	0.050372
3.132	0.093408
3.133	0.056748
3.134	-0.40199
3.135	-0.323886
3.136	-0.242914
3.137	-0.57031
3.138	-0.241001
3.139	-0.112529
3.14	-0.57828
3.141	-0.224106
3.142	-0.471805
3.143	0.014667
3.144	-0.530143
3.145	-0.248971
3.146	0.540988
3.147	0.76956
3.148	0.471492
3.149	0.044634
3.15	-0.262679
3.151	0.213273
3.152	-0.043033
3.153	0.519629
3.154	0.00351
3.155	0.136764
3.156	0.397852
3.157	0.213592
3.158	0.425905
3.159	-0.356722
3.16	0.339832
3.161	0.350033
3.162	0.122737
3.163	0.378406
3.164	0.34047
3.165	0.143777
3.166	0.289145
3.167	-0.374893
3.168	0.046865
3.169	-0.389876
3.17	-0.298702
3.171	-0.432912
3.172	-0.587206
3.173	-0.331219
3.174	-0.518667
3.175	-0.265548
3.176	-0.422711
3.177	-0.011473
3.178	-0.302846
3.179	-0.513566
3.18	2.76167
3.181	0.939793
3.182	2.39985
3.183	0.133257
3.184	0.104566
3.185	0.120187
3.186	-0.985692
3.187	0.381912
3.188	-0.224106
3.189	0.618135
3.19	-0.311773
3.191	0.377131
3.192	0.497633
3.193	-0.261404
3.194	0.392432
3.195	0.060892
3.196	0.134213
3.197	0.430049
3.198	0.131025
3.199	0.173106
3.2	0.014349
3.201	0.01658
3.202	0.107435
3.203	-0.500177
3.204	-0.092764
3.205	-0.256622
3.206	-0.545445
3.207	-0.199559
3.208	-0.587525
3.209	-0.402627
3.21	0.133576
3.211	-0.249609
3.212	-0.329625
3.213	-0.032832
3.214	-0.832674
3.215	0.748838
3.216	1.14796
3.217	-0.390513
3.218	-0.561703
3.219	-0.595176
3.22	0.259816
3.221	0.40359
3.222	-0.292964
3.223	0.328037
3.224	-0.161623
3.225	0.310504
3.226	0.687631
3.227	0.068543
3.228	0.362785
3.229	-0.005097
3.23	0.105203
3.231	0.493489
3.232	0.105522
3.233	0.355772
3.234	0.115724
3.235	0.39562
3.236	0.026781
3.237	-0.334407
3.238	0.072687
3.239	-0.827254
3.24	-0.333769
3.241	-0.208804
3.242	-0.431318
3.243	-0.088301
3.244	-0.362779
3.245	-0.209122
3.246	-0.369473
3.247	-0.131976
3.248	-1.07782
3.249	0.732261
3.25	1.26687
3.251	-0.603783
3.252	0.157485
3.253	0.599008
3.254	-0.536519
3.255	0.643001
3.256	0.131344
3.257	0.087033
3.258	0.062805
3.259	0.139633
3.26	0.609846
3.261	-0.343651
3.262	0.296477
3.263	0.313373
3.264	0.507196
3.265	-0.077781
3.266	0.051009
3.267	-0.050684
3.268	0.156847
3.269	0.150153
3.27	-0.428449
3.271	-0.527593
3.272	-0.171824
3.273	-0.556284
3.274	-0.480731
3.275	-0.184576
3.276	-0.549908
3.277	-0.342376
3.278	-0.445983
3.279	-0.034745
3.28	-0.42303
3.281	-0.374574
3.282	-0.707071
3.283	0.499864
3.284	1.61594
3.285	0.401677
3.286	-0.606334
3.287	0.44822
3.288	-0.392107
3.289	0.562666
3.29	-0.309541
3.291	0.278944
3.292	-0.240045
3.293	0.367886
3.294	0.686037
3.295	-0.397527
3.296	0.247702
3.297	0.572229
3.298	0.107435
3.299	0.375218
3.3	-0.072362
3.301	0.324212
3.302	0.028057
3.303	-0.253434
3.304	0.153341
3.305	-0.484237
3.306	-0.151103
3.307	-0.453634
3.308	-0.477224
3.309	-0.20179
3.31	-0.489657
3.311	-0.37043
3.312	-0.418248
3.313	-0.161304
3.314	-0.431956
3.315	-0.235901
3.316	-3.33899
3.317	2.16235
3.318	1.26623
3.319	0.433556
3.32	-0.529505
3.321	-0.379675
3.322	-0.629605
3.323	0.375218
3.324	-0.679655
3.325	0.276393
3.326	-0.510059
3.327	0.491576
3.328	0.744375
3.329	-0.582424
3.33	0.105522
3.331	0.130707
3.332	0.071731
3.333	0.381275
3.334	0.187132
3.335	0.090858
3.336	0.31401
3.337	0.172468
3.338	-0.263635
3.339	-0.15716
3.34	-0.308903
3.341	-0.407728
3.342	-0.285951
3.343	-0.284038
3.344	-0.480731
3.345	-0.335363
3.346	-0.306672
3.347	0.041446
3.348	-0.155566
3.349	-0.27033
3.35	0.370117
3.351	0.157804
3.352	-0.077463
3.353	0.612397
3.354	0.308591
3.355	0.334732
3.356	-0.540025
3.357	0.64045
3.358	-0.094358
3.359	0.613353
3.36	-0.026456
3.361	-0.071406
3.362	0.279262
3.363	-0.042077
3.364	0.122418
3.365	0.39052
3.366	0.085757
3.367	0.536525
3.368	-0.012111
3.369	-0.052597
3.37	0.74055
3.371	-0.325799
3.372	0.27735
3.373	-0.454909
3.374	-0.391789
3.375	-0.313685
3.376	-0.660209
3.377	-0.219005
3.378	-0.356722
3.379	-0.602827
3.38	-0.406453
3.381	0.262048
3.382	-0.287863
3.383	-0.177562
3.384	-3.32178
3.385	-0.454909
3.386	-0.068537
3.387	-0.200834
3.388	-0.221874
3.389	-0.308266
3.39	-0.133569
3.391	-0.410916
3.392	0.279262
3.393	0.105522
3.394	-0.22825
3.395	-0.061842
3.396	0.440888
3.397	-0.190951
3.398	0.18777
3.399	-0.082563
3.4	0.467985
3.401	0.134851
3.402	0.276712
3.403	0.054835
3.404	0.0797
3.405	0.26683
3.406	-0.277025
3.407	-0.387007
3.408	-0.380631
3.409	-0.261723
3.41	-0.448852
3.411	-0.437057
3.412	-0.42303
3.413	-0.649051
3.414	-0.290095
3.415	0.080657
3.416	-0.286588
3.417	-0.435781
3.418	-1.52604
3.419	0.45874
3.42	-0.796013
3.421	0.455871
3.422	0.053878
3.423	0.551827
3.424	-0.000953
3.425	0.548001
3.426	-0.179475
3.427	0.462885
3.428	-0.2783
3.429	0.078106
3.43	0.546726
3.431	-0.389557
3.432	0.547683
3.433	-0.337913
3.434	-0.037614
3.435	0.572548
3.436	-0.04909
3.437	0.40359
3.438	0.41411
3.439	-0.215817
3.44	0.236226
3.441	-0.458097
3.442	-0.287863
3.443	-0.22283
3.444	-0.598045
3.445	-0.285951
3.446	-0.398483
3.447	-0.405178
3.448	-0.315917
3.449	-0.293602
3.45	-0.205616
3.451	-0.155566
3.452	1.97841
3.453	0.006698
3.454	0.353221
3.455	0.500502
3.456	-0.270649
3.457	-0.322293
3.458	0.000959
3.459	0.555652
3.46	-0.216136
3.461	0.973266
3.462	-0.124006
3.463	0.533018
3.464	0.485519
3.465	-0.606334
3.466	0.375537
3.467	0.358641
3.468	0.066311
3.469	0.209129
3.47	0.265873
3.471	0.046228
3.472	0.460653
3.473	0.181394
3.474	-0.286588
3.475	-0.261404
3.476	-0.749151
3.477	-0.134207
3.478	-0.329943
3.479	-0.34939
3.48	-0.258216
3.481	-0.681249
3.482	-1.0045
3.483	-0.02295
3.484	-0.355447
3.485	0.045909
3.486	0.496039
3.487	0.210085
3.488	0.537163
3.489	-0.460328
3.49	0.001597
3.491	-0.138351
3.492	-0.940106
3.493	0.004785
3.494	0.048459
3.495	-0.175331
3.496	0.03507
3.497	0.676155
3.498	0.051328
3.499	-0.061842
3.5	0.012755
3.501	0.176293
3.502	0.306359
3.503	-0.305397
3.504	0.344614
3.505	0.225068
3.506	0.297752
3.507	0.194146
3.508	-0.339188
3.509	-1.14509
3.51	-0.020081
3.511	-0.353215
3.512	-0.595495
3.513	-0.272561
3.514	-0.469254
3.515	-0.536838
3.516	-0.077781
3.517	-0.664672
3.518	-0.155247
3.519	-0.090214
3.52	-0.830761
3.521	0.020406
3.522	0.88783
3.523	-0.516435
3.524	-1.00386
3.525	0.00606
3.526	-0.277343
3.527	0.418892
3.528	-0.062161
3.529	0.215186
3.53	0.697513
3.531	-0.003185
3.532	0.35896
3.533	0.043358
3.534	0.364379
3.535	0.042402
3.536	0.054835
3.537	0.572548
3.538	-0.113486
3.539	0.38255
3.54	0.189045
3.541	-0.401352
3.542	0.208491
3.543	-0.582424
3.544	-0.098184
3.545	-0.565529
3.546	-0.404221
3.547	-0.236538
3.548	-0.365648
3.549	-0.417929
3.55	-0.508465
3.551	3.128e-06
3.552	-0.334725
3.553	-0.268736
3.554	0.148878
3.555	-0.118268
3.556	0.930229
3.557	-0.35449
3.558	0.031563
3.559	1.02746
3.56	-0.745007
3.561	0.551189
3.562	-0.373299
3.563	0.280537
3.564	-0.323886
3.565	-0.150465
3.566	0.646507
3.567	-0.365329
3.568	0.389563
3.569	0.228894
3.57	0.338557
3.571	-0.006691
3.572	0.160035
3.573	-0.047178
3.574	0.539713
3.575	-0.087983
3.576	-0.167361
3.577	-0.67041
3.578	0.031244
3.579	-0.166724
3.58	-0.402946
3.581	-0.504321
3.582	-0.475949
3.583	-0.627692
3.584	-0.385732
3.585	-0.025819
3.586	-0.176925
3.587	-0.42813
3.588	2.59686
3.589	0.426543
3.59	0.579243
3.591	1.09281
3.592	-0.505596
3.593	0.529512
3.594	-0.076187
3.595	0.625467
3.596	-0.467342
3.597	0.547683
3.598	0.006379
3.599	-0.368836
3.6	0.763822
3.601	-0.121455
3.602	0.275756
3.603	0.063442
3.604	0.102653
3.605	0.41156
3.606	0.065674
3.607	0.112536
3.608	0.345889
3.609	-0.576686
3.61	-0.045902
3.611	0.025506
3.612	-0.491888
3.613	0.08512
3.614	-0.633112
3.615	-0.26236
3.616	-0.452358
3.617	-0.566804
3.618	-0.35991
3.619	-0.037295
3.62	0.204984
3.621	-0.131019
3.622	0.788368
3.623	1.43137
3.624	-0.226337
3.625	0.010523
3.626	0.319111
3.627	-0.114123
3.628	0.088308
3.629	0.286276
3.63	0.728117
3.631	-0.133569
3.632	0.64045
3.633	-0.513566
3.634	0.509428
3.635	0.41156
3.636	-0.472123
3.637	0.301896
3.638	0.201478
3.639	0.157804
3.64	0.264279
3.641	0.128475
3.642	0.214548
3.643	0.116042
3.644	-0.093083
3.645	-0.309541
3.646	-0.376805
3.647	-0.021993
3.648	-0.452677
3.649	-0.398483
3.65	-0.27288
3.651	-0.571267
3.652	-0.282125
3.653	-0.422711
3.654	-0.263635
3.655	-0.206253
3.656	-0.310497
3.657	-0.318786
3.658	-0.155566
3.659	0.851807
3.66	-0.040164
3.661	0.230169
3.662	-0.258535
3.663	0.817378
3.664	-0.550227
3.665	0.354815
3.666	-0.14409
3.667	-0.042715
3.668	0.555334
3.669	0.157485
3.67	0.063761
3.671	0.304447
3.672	-0.088301
3.673	0.329631
3.674	0.385738
3.675	-0.066943
3.676	0.520267
3.677	-0.844788
3.678	0.202753
3.679	-0.073318
3.68	-0.582106
3.681	-0.007648
3.682	-0.705477
3.683	-0.279575
3.684	-0.230163
3.685	-0.512928
3.686	-0.245783
3.687	-0.645226
3.688	0.035707
3.689	-0.377443
3.69	-0.187126
3.691	-0.040802
3.692	-1.63188
3.693	0.738
3.694	-0.722692
3.695	0.022318
3.696	0.418892
3.697	-0.560428
3.698	0.340789
3.699	-0.123049
3.7	0.513253
3.701	-0.229206
3.702	0.491257
3.703	0.395301
3.704	-0.378718
3.705	0.14569
3.706	0.317517
3.707	0.455234
3.708	0.297114
3.709	-0.0781
3.71	0.381594
3.711	-0.016255
3.712	-0.140902
3.713	1.18048
3.714	-0.579874
3.715	-0.116355
3.716	-0.342057
3.717	-0.569035
3.718	-0.140902
3.719	-0.470211
3.72	-0.464791
3.721	-0.352259
3.722	0.25344
3.723	-0.475311
3.724	-0.483281
3.725	1.67524
3.726	-0.357041
3.727	0.842562
3.728	0.505602
3.729	-0.415698
3.73	-0.090533
3.731	-0.379993
3.732	0.462566
3.733	-0.395614
3.734	0.144415
3.735	-0.180113
3.736	0.606021
3.737	0.244833
3.738	-0.508147
3.739	0.760634
3.74	0.274162
3.741	-0.00446
3.742	0.392114
3.743	-0.127512
3.744	0.503371
3.745	-0.05451
3.746	-0.277343
3.747	-0.032513
3.748	-0.488063
3.749	-0.084157
3.75	-0.450127
3.751	-0.500496
3.752	-0.354809
3.753	-0.357997
3.754	-0.405496
3.755	-0.356722
3.756	-0.239407
3.757	-0.493482
3.758	-0.250884
3.759	-0.854033
3.76	0.757446
3.761	-0.710259
3.762	0.950632
3.763	-0.874754
3.764	-0.30189
3.765	-0.312091
3.766	0.75904
3.767	-0.376168
3.768	0.045909
3.769	-0.004779
3.77	0.182988
3.771	0.594545
3.772	-0.552458
3.773	0.453321
3.774	0.489344
3.775	-0.283719
3.776	0.506878
3.777	-0.127831
3.778	0.195102
3.779	-0.007967
3.78	-0.083838
3.781	0.759359
3.782	-0.43355
3.783	-0.298383
3.784	-0.37298
3.785	-0.503365
3.786	-0.249609
3.787	-0.273199
3.788	-0.439607
3.789	-0.301252
3.79	-0.342057
3.791	-0.666903
3.792	-0.186807
3.793	-2.07468
3.794	1.11736
3.795	-0.751064
3.796	1.20758
3.797	0.521861
3.798	0.902176
3.799	-0.164811
3.8	0.09819
3.801	0.000959
3.802	-0.070768
3.803	-0.243233
3.804	0.239095
3.805	0.577649
3.806	0.080019
3.807	-0.29137
3.808	0.553421
3.809	-0.04909
3.81	0.376812
3.811	0.073962
3.812	0.097553
3.813	0.329631
3.814	0.190001
3.815	0.056748
3.816	-0.14122
3.817	-0.1782
3.818	-0.610478
3.819	-0.445026
3.82	-0.360866
3.821	-0.450765
3.822	-0.344608
3.823	-0.460966
3.824	0.182988
3.825	-0.32038
3.826	0.026781
3.827	-0.078419
3.828	0.013711
3.829	-0.043352
3.83	0.606977
3.831	1.00801
3.832	0.689863
3.833	-0.343014
3.834	0.198927
3.835	-0.034426
3.836	-0.04399
3.837	-0.137714
3.838	-0.131976
3.839	0.166092
3.84	-0.085751
3.841	-0.023268
3.842	0.525686
3.843	-0.072043
3.844	0.073962
3.845	0.400083
3.846	0.187451
3.847	0.60634
3.848	-0.146321
3.849	-0.124643
3.85	0.034751
3.851	-0.541619
3.852	-0.493482
3.853	-0.173418
3.854	-0.330581
3.855	-0.575411
3.856	-0.216136
3.857	0.022956
3.858	-0.918747
3.859	0.018493
3.86	-0.793144
3.861	0.22188
3.862	0.2324
3.863	0.284363
3.864	0.983786
3.865	0.074919
3.866	0.284682
3.867	-0.944569
3.868	0.802395
3.869	0.165136
3.87	-0.256622
3.871	0.988887
3.872	-0.772104
3.873	0.570317
3.874	-0.106791
3.875	0.059617
3.876	0.643319
3.877	0.352584
3.878	0.269699
3.879	0.411879
3.88	0.308591
3.881	0.368204
3.882	-0.033789
3.883	-0.746601
3.884	0.051647
3.885	-0.340464
3.886	-0.694319
3.887	-0.102328
3.888	-0.402309
3.889	-0.403265
3.89	-0.230481
3.891	-0.153653
3.892	-0.509103
3.893	-0.150146
3.894	0.462247
3.895	-0.657659
3.896	0.525049
3.897	1.28281
3.898	0.707715
3.899	0.333138
3.9	-0.876029
3.901	0.591994
3.902	0.400402
3.903	0.057066
3.904	-0.180431
3.905	0.286594
3.906	0.087351
3.907	-0.247696
3.908	0.340151
3.909	-0.184257
3.91	0.369798
3.911	0.476274
3.912	-0.09914
3.913	-0.050047
3.914	0.285957
3.915	-0.059929
3.916	0.329312
3.917	-0.510059
3.918	-0.130382
3.919	-0.091808
3.92	-0.610478
3.921	-0.203065
3.922	-0.323568
3.923	-0.634068
3.924	-0.271605
3.925	-0.416973
3.926	-0.496033
3.927	-0.113486
3.928	0.261091
3.929	-2.3211
3.93	-0.240683
3.931	1.28887
3.932	0.537163
3.933	0.705164
3.934	-0.625461
3.935	-0.163217
3.936	0.092452
3.937	-0.285951
3.938	0.272887
3.939	-0.050366
3.94	0.238457
3.941	0.055791
3.942	0.087033
3.943	-0.198921
3.944	0.370117
3.945	0.143139
3.946	0.161948
3.947	0.423992
3.948	-0.092764
3.949	0.55884
3.95	-0.126875
3.951	0.1272
3.952	-0.372661
3.953	-0.304759
3.954	-0.496351
3.955	-0.190314
3.956	-0.362779
3.957	-0.330262
3.958	-0.31783
3.959	-0.144727
3.96	-0.721416
3.961	-0.171505
3.962	-0.1307
3.963	-0.369473
3.964	0.612716
3.965	1.70393
3.966	0.163861
3.967	1.18175
3.968	-0.870928
3.969	0.635031
3.97	0.094683
3.971	-0.677423
3.972	0.38
3.973	-0.077781
3.974	0.354815
3.975	-0.26778
3.976	0.429093
3.977	-0.328668
3.978	0.646188
3.979	0.243239
3.98	-0.179794
3.981	0.575736
3.982	0.003829
3.983	0.493807
3.984	-0.11763
3.985	1.23499
3.986	-0.787406
3.987	-0.387644
3.988	-0.29934
3.989	-0.221236
3.99	-0.409322
3.991	-0.427812
3.992	-0.395933
3.993	-0.888462
3.994	-0.204978
3.995	-0.378718
3.996	0.040489
3.997	-0.579874
3.998	0.913971
3.999	0.728755
4	0.061529
4.001	0.861052
4.002	0.007016
4.003	-0.566485
4.004	0.925129
4.005	0.340151
4.006	0.830767
4.007	0.093408
4.008	0.386375
4.009	0.135807
4.01	0.059617
4.011	0.212317
4.012	0.471492
4.013	0.287232
4.014	0.171512
4.015	0.222199
4.016	0.000322
4.017	0.035389
4.018	-0.018805
4.019	0.364379
4.02	-0.253753
4.021	-0.280212
4.022	-0.423349
4.023	-0.514204
4.024	-0.307309
4.025	-0.641082
4.026	-0.298383
4.027	-0.516754
4.028	-0.077144
4.029	-0.128469
4.03	-0.28085
4.031	-1.05551
4.032	0.80112
4.033	0.021362
4.034	1.5659
4.035	0.201478
4.036	-0.557878
4.037	-0.261085
4.038	0.591038
4.039	-0.403903
4.04	1.04276
4.041	-0.362141
4.042	0.236863
4.043	0.667866
4.044	-0.521536
4.045	0.52218
4.046	-0.021675
4.047	0.353221
4.048	0.455234
4.049	-0.175012
4.05	0.56426
4.051	0.146327
4.052	0.106479
4.053	-1.10428
4.054	-0.629924
4.055	-0.297427
4.056	-0.389238
4.057	-0.343651
4.058	-0.264911
4.059	-0.311773
4.06	-0.461285
4.061	-0.45714
4.062	0.131344
4.063	-0.26236
4.064	-0.112848
4.065	0.466073
4.066	1.59331
4.067	-0.075869
4.068	0.638537
4.069	0.530149
4.07	0.313373
4.071	0.272887
4.072	0.018493
4.073	-0.560428
4.074	0.525686
4.075	-0.474355
4.076	0.280537
4.077	-0.06248
4.078	-0.228569
4.079	0.305084
4.08	0.275437
4.081	-0.009561
4.082	0.422399
4.083	0.09564
4.084	0.347164
4.085	0.329312
4.086	-0.001591
4.087	-0.122412
4.088	-0.143771
4.089	-0.535881
4.09	-0.163536
4.091	-0.257897
4.092	-0.302209
4.093	-0.387326
4.094	-0.448852
4.095	-0.417929
4.096	0.135488
4.097	-0.331856
4.098	-0.250884
4.099	-1.01757
4.1	-1.71891
4.101	-1.15656
4.102	0.944256
4.103	0.243877
4.104	0.256628
4.105	0.163542
4.106	-0.114442
4.107	0.405503
4.108	0.404865
4.109	-0.051322
4.11	-0.266504
4.111	0.455871
4.112	0.046546
4.113	0.389563
4.114	0.386694
4.115	-0.273837
4.116	0.696557
4.117	0.039852
4.118	0.199884
4.119	0.484562
4.12	-0.247058
4.121	0.476593
4.122	-0.029644
4.123	0.023912
4.124	-0.160985
4.125	-0.295514
4.126	-0.54417
4.127	-0.255347
4.128	-0.577324
4.129	-0.048453
4.13	-0.516754
4.131	-0.332175
4.132	0.16131
4.133	-0.425899
4.134	0.186176
4.135	0.313692
4.136	-0.611115
4.137	0.289782
4.138	0.170874
4.139	-0.675511
4.14	0.244833
4.141	-0.107748
4.142	-0.042077
4.143	0.533975
4.144	-0.82056
4.145	0.471492
4.146	0.18522
4.147	0.073962
4.148	0.110304
4.149	0.010204
4.15	-0.027732
4.151	0.396258
4.152	0.204666
4.153	0.288188
4.154	0.035707
4.155	-0.149509
4.156	-0.438013
4.157	-0.050047
4.158	-0.612709
4.159	-0.442157
4.16	-0.2834
4.161	-0.579874
4.162	-0.319423
4.163	0.069818
4.164	-0.628649
4.165	0.126244
4.166	-0.307309
4.167	-1.2691
4.168	0.231763
4.169	0.289464
4.17	0.511341
4.171	0.368204
4.172	0.330587
4.173	-0.505277
4.174	0.297114
4.175	-0.160667
4.176	-0.471805
4.177	0.504327
4.178	-0.439288
4.179	0.812596
4.18	-0.123368
4.181	-0.016574
4.182	0.909827
4.183	0.220605
4.184	0.207216
4.185	0.247383
4.186	0.156529
4.187	0.267148
4.188	-0.132613
4.189	0.083207
4.19	-0.390195
4.191	-0.197646
4.192	-0.532056
4.193	-0.663716
4.194	-0.469254
4.195	-0.552139
4.196	-0.244189
4.197	-0.431
4.198	-0.747238
4.199	-0.023587
4.2	0.381594
4.201	0.698789
4.202	-0.351302
4.203	1.04659
4.204	0.722379
4.205	0.103928
4.206	-0.433869
4.207	0.484244
4.208	-0.133888
4.209	-0.535881
4.21	0.186176
4.211	0.451727
4.212	-0.256622
4.213	-0.374255
4.214	0.099784
4.215	0.072049
4.216	0.26683
4.217	0.848301
4.218	-0.780074
4.219	0.667547
4.22	-0.253434
4.221	0.757765
4.222	0.206897
4.223	-0.411553
4.224	-0.331219
4.225	-0.281169
4.226	-0.413147
4.227	-0.081288
4.228	-0.423349
4.229	-0.461603
4.23	-0.32293
4.231	-0.048772
4.232	-0.447258
4.233	-0.185851
4.234	-0.057379
4.235	0.668185
4.236	0.406459
4.237	0.653521
4.238	0.484881
4.239	-0.110298
4.24	-0.307309
4.241	0.277668
4.242	0.333775
4.243	-0.597089
4.244	0.616541
4.245	0.131025
4.246	0.049415
4.247	-0.00191
4.248	0.236863
4.249	-0.102966
4.25	-0.196371
4.251	0.797932
4.252	-0.199559
4.253	-0.190314
4.254	0.884961
4.255	-0.365648
4.256	0.408372
4.257	-0.350984
4.258	-0.348752
4.259	-0.205935
4.26	-0.588163
4.261	-0.202109
4.262	-0.431
4.263	-0.580193
4.264	0.194783
4.265	-0.510697
4.266	-0.384456
4.267	0.825029
4.268	0.54035
4.269	0.033157
4.27	0.855633
4.271	0.088945
4.272	0.155572
4.273	0.196377
4.274	0.041764
4.275	-0.181707
4.276	0.521861
4.277	0.137401
4.278	-0.106472
4.279	0.284682
4.28	-0.360547
4.281	0.265873
4.282	-0.00446
4.283	0.463841
4.284	0.336963
4.285	0.281175
4.286	0.029651
4.287	0.039852
4.288	0.120824
4.289	0.109985
4.29	0.278625
4.291	-0.185532
4.292	-0.20976
4.293	0.185538
4.294	-0.444389
4.295	-0.205297
4.296	-0.46766
4.297	-0.477543
4.298	-0.065986
4.299	0.218055
4.3	-0.031876
4.301	-0.708027
4.302	-2.52608
4.303	-0.073318
4.304	0.717916
4.305	-0.165448
4.306	0.162904
4.307	-0.060567
4.308	-0.468935
4.309	0.592632
4.31	-0.067261
4.311	0.209448
4.312	0.164817
4.313	0.390201
4.314	0.326443
4.315	-0.241639
4.316	0.568404
4.317	0.019768
4.318	0.031882
4.319	0.227937
4.32	0.263004
4.321	0.024231
4.322	0.421123
4.323	0.153978
4.324	-0.094358
4.325	-0.363416
4.326	-0.361822
4.327	-0.425899
4.328	-0.315917
4.329	-0.389238
4.33	-0.226656
4.331	-0.590075
4.332	-0.337276
4.333	-0.221236
4.334	-0.433869
4.335	-1.5321
4.336	-0.257897
4.337	-0.642357
4.338	0.808133
4.339	0.92226
4.34	0.759996
4.341	-0.127831
4.342	0.152065
4.343	0.350671
4.344	-0.14664
4.345	0.036983
4.346	0.393708
4.347	0.147284
4.348	-0.189676
4.349	-0.103922
4.35	0.370436
4.351	0.042402
4.352	0.405503
4.353	0.254716
4.354	0.184582
4.355	0.042402
4.356	0.333138
4.357	0.0271
4.358	-0.100415
4.359	-0.142814
4.36	-0.258535
4.361	-0.094358
4.362	-0.19924
4.363	-0.424624
4.364	-0.401033
4.365	-0.644269
4.366	-0.40454
4.367	-0.365648
4.368	-0.018487
4.369	-0.428768
4.37	1.39725
4.371	-0.360547
4.372	0.970716
4.373	0.762546
4.374	0.357366
4.375	0.284682
4.376	-0.186807
4.377	0.626742
4.378	0.026781
4.379	-0.464472
4.38	0.445351
4.381	0.264598
4.382	0.014986
4.383	-0.181707
4.384	0.202115
4.385	-0.057379
4.386	0.462566
4.387	0.136126
4.388	0.16131
4.389	0.291057
4.39	0.053878
4.391	0.470854
4.392	-0.057379
4.393	0.313692
4.394	-0.59932
4.395	-0.112529
4.396	-0.756802
4.397	-0.499539
4.398	-0.488063
4.399	-0.610159
4.4	-0.207847
4.401	-0.860727
4.402	-0.023587
4.403	-0.711215
4.404	-0.348114
4.405	-0.501452
4.406	0.739594
4.407	0.588169
4.408	-0.675511
4.409	-0.044627
4.41	0.012436
4.411	0.413154
4.412	-0.023587
4.413	-0.306991
4.414	0.190001
4.415	0.072368
4.416	0.19032
4.417	-0.05961
4.418	0.223474
4.419	0.382869
4.42	-0.145683
4.421	0.179163
4.422	0.575736
4.423	-0.09404
4.424	0.16928
4.425	0.087033
4.426	0.09564
4.427	-0.031557
4.428	-0.068537
4.429	-0.265229
4.43	-0.77848
4.431	-0.217411
4.432	-0.216773
4.433	-0.537794
4.434	-0.353534
4.435	-0.361185
4.436	-0.611753
4.437	0.25886
4.438	-0.425899
4.439	-0.438651
4.44	0.056429
4.441	0.436106
4.442	0.454915
4.443	0.37203
4.444	-0.688262
4.445	0.635031
4.446	-0.002866
4.447	-0.345564
4.448	0.414748
4.449	0.386375
4.45	0.279581
4.451	0.071731
4.452	0.314648
4.453	-0.11508
4.454	0.529512
4.455	0.20084
4.456	0.308272
4.457	0.226025
4.458	-0.049409
4.459	0.396258
4.46	-0.114123
4.461	-0.064392
4.462	-0.301252
4.463	-0.25184
4.464	-0.503683
4.465	-0.365329
4.466	-0.287863
4.467	-0.646501
4.468	-0.291689
4.469	-0.499858
4.47	-0.253753
4.471	0.194146
4.472	-0.403584
4.473	2.29114
4.474	0.705483
4.475	-0.196052
4.476	1.50851
4.477	0.050691
4.478	0.354496
4.479	-0.146321
4.48	0.793788
4.481	-0.656065
4.482	-0.180113
4.483	0.42208
4.484	0.038895
4.485	0.597095
4.486	-0.306034
4.487	0.377768
4.488	-0.155566
4.489	0.147284
4.49	0.304765
4.491	0.104885
4.492	0.339195
4.493	0.20626
4.494	0.040171
4.495	-0.154928
4.496	-0.188401
4.497	-0.687944
4.498	-0.441838
4.499	-0.698782
4.5	-0.2308
4.501	-0.432594
4.502	-0.529505
4.503	-0.30986
4.504	-0.458415
4.505	0.241645
4.506	0.14027
4.507	0.076512
4.508	0.393708
4.509	-0.143771
4.51	0.185538
4.511	0.584343
4.512	0.247065
4.513	-0.320699
4.514	0.697195
4.515	-0.650008
4.516	0.099465
4.517	0.88783
4.518	0.398171
4.519	0.262685
4.52	-0.019124
4.521	-0.554052
4.522	-0.764134
4.523	0.36151
4.524	0.361829
4.525	0.755852
4.526	0.323574
4.527	0.204028
4.528	-0.198921
4.529	-0.15971
4.53	-0.126875
4.531	-0.491251
4.532	-0.435144
4.533	-0.413147
4.534	-0.729386
4.535	-0.206253
4.536	-0.601233
4.537	-0.422711
4.538	-0.155247
4.539	-0.190951
4.54	-1.76928
4.541	-0.678061
4.542	0.185857
4.543	0.669141
4.544	0.625786
4.545	-0.163217
4.546	-0.023268
4.547	0.170236
4.548	0.427499
4.549	-0.361822
4.55	0.383825
4.551	0.299027
4.552	-0.201153
4.553	0.154297
4.554	0.131982
4.555	0.338557
4.556	0.002235
4.557	0.562028
4.558	0.160035
4.559	0.075237
4.56	0.290739
4.561	0.255353
4.562	0.134532
4.563	-0.07013
4.564	0.016261
4.565	0.175656
4.566	-0.371705
4.567	-0.689219
4.568	-0.32293
4.569	-0.352578
4.57	-0.472761
4.571	-0.379037
4.572	-0.352578
4.573	0.169599
4.574	-0.638212
4.575	0.320067
4.576	0.677749
4.577	0.96179
4.578	-0.046859
4.579	0.272568
4.58	0.774342
4.581	0.115086
4.582	0.718235
4.583	-0.139945
4.584	-0.737993
4.585	0.660534
4.586	0.050372
4.587	0.441207
4.588	-0.026775
4.589	-0.170549
4.59	0.228256
4.591	-0.394658
4.592	0.679024
4.593	0.045271
4.594	0.399446
4.595	0.350352
4.596	-0.065667
4.597	0.166411
4.598	-0.635025
4.599	0.17183
4.6	-0.581468
4.601	-0.649689
4.602	-0.294239
4.603	-0.655746
4.604	-0.22283
4.605	-0.432912
4.606	-0.49157
4.607	0.112536
4.608	-0.373299
4.609	0.464479
4.61	-0.492207
4.611	1.35262
4.612	-0.599958
4.613	-0.033151
4.614	0.855952
4.615	-0.454909
4.616	0.515485
4.617	-0.802389
4.618	-0.098503
4.619	0.284363
4.62	0.397852
4.621	0.549914
4.622	-0.316554
4.623	0.444395
4.624	-0.17023
4.625	0.372986
4.626	0.520267
4.627	-0.171505
4.628	0.402952
4.629	0.078106
4.63	0.078744
4.631	-0.329625
4.632	-0.308266
4.633	-0.386369
4.634	-0.418886
4.635	-0.347477
4.636	-0.582743
4.637	-0.337276
4.638	-0.50974
4.639	-0.104878
4.64	-0.367879
4.641	0.393389
4.642	-0.256303
4.643	1.62965
4.644	1.10684
4.645	0.883049
4.646	1.85631
4.647	0.366929
4.648	0.163542
4.649	-0.24929
4.65	0.652564
4.651	-0.796332
4.652	0.201478
4.653	0.540669
4.654	-0.055466
4.655	0.171193
4.656	0.110623
4.657	0.374899
4.658	0.354496
4.659	0.095002
4.66	0.305084
4.661	0.098509
4.662	0.14027
4.663	0.442163
4.664	-0.071087
4.665	-0.227293
