0	-0.183301
0.001	0.12465
0.002	0.526961
0.003	0.073962
0.004	0.173106
0.005	-0.016893
0.006	0.285957
0.007	-0.312729
0.008	-0.353215
0.009	-0.067899
0.01	0.039214
0.011	-0.690813
0.012	0.228575
0.013	-0.54417
0.014	-0.899619
0.015	0.192233
0.016	-0.229206
0.017	0.014986
0.018	-0.361822
0.019	0.180756
0.02	0.309866
0.021	-0.503683
0.022	1.34848
0.023	0.065674
0.024	0.499545
0.025	-0.18872
0.026	0.29042
0.027	0.110942
0.028	0.423992
0.029	0.115724
0.03	-0.058973
0.031	0.611122
0.032	-0.629286
0.033	0.210723
0.034	0.248021
0.035	-0.122093
0.036	0.449177
0.037	0.278306
0.038	0.090858
0.039	0.14824
0.04	0.10616
0.041	0.233357
0.042	-0.480412
0.043	-0.260129
0.044	-0.456503
0.045	-0.051959
0.046	-0.480731
0.047	-0.355128
0.048	-0.749789
0.049	-0.116036
0.05	-0.229525
0.051	0.065036
0.052	-0.286588
0.053	1.02778
0.054	0.050691
0.055	0.109985
0.056	0.965615
0.057	-0.151103
0.058	0.331225
0.059	-0.421755
0.06	-0.058973
0.061	0.109985
0.062	0.357684
0.063	0.243877
0.064	0.535887
0.065	0.604108
0.066	-0.132294
0.067	0.054197
0.068	0.054516
0.069	-0.062161
0.07	0.343658
0.071	0.129431
0.072	0.283407
0.073	0.087351
0.074	0.09819
0.075	0.139951
0.076	0.326762
0.077	-0.388282
0.078	-0.140583
0.079	-0.18075
0.08	0.078744
0.081	0.39307
0.082	-0.12815
0.083	-0.458415
0.084	-0.221555
0.085	-0.104878
0.086	-0.162898
0.087	0.161948
0.088	-0.031876
0.089	-0.698145
0.09	0.912696
0.091	-0.366604
0.092	0.82471
0.093	-0.39402
0.094	0.202115
0.095	-0.012748
0.096	0.688587
0.097	-0.030282
0.098	-0.008923
0.099	0.242283
0.1	-0.222193
0.101	0.35609
0.102	0.022318
0.103	0.079063
0.104	0.099784
0.105	0.336644
0.106	-0.020718
0.107	0.220286
0.108	0.192552
0.109	0.260773
0.11	0.376174
0.111	-0.832674
0.112	-0.311773
0.113	-0.320699
0.114	-0.246421
0.115	-0.46766
0.116	-0.364691
0.117	0.095959
0.118	-0.191908
0.119	-0.411553
0.12	-0.06248
0.121	0.486794
0.122	0.156847
0.123	-0.056423
0.124	0.796657
0.125	0.120824
0.126	0.058342
0.127	0.03252
0.128	0.295202
0.129	0.199246
0.13	0.755533
0.131	-0.405178
0.132	0.184582
0.133	-0.058973
0.134	0.044315
0.135	-0.098821
0.136	-0.04909
0.137	0.184582
0.138	0.877629
0.139	-0.039527
0.14	0.470217
0.141	0.235907
0.142	-0.366604
0.143	0.547045
0.144	-0.226018
0.145	-0.602508
0.146	-0.352578
0.147	-0.327074
0.148	-0.14664
0.149	-0.437694
0.15	-0.276706
0.151	-0.313366
0.152	-0.155885
0.153	-0.347158
0.154	-0.26236
0.155	0.153341
0.156	0.136126
0.157	-0.452358
0.158	0.97486
0.159	-0.249609
0.16	0.464479
0.161	0.270655
0.162	-0.511653
0.163	0.442163
0.164	-0.042077
0.165	0.321661
0.166	-0.174693
0.167	0.379681
0.168	0.113811
0.169	-0.155247
0.17	0.360553
0.171	-0.160667
0.172	0.712178
0.173	0.04304
0.174	0.404865
0.175	0.018174
0.176	-0.112211
0.177	0.299984
0.178	-0.618129
0.179	0.456828
0.18	-0.62036
0.181	0.180119
0.182	-0.565529
0.183	-0.481049
0.184	-0.161623
0.185	-0.384138
0.186	0.167686
0.187	-0.345883
0.188	0.111579
0.189	-0.68635
0.19	0.028375
0.191	-0.553096
0.192	0.99335
0.193	-0.261085
0.194	0.612078
0.195	-0.226656
0.196	0.608253
0.197	-0.164492
0.198	-0.214861
0.199	-0.020399
0.2	0.108073
0.201	0.23782
0.202	-0.044309
0.203	-0.027732
0.204	0.102016
0.205	-0.033151
0.206	0.562666
0.207	0.277668
0.208	0.230806
0.209	0.18777
0.21	0.08767
0.211	0.283407
0.212	0.372986
0.213	-0.18872
0.214	-0.357041
0.215	-0.029007
0.216	-0.592626
0.217	-0.617172
0.218	0.303809
0.219	-0.182344
0.22	-0.153653
0.221	-0.199559
0.222	0.038258
0.223	-0.411872
0.224	0.512935
0.225	-0.473399
0.226	1.19801
0.227	-0.163854
0.228	0.496995
0.229	-0.146959
0.23	-0.377762
0.231	0.204984
0.232	-0.499858
0.233	0.73258
0.234	-0.065349
0.235	0.602196
0.236	0.037939
0.237	-0.533012
0.238	0.465435
0.239	-0.152378
0.24	0.898988
0.241	0.414429
0.242	-0.061204
0.243	0.370755
0.244	-0.282444
0.245	0.485838
0.246	-0.252159
0.247	-0.673279
0.248	-0.365648
0.249	-0.472761
0.25	0.620367
0.251	0.06408
0.252	-0.34142
0.253	-0.676786
0.254	-0.158754
0.255	-0.287545
0.256	-0.21773
0.257	-1.24519
0.258	-0.46256
0.259	-0.056741
0.26	0.70357
0.261	-0.323886
0.262	0.622279
0.263	0.425268
0.264	-0.283082
0.265	0.873804
0.266	0.098828
0.267	0.133576
0.268	0.236226
0.269	0.247702
0.27	-0.215817
0.271	-0.065667
0.272	0.285638
0.273	-0.023268
0.274	0.579243
0.275	-0.049409
0.276	0.146965
0.277	0.177569
0.278	-0.138989
0.279	0.3851
0.28	-0.122731
0.281	-0.396889
0.282	-0.346839
0.283	-0.083838
0.284	-0.457459
0.285	-0.411235
0.286	0.151109
0.287	-0.22028
0.288	0.105203
0.289	-0.648414
0.29	-0.270011
0.291	-0.713447
0.292	-1.48524
0.293	0.130069
0.294	0.523136
0.295	0.029969
0.296	0.294245
0.297	0.263642
0.298	-0.111254
0.299	0.828855
0.3	-0.095315
0.301	0.05866
0.302	0.008929
0.303	0.351946
0.304	-0.023906
0.305	0.084801
0.306	0.127519
0.307	0.143777
0.308	-0.123687
0.309	0.042402
0.31	-0.066305
0.311	-0.02295
0.312	0.215823
0.313	-0.052597
0.314	0.172787
0.315	0.004466
0.316	0.127838
0.317	-0.248334
0.318	0.068543
0.319	-0.266823
0.32	-0.322611
0.321	-0.554371
0.322	-0.38605
0.323	-0.158754
0.324	-0.360228
0.325	-0.233032
0.326	1.19323
0.327	-0.45714
0.328	1.60797
0.329	0.393389
0.33	0.148878
0.331	0.801757
0.332	-0.199559
0.333	0.473086
0.334	-0.370111
0.335	0.456828
0.336	0.080976
0.337	0.151747
0.338	0.695282
0.339	-0.248334
0.34	0.194146
0.341	-0.256622
0.342	-0.263317
0.343	0.630249
0.344	-0.287863
0.345	-0.258854
0.346	0.028694
0.347	0.177887
0.348	-0.027413
0.349	-0.10456
0.35	-0.124006
0.351	-0.370748
0.352	-0.3835
0.353	-0.403584
0.354	-0.592307
0.355	-0.190633
0.356	-0.531737
0.357	0.021362
0.358	-0.074275
0.359	-0.121774
0.36	-0.243552
0.361	-0.813228
0.362	0.150472
0.363	0.365654
0.364	-0.451402
0.365	0.485838
0.366	-0.830442
0.367	0.772748
0.368	0.203391
0.369	-0.878261
0.37	0.294245
0.371	-0.247377
0.372	0.88528
0.373	-0.429406
0.374	0.217736
0.375	-0.232713
0.376	0.194464
0.377	0.273843
0.378	0.107754
0.379	0.320067
0.38	-0.072362
0.381	-0.01243
0.382	0.223155
0.383	0.005104
0.384	-0.095315
0.385	-0.389238
0.386	-0.162898
0.387	-0.811634
0.388	-1.1776
0.389	-0.287863
0.39	-0.370111
0.391	0.049097
0.392	-0.236857
0.393	0.168643
0.394	0.657027
0.395	1.45368
0.396	0.855633
0.397	1.59108
0.398	-0.047815
0.399	0.562666
0.4	-0.227612
0.401	0.815465
0.402	-0.000634
0.403	0.55374
0.404	-0.205616
0.405	0.138039
0.406	0.678705
0.407	-0.139945
0.408	0.136764
0.409	-0.080969
0.41	-0.057379
0.411	1.18558
0.412	0.005104
0.413	0.149515
0.414	0.301259
0.415	-0.264273
0.416	0.463204
0.417	-0.08065
0.418	-0.527911
0.419	0.134213
0.42	-0.405178
0.421	-0.189039
0.422	-1.1164
0.423	-0.16226
0.424	-0.434506
0.425	-0.153972
0.426	-0.07555
0.427	-0.128788
0.428	0.233038
0.429	-0.555646
0.43	-0.198602
0.431	0.887193
0.432	-0.24929
0.433	0.636625
0.434	-0.124962
0.435	0.368842
0.436	0.26141
0.437	0.172468
0.438	0.073643
0.439	0.09022
0.44	0.938837
0.441	-0.795375
0.442	0.390201
0.443	-0.230163
0.444	0.012755
0.445	0.34844
0.446	-0.004779
0.447	0.460334
0.448	-0.107748
0.449	-0.024225
0.45	0.320705
0.451	-0.020399
0.452	-0.443432
0.453	-0.329625
0.454	-0.128788
0.455	-0.459691
0.456	0.068543
0.457	-0.268417
0.458	-0.003822
0.459	-0.44662
0.46	-0.117311
0.461	0.009567
0.462	-0.744369
0.463	0.5378
0.464	-0.860727
0.465	0.954776
0.466	-0.326756
0.467	0.656708
0.468	-0.14409
0.469	0.135807
0.47	0.441845
0.471	0.043677
0.472	0.268105
0.473	0.002553
0.474	0.329312
0.475	-0.136439
0.476	0.131344
0.477	0.163861
0.478	0.029651
0.479	0.408372
0.48	0.445033
0.481	-0.011792
0.482	0.127519
0.483	0.113492
0.484	0.201478
0.485	-0.293283
0.486	0.074281
0.487	-0.426218
0.488	-0.089895
0.489	-0.393382
0.49	-0.24132
0.491	-0.215179
0.492	0.079063
0.493	-0.536519
0.494	-0.603464
0.495	-0.086389
0.496	-1.63985
0.497	-0.274793
0.498	-0.248971
0.499	0.451727
0.5	-0.049409
0.501	0.188726
0.502	-0.000634
0.503	-0.055785
0.504	0.502096
0.505	-0.641082
0.506	0.474042
0.507	-0.349071
0.508	0.218055
0.509	-0.027094
0.51	-0.309541
0.511	0.080338
0.512	-0.256303
0.513	0.545451
0.514	0.214867
0.515	-0.125919
0.516	0.212954
0.517	0.029969
0.518	0.350671
0.519	-0.138989
0.52	-0.504002
0.521	-0.233669
0.522	-0.208166
0.523	-0.463516
0.524	0.026463
0.525	-0.415379
0.526	-0.344927
0.527	0.017855
0.528	-0.488063
0.529	-0.219324
0.53	-0.984099
0.531	0.588169
0.532	-0.687306
0.533	0.648739
0.534	0.028375
0.535	0.747882
0.536	-0.106472
0.537	0.228256
0.538	0.642682
0.539	0.001278
0.54	0.459378
0.541	-0.241639
0.542	0.405503
0.543	-0.269374
0.544	-0.025181
0.545	0.236863
0.546	0.114448
0.547	0.154935
0.548	0.572229
0.549	0.143139
0.55	0.062486
0.551	-0.015936
0.552	0.246746
0.553	-0.057379
0.554	-0.250565
0.555	0.058979
0.556	-0.467342
0.557	-0.332175
0.558	-0.859452
0.559	-0.164492
0.56	-0.218686
0.561	-0.638531
0.562	0.157485
0.563	-0.350027
0.564	-0.367879
0.565	0.657027
0.566	-1.35389
0.567	1.01439
0.568	-0.484237
0.569	0.41156
0.57	0.518673
0.571	-0.633112
0.572	1.1113
0.573	-1.242
0.574	-0.302846
0.575	-0.198602
0.576	0.058979
0.577	0.088945
0.578	-0.218367
0.579	0.275756
0.58	0.109985
0.581	0.195421
0.582	0.522498
0.583	-0.077463
0.584	0.245152
0.585	0.339832
0.586	-0.04399
0.587	0.172468
0.588	-0.093083
0.589	-0.384775
0.59	-0.643313
0.591	-0.242595
0.592	-0.448852
0.593	-0.691769
0.594	-0.365648
0.595	-0.203703
0.596	-0.088301
0.597	-0.226656
0.598	-0.056423
0.599	-0.109979
0.6	-0.35991
0.601	1.17346
0.602	-0.08065
0.603	0.505284
0.604	-0.091808
0.605	-0.035064
0.606	0.080657
0.607	0.22985
0.608	0.069818
0.609	0.02455
0.61	-0.056104
0.611	-0.31783
0.612	0.095959
0.613	-0.002866
0.614	0.088308
0.615	0.288826
0.616	-0.033789
0.617	-0.090852
0.618	0.106479
0.619	0.228256
0.62	0.193508
0.621	-0.153016
0.622	-0.328668
0.623	-0.426218
0.624	-0.42303
0.625	0.007973
0.626	-0.518667
0.627	-0.261404
0.628	-0.206572
0.629	-0.380631
0.63	0.26683
0.631	-0.205616
0.632	-1.02937
0.633	0.175975
0.634	-0.670729
0.635	0.081294
0.636	-0.058016
0.637	0.376812
0.638	0.120187
0.639	0.368204
0.64	0.707715
0.641	0.035389
0.642	0.446627
0.643	0.3325
0.644	-0.061842
0.645	0.308591
0.646	-0.057698
0.647	-0.083838
0.648	0.24834
0.649	0.148878
0.65	0.578286
0.651	-0.225381
0.652	0.260773
0.653	-0.064392
0.654	-0.08352
0.655	0.034432
0.656	-0.3309
0.657	0.001278
0.658	-0.384456
0.659	-0.149509
0.66	-0.521536
0.661	-1.06507
0.662	-0.175968
0.663	-0.287863
0.664	0.281813
0.665	-0.080332
0.666	-0.05961
0.667	1.32553
0.668	-0.076506
0.669	-0.580193
0.67	1.11098
0.671	-0.400396
0.672	0.306359
0.673	0.108073
0.674	-0.125281
0.675	-0.142177
0.676	0.235588
0.677	-0.126556
0.678	0.123056
0.679	-0.036658
0.68	-0.10711
0.681	0.346527
0.682	-0.280531
0.683	0.218374
0.684	0.584343
0.685	0.059298
0.686	0.379362
0.687	0.103291
0.688	0.089583
0.689	-0.054191
0.69	-0.445664
0.691	-0.023268
0.692	-0.418886
0.693	-0.234307
0.694	-0.410278
0.695	-0.48615
0.696	-0.606334
0.697	-0.284994
0.698	-0.336957
0.699	-0.048453
0.7	-0.338232
0.701	0.160354
0.702	-0.055785
0.703	-0.169274
0.704	1.37813
0.705	0.2324
0.706	0.514529
0.707	-0.363098
0.708	-0.252797
0.709	-0.202109
0.71	0.533656
0.711	-0.450127
0.712	0.387969
0.713	-0.080332
0.714	-0.089577
0.715	0.194464
0.716	-0.327074
0.717	-0.097865
0.718	0.932461
0.719	0.072687
0.72	0.10074
0.721	0.072368
0.722	0.048459
0.723	0.073006
0.724	-0.037933
0.725	-0.351621
0.726	-0.06758
0.727	-0.392107
0.728	-0.78358
0.729	0.126562
0.73	-0.578918
0.731	-0.065349
0.732	-0.338232
0.733	0.007335
0.734	-0.158116
0.735	1.38674
0.736	1.0756
0.737	-0.182982
0.738	1.34816
0.739	-0.191589
0.74	1.11545
0.741	-0.610797
0.742	1.06954
0.743	-0.547358
0.744	-0.203703
0.745	0.470536
0.746	0.058342
0.747	0.161629
0.748	-0.631837
0.749	0.144415
0.75	0.116999
0.751	-0.069174
0.752	0.467348
0.753	0.309547
0.754	0.004147
0.755	0.061529
0.756	-0.131019
0.757	0.467029
0.758	0.734812
0.759	-0.326118
0.76	-0.37043
0.761	-0.237813
0.762	-0.551183
0.763	-0.55724
0.764	-0.713128
0.765	-0.284994
0.766	-0.204659
0.767	-0.14919
0.768	-0.469254
0.769	0.026144
0.77	0.218055
0.771	0.128156
0.772	1.30162
0.773	0.104247
0.774	0.421761
0.775	0.231444
0.776	0.871253
0.777	-0.495714
0.778	-0.626098
0.779	0.470854
0.78	-0.295833
0.781	0.639494
0.782	-0.200834
0.783	-0.05961
0.784	-0.004141
0.785	-0.096271
0.786	0.326443
0.787	0.308591
0.788	0.213273
0.789	-0.059292
0.79	0.227937
0.791	-0.122731
0.792	-0.009242
0.793	-0.475949
0.794	-0.180431
0.795	-0.212629
0.796	-0.410916
0.797	-0.04909
0.798	-0.502727
0.799	0.120824
0.8	-0.503365
0.801	0.334094
0.802	-0.2834
0.803	0.219968
0.804	0.049734
0.805	-0.681568
0.806	1.55506
0.807	-0.158754
0.808	0.579562
0.809	-0.455228
0.81	0.353859
0.811	-0.073
0.812	-0.129106
0.813	0.203072
0.814	0.05611
0.815	0.672967
0.816	-0.143771
0.817	-0.035064
0.818	0.230488
0.819	0.629293
0.82	-0.108066
0.821	0.438976
0.822	-0.080332
0.823	-0.097546
0.824	-0.229525
0.825	0.577011
0.826	-0.248334
0.827	0.10361
0.828	-0.595176
0.829	-0.311135
0.83	-0.501133
0.831	-0.327074
0.832	-0.432594
0.833	-0.164173
0.834	-0.513247
0.835	0.150472
0.836	-0.067899
0.837	-1.5627
0.838	-0.671685
0.839	-0.480093
0.84	0.804627
0.841	-0.134845
0.842	0.900263
0.843	-0.342057
0.844	0.427499
0.845	0.210404
0.846	0.459378
0.847	0.083207
0.848	-0.205616
0.849	-0.057698
0.85	0.322618
0.851	-0.29392
0.852	0.255034
0.853	-0.584337
0.854	-0.003504
0.855	0.59837
0.856	-0.126875
0.857	0.226981
0.858	-0.319105
0.859	0.099465
0.86	-0.366923
0.861	-0.501133
0.862	-0.290095
0.863	-0.453315
0.864	-0.385413
0.865	-0.305397
0.866	-0.502727
0.867	0.331225
0.868	-0.717272
0.869	-0.291689
0.87	-0.359591
0.871	-0.55724
0.872	-0.02295
0.873	-0.317192
0.874	0.937243
0.875	0.426224
0.876	0.141864
0.877	-0.374893
0.878	0.043677
0.879	0.589125
0.88	-0.237176
0.881	0.403271
0.882	-0.053235
0.883	0.242602
0.884	0.578924
0.885	0.182032
0.886	-0.232713
0.887	0.175656
0.888	0.169599
0.889	0.558521
0.89	-0.343014
0.891	0.095321
0.892	-0.036339
0.893	0.122099
0.894	-0.199878
0.895	0.065036
0.896	0.224431
0.897	-0.373618
0.898	-0.431
0.899	-0.408047
0.9	-0.461922
0.901	0.031244
0.902	-0.527593
0.903	-0.181388
0.904	-0.150146
0.905	-0.366923
0.906	1.01407
0.907	-0.854033
0.908	1.11545
0.909	-0.377124
0.91	0.174381
0.911	0.362147
0.912	-1.02331
0.913	0.036664
0.914	-1.05742
0.915	-0.527593
0.916	-0.491888
0.917	0.390838
0.918	-0.020718
0.919	-0.287545
0.92	0.008929
0.921	-0.379675
0.922	0.183307
0.923	0.284044
0.924	-0.206891
0.925	0.462247
0.926	-0.0781
0.927	0.16673
0.928	-0.067261
0.929	-0.371705
0.93	-0.363735
0.931	-0.222193
0.932	-0.489338
0.933	-0.135482
0.934	-0.132613
0.935	-0.203065
0.936	-0.395933
0.937	-0.253753
0.938	-0.579236
0.939	-0.105516
0.94	0.031563
0.941	-0.661803
0.942	0.484881
0.943	-0.334725
0.944	0.265236
0.945	-0.050047
0.946	0.425905
0.947	0.355134
0.948	0.699745
0.949	0.212317
0.95	0.076831
0.951	0.094046
0.952	0.493489
0.953	-0.081288
0.954	-0.110935
0.955	0.244514
0.956	0.126244
0.957	0.846069
0.958	-0.349708
0.959	-0.208485
0.96	0.618135
0.961	-0.038889
0.962	0.368204
0.963	-0.521854
0.964	0.128475
0.965	-0.373618
0.966	-0.344927
0.967	-0.373299
0.968	-0.699739
0.969	-0.263635
0.97	-0.357359
0.971	0.088945
0.972	-0.227293
0.973	-0.200196
0.974	1.69245
0.975	0.465435
0.976	0.636625
0.977	0.103928
0.978	0.35354
0.979	0.502733
0.98	-0.147596
0.981	0.535569
0.982	-0.073318
0.983	-0.438332
0.984	-0.127512
0.985	0.389244
0.986	-0.435144
0.987	-0.005097
0.988	0.194146
0.989	-0.095952
0.99	-0.490294
0.991	0.006698
0.992	0.017537
0.993	0.0746
0.994	0.043677
0.995	0.443439
0.996	-0.075869
0.997	-0.395295
0.998	-0.384456
0.999	-0.379037
1	-0.19924
1.001	-0.321336
1.002	0.010523
1.003	-0.30189
1.004	-0.198921
1.005	0.212954
1.006	-0.503046
1.007	-0.196052
1.008	0.183626
1.009	0.239095
1.01	-0.168636
1.011	0.66691
1.012	-0.515797
1.013	0.846069
1.014	-0.20179
1.015	0.442801
1.016	-0.219324
1.017	-0.104241
1.018	0.323574
1.019	-0.125281
1.02	0.61431
1.021	-0.816097
1.022	0.222518
1.023	0.25886
1.024	0.127519
1.025	0.507515
1.026	0.188089
1.027	0.516123
1.028	-0.016893
1.029	0.166092
1.03	-0.077463
1.031	-0.491888
1.032	-0.138989
1.033	-0.660209
1.034	0.007973
1.035	-0.600914
1.036	-0.146959
1.037	-0.591988
1.038	-0.715041
1.039	0.320386
1.04	-0.623548
1.041	0.114767
1.042	0.002235
1.043	0.568085
1.044	-0.213586
1.045	0.724292
1.046	-0.064711
1.047	0.245152
1.048	0.006379
1.049	0.98538
1.05	0.183307
1.051	0.677749
1.052	0.542263
1.053	-0.116036
1.054	0.521861
1.055	-0.184894
1.056	-0.291051
1.057	0.456828
1.058	-0.109023
1.059	0.641407
1.06	0.089902
1.061	0.069499
1.062	-0.11508
1.063	0.652883
1.064	-0.076187
1.065	-0.328031
1.066	-0.264911
1.067	-0.540982
1.068	0.018174
1.069	-0.46511
1.07	0.227618
1.071	-0.612709
1.072	-0.534606
1.073	-0.217092
1.074	0.141227
1.075	-0.29392
1.076	0.997175
1.077	0.24037
1.078	-0.006054
1.079	0.681893
1.08	0.048778
1.081	0.405184
1.082	-0.360866
1.083	0.542582
1.084	0.647145
1.085	-0.21231
1.086	0.336963
1.087	0.096915
1.088	0.462566
1.089	-0.436419
1.09	-0.140583
1.091	0.102334
1.092	0.021681
1.093	0.159079
1.094	0.770835
1.095	0.12465
1.096	0.101697
1.097	-0.253434
1.098	0.377131
1.099	-0.396889
1.1	-0.321655
1.101	-0.422711
1.102	-0.230481
1.103	-0.229844
1.104	-0.304122
1.105	-0.437694
1.106	-0.321336
1.107	-0.054191
1.108	-0.187126
1.109	-0.184894
1.11	0.727798
1.111	0.543538
1.112	-0.569673
1.113	0.986018
1.114	0.228256
1.115	0.278306
1.116	-0.164811
1.117	0.008929
1.118	-0.009879
1.119	0.338876
1.12	0.227618
1.121	-0.165448
1.122	0.422399
1.123	-0.121137
1.124	-0.010198
1.125	0.35099
1.126	-0.244189
1.127	0.621323
1.128	0.205941
1.129	0.023275
1.13	0.228256
1.131	-0.338232
1.132	0.317836
1.133	-0.078419
1.134	-0.319742
1.135	-0.320061
1.136	-0.388601
1.137	-0.673279
1.138	-0.161623
1.139	-0.597089
1.14	-0.54927
1.141	-0.111892
1.142	0.412197
1.143	-0.108704
1.144	-1.936
1.145	-0.574773
1.146	0.155572
1.147	1.62647
1.148	-0.260447
1.149	0.601239
1.15	-0.119862
1.151	0.117317
1.152	0.291057
1.153	-0.737037
1.154	0.373943
1.155	-0.127194
1.156	0.029013
1.157	-0.425261
1.158	0.002872
1.159	0.255672
1.16	-0.310497
1.161	0.264279
1.162	0.555015
1.163	0.118911
1.164	0.044315
1.165	0.355453
1.166	0.090539
1.167	-0.157797
1.168	-0.323249
1.169	0.009567
1.17	-0.528868
1.171	-0.100415
1.172	-1.72528
1.173	-1.14381
1.174	-0.100734
1.175	0.101378
1.176	0.27735
1.177	-0.434506
1.178	-0.284675
1.179	-0.189358
1.18	0.173743
1.181	1.19259
1.182	0.128156
1.183	0.642044
1.184	-0.25981
1.185	0.374899
1.186	-0.360547
1.187	-0.069493
1.188	0.695601
1.189	0.278306
1.19	0.571592
1.191	-0.206891
1.192	-0.022312
1.193	-0.000634
1.194	-0.14122
1.195	0.316561
1.196	0.164498
1.197	-0.10711
1.198	0.150472
1.199	0.178844
1.2	0.240051
1.201	-0.131019
1.202	0.096596
1.203	-0.663397
1.204	-0.524724
1.205	-0.336319
1.206	-0.358953
1.207	-0.158435
1.208	-0.095315
1.209	-0.467342
1.21	-0.058973
1.211	-0.432275
1.212	-0.148234
1.213	1.98255
1.214	-0.330581
1.215	1.08133
1.216	-0.09404
1.217	0.191595
1.218	0.450452
1.219	-0.05961
1.22	0.08512
1.221	-0.463516
1.222	0.246746
1.223	-0.388601
1.224	0.569998
1.225	0.155253
1.226	-0.077144
1.227	0.200203
1.228	-0.224743
1.229	0.35896
1.23	-0.045265
1.231	-0.161304
1.232	0.357366
1.233	-0.228887
1.234	0.523455
1.235	0.117317
1.236	-0.069812
1.237	-0.629286
1.238	-0.279256
1.239	-0.15174
1.24	-0.126237
1.241	-0.101053
1.242	-0.38605
1.243	0.081613
1.244	-0.277025
1.245	0.056429
1.246	-0.38095
1.247	1.42053
1.248	-1.29556
1.249	-0.380312
1.25	-0.522811
1.251	-0.451721
1.252	0.376812
1.253	-0.374255
1.254	0.34557
1.255	0.390838
1.256	-0.05706
1.257	0.323893
1.258	0.228256
1.259	-0.156841
1.26	-0.148234
1.261	0.08767
1.262	-0.03347
1.263	0.313692
1.264	0.162904
1.265	0.017537
1.266	0.32995
1.267	-0.122412
1.268	0.54832
1.269	-0.451083
1.27	-0.419523
1.271	-0.14409
1.272	-0.349708
1.273	-0.265867
1.274	-0.168636
1.275	-0.532693
1.276	-0.506234
1.277	-0.384775
1.278	-0.110617
1.279	-0.061204
1.28	-0.204341
1.281	0.243558
1.282	-0.108066
1.283	0.419848
1.284	0.772748
1.285	-0.204659
1.286	0.31401
1.287	0.340151
