0	-0.358634
0.001	-0.490613
0.002	-0.309222
0.003	-0.377443
0.004	-0.33887
0.005	-0.376805
0.006	-0.679655
0.007	0.002553
0.008	-0.434506
0.009	-0.109341
0.01	-0.406453
0.011	0.592632
0.012	1.03957
0.013	0.15621
0.014	0.245152
0.015	0.162586
0.016	-0.267461
0.017	0.45874
0.018	-0.009561
0.019	0.036664
0.02	0.069499
0.021	0.093727
0.022	0.430368
0.023	-0.232713
0.024	0.471492
0.025	0.071412
0.026	0.488388
0.027	0.517079
0.028	0.025825
0.029	0.312735
0.03	-0.296471
0.031	0.525367
0.032	-0.152059
0.033	0.015624
0.034	-0.183938
0.035	-0.549908
0.036	-0.073637
0.037	-0.536519
0.038	-0.208166
0.039	-0.490613
0.04	-0.639488
0.041	-0.379993
0.042	-0.107748
0.043	-0.33887
0.044	-0.313048
0.045	-1.90476
0.046	-1.35899
0.047	0.940431
0.048	1.45017
0.049	0.513891
0.05	-0.457459
0.051	-0.013705
0.052	0.326762
0.053	-0.363416
0.054	0.335688
0.055	-0.525361
0.056	0.711859
0.057	-0.041758
0.058	0.093408
0.059	0.255991
0.06	0.273205
0.061	0.19032
0.062	0.125287
0.063	-0.064392
0.064	0.111898
0.065	0.233038
0.066	-0.172781
0.067	0.022
0.068	-0.251203
0.069	-0.016574
0.07	-0.005416
0.071	-0.373618
0.072	-0.506234
0.073	-0.327712
0.074	-0.788681
0.075	0.115724
0.076	-0.663078
0.077	0.013073
0.078	-0.713447
0.079	-2.30197
0.08	1.30991
0.081	-0.731936
0.082	-0.424943
0.083	0.012436
0.084	0.44822
0.085	-0.476586
0.086	0.480737
0.087	-0.147915
0.088	-0.159391
0.089	-0.179156
0.09	0.445989
0.091	-0.098503
0.092	0.109348
0.093	0.498589
0.094	-0.078419
0.095	0.445351
0.096	0.557565
0.097	-0.045584
0.098	0.202115
0.099	-0.074275
0.1	0.320386
0.101	-0.524086
0.102	0.055472
0.103	-0.453315
0.104	-0.040802
0.105	-0.306034
0.106	-0.410916
0.107	-0.422392
0.108	-0.633431
0.109	-0.35449
0.11	-0.305716
0.111	0.056429
0.112	-0.546401
0.113	-0.364054
0.114	-1.24965
0.115	0.226981
0.116	-0.064711
0.117	-0.553415
0.118	0.30349
0.119	-0.213267
0.12	0.677749
0.121	0.723335
0.122	-0.193821
0.123	0.361191
0.124	0.743738
0.125	-0.387326
0.126	0.25089
0.127	0.199884
0.128	0.373943
0.129	0.013073
0.13	0.504327
0.131	-0.02295
0.132	-0.006691
0.133	0.264917
0.134	-0.153334
0.135	-0.224106
0.136	-0.308585
0.137	-0.397846
0.138	-0.207529
0.139	-0.49667
0.14	-0.300934
0.141	-0.247377
0.142	-0.471167
0.143	-0.543851
0.144	-0.177881
0.145	-0.575092
0.146	-0.025819
0.147	0.0271
0.148	-0.734168
0.149	0.470854
0.15	0.138039
0.151	-0.575092
0.152	0.379681
0.153	-0.176606
0.154	-0.002228
0.155	0.091814
0.156	-0.489338
0.157	0.548001
0.158	0.438657
0.159	-0.026138
0.16	0.083526
0.161	0.165136
0.162	0.065355
0.163	0.394026
0.164	0.295839
0.165	0.173743
0.166	0.20084
0.167	0.080019
0.168	0.137082
0.169	-0.324843
0.17	0.126562
0.171	-0.740225
0.172	-0.122412
0.173	-0.460328
0.174	-0.429087
0.175	-0.471167
0.176	-0.513247
0.177	-0.336638
0.178	-0.2783
0.179	-0.330262
0.18	-0.54417
0.181	0.52983
0.182	-0.363416
0.183	-0.572542
0.184	0.403909
0.185	0.669779
0.186	0.318792
0.187	-0.241958
0.188	0.709946
0.189	0.753302
0.19	-0.137395
0.191	0.202115
0.192	0.143777
0.193	0.212635
0.194	0.079063
0.195	0.04304
0.196	0.338238
0.197	0.130388
0.198	0.217417
0.199	0.302853
0.2	0.161629
0.201	0.488069
0.202	-0.032513
0.203	-0.141539
0.204	-0.085432
0.205	-0.411553
0.206	-0.336957
0.207	-0.1256
0.208	-0.479137
0.209	-0.275749
0.21	-0.699101
0.211	-0.617491
0.212	0.102334
0.213	-0.703883
0.214	-0.041758
0.215	-0.783261
0.216	-1.58757
0.217	-0.286269
0.218	1.61754
0.219	0.532062
0.22	-0.525361
0.221	0.204347
0.222	-0.120818
0.223	0.480737
0.224	0.107754
0.225	-0.045584
0.226	0.286594
0.227	0.131982
0.228	0.169918
0.229	0.221243
0.23	0.229531
0.231	0.32995
0.232	0.033795
0.233	0.324212
0.234	0.155572
0.235	0.19574
0.236	0.254397
0.237	-0.073956
0.238	-0.168955
0.239	-0.463835
0.24	-0.218049
0.241	-0.363735
0.242	-0.343333
0.243	-0.441838
0.244	-0.648732
0.245	-0.420798
0.246	-0.382862
0.247	0.175975
0.248	-0.594857
0.249	-0.094358
0.25	0.700383
0.251	-0.522492
0.252	0.386694
0.253	0.357684
0.254	0.183626
0.255	0.440888
0.256	-0.297108
0.257	0.076831
0.258	-0.092127
0.259	0.635031
0.26	-0.457778
0.261	0.285
0.262	0.234632
0.263	0.003191
0.264	0.204347
0.265	-0.116992
0.266	0.402315
0.267	0.391795
0.268	0.049734
0.269	0.430368
0.27	-0.197008
0.271	0.116042
0.272	-0.419204
0.273	-0.487744
0.274	-0.288501
0.275	-0.31496
0.276	-0.291689
0.277	-0.360547
0.278	-0.505915
0.279	-0.635343
0.28	-0.023587
0.281	-0.674873
0.282	-0.291051
0.283	-0.373618
0.284	0.132619
0.285	-0.149509
0.286	0.818972
0.287	-0.220918
0.288	-0.087664
0.289	-0.050684
0.29	-0.00191
0.291	0.146646
0.292	-0.048772
0.293	0.300621
0.294	0.21933
0.295	0.093408
0.296	0.006698
0.297	0.334732
0.298	0.00861
0.299	0.109667
0.3	0.331862
0.301	0.386694
0.302	0.03762
0.303	0.146646
0.304	0.546726
0.305	-0.190633
0.306	0.075875
0.307	-0.282125
0.308	-0.59932
0.309	0.038258
0.31	-0.542895
0.311	-0.457778
0.312	-0.422711
0.313	-0.687625
0.314	-0.279575
0.315	-0.070449
0.316	-0.47818
0.317	-0.202747
0.318	-0.292964
0.319	0.917159
0.32	-0.170549
0.321	-0.569035
0.322	0.062805
0.323	0.40614
0.324	-0.544807
0.325	0.680936
0.326	-0.399758
0.327	0.827898
0.328	-0.432594
0.329	0.492851
0.33	0.388607
0.331	-0.431
0.332	0.32453
0.333	0.072368
0.334	0.149515
0.335	0.454277
0.336	-0.026138
0.337	0.080338
0.338	0.210404
0.339	0.195421
0.34	0.00861
0.341	0.025187
0.342	-0.557878
0.343	-0.196371
0.344	-0.530143
0.345	-0.385413
0.346	-0.568079
0.347	-0.50209
0.348	-0.430681
0.349	0.26396
0.35	-0.559472
0.351	-0.161623
0.352	0.123056
0.353	-0.644588
0.354	0.118274
0.355	0.01148
0.356	0.19574
0.357	0.053241
0.358	-0.616216
0.359	0.868066
0.36	-0.584656
0.361	1.24742
0.362	0.193508
0.363	0.345889
0.364	0.268105
0.365	-0.394976
0.366	0.121143
0.367	-0.011154
0.368	0.578924
0.369	0.438657
0.37	-0.050366
0.371	0.422717
0.372	-0.011792
0.373	-0.142177
0.374	-0.2834
0.375	0.089264
0.376	-0.429406
0.377	0.102972
0.378	-0.380312
0.379	-0.240683
0.38	-0.42048
0.381	-0.566166
0.382	-0.389557
0.383	-0.384456
0.384	-0.095315
0.385	-0.227293
0.386	-0.381906
0.387	-1.12692
0.388	-0.854351
0.389	0.490938
0.39	-1.55473
0.391	-0.532693
0.392	-0.221236
0.393	-0.205297
0.394	0.384781
0.395	0.465754
0.396	0.122737
0.397	0.470217
0.398	0.38255
0.399	0.120824
0.4	0.214229
0.401	0.26938
0.402	0.011161
0.403	0.651927
0.404	0.138039
0.405	0.338557
0.406	0.035389
0.407	0.023594
0.408	-0.058016
0.409	-0.170868
0.41	-0.132932
0.411	-0.366285
0.412	-0.455546
0.413	-0.289776
0.414	-0.387644
0.415	-0.517391
0.416	-0.217092
0.417	0.051009
0.418	-0.427493
0.419	-0.309222
0.42	0.099465
0.421	0.388607
0.422	0.760634
0.423	-0.04654
0.424	-0.434506
0.425	-0.232713
0.426	0.09819
0.427	0.215823
0.428	-0.183301
0.429	0.620685
0.43	-0.10456
0.431	0.835549
0.432	0.363423
0.433	-0.264911
0.434	0.303809
0.435	0.320705
0.436	0.105522
0.437	0.631843
0.438	0.106479
0.439	0.065036
0.44	0.319111
0.441	-0.147915
0.442	0.04814
0.443	-0.606334
0.444	-0.372342
0.445	-0.204978
0.446	-0.632793
0.447	-0.281806
0.448	-0.494439
0.449	-0.446301
0.45	-0.255028
0.451	-0.285951
0.452	-0.369473
0.453	-0.392426
0.454	0.628974
0.455	-0.597089
0.456	0.860733
0.457	-0.047178
0.458	-0.700058
0.459	0.858502
0.46	-0.308266
0.461	0.510384
0.462	-0.015299
0.463	0.010204
0.464	-0.077463
0.465	0.061848
0.466	0.303809
0.467	0.039852
0.468	0.054835
0.469	-0.048453
0.47	0.49827
0.471	0.013392
0.472	0.215823
0.473	0.320705
0.474	0.25344
0.475	0.356728
0.476	0.230488
0.477	-0.058016
0.478	-0.687944
0.479	-0.105197
0.48	-0.52568
0.481	0.060254
0.482	-0.374574
0.483	-0.606971
0.484	-0.385732
0.485	-0.4361
0.486	-0.157479
0.487	-0.253753
0.488	0.484244
0.489	0.806858
0.49	-0.832993
0.491	1.37112
0.492	-0.053235
0.493	0.634074
0.494	-0.037295
0.495	0.001597
0.496	-0.100734
0.497	0.386057
0.498	0.049734
0.499	0.547683
0.5	0.257585
0.501	0.243558
0.502	0.25089
0.503	0.572867
0.504	0.065036
0.505	-0.14664
0.506	0.454596
0.507	0.01403
0.508	0.59582
0.509	-0.045265
0.51	-0.156841
0.511	0.004466
0.512	-0.589119
0.513	3.128e-06
0.514	-0.566166
0.515	-0.537794
0.516	-0.339826
0.517	-0.672004
0.518	-0.242595
0.519	0.003829
0.52	-0.531099
0.521	-0.156841
0.522	-0.244508
0.523	-0.302209
0.524	-0.813546
0.525	0.350352
0.526	0.219649
0.527	-0.395933
0.528	-0.276387
0.529	0.977729
0.53	-0.19924
0.531	-0.223149
0.532	0.458103
0.533	0.194783
0.534	0.104566
0.535	0.365654
0.536	0.287232
0.537	0.002553
0.538	0.416342
0.539	0.159398
0.54	0.174381
0.541	0.19829
0.542	0.165136
0.543	-0.068537
0.544	-0.190633
0.545	-0.05706
0.546	-0.411553
0.547	-0.187126
0.548	-0.619085
0.549	-0.126875
0.55	-0.235901
0.551	-0.419204
0.552	-0.521854
0.553	-0.350665
0.554	-0.315917
0.555	-0.44662
0.556	0.2324
0.557	0.001916
0.558	0.395939
0.559	-0.735443
0.56	-0.78103
0.561	0.873166
0.562	0.050053
0.563	0.493489
0.564	0.50624
0.565	-0.0255
0.566	0.291376
0.567	-0.184576
0.568	-0.072043
0.569	0.230488
0.57	0.213273
0.571	0.483925
0.572	0.143777
0.573	0.033476
0.574	0.638537
0.575	0.028057
0.576	0.456509
0.577	0.055472
0.578	-0.25184
0.579	-0.000316
0.58	-0.620998
0.581	-0.118268
0.582	-0.419842
0.583	-0.586887
0.584	-0.311135
0.585	-0.660846
0.586	-0.297108
0.587	0.199884
0.588	-0.551183
0.589	-0.406453
0.59	0.294564
0.591	-2.19358
0.592	-0.336319
0.593	0.939156
0.594	0.61431
0.595	0.228256
0.596	-0.504321
0.597	-0.494439
0.598	0.26683
0.599	-0.594538
0.6	0.409966
0.601	0.197334
0.602	0.357047
0.603	0.005741
0.604	-0.024862
0.605	0.426224
0.606	0.113492
0.607	0.286913
0.608	0.256947
0.609	0.099784
0.61	0.263323
0.611	0.066311
0.612	0.055791
0.613	-0.219961
0.614	-0.230481
0.615	-0.131019
0.616	-0.487106
0.617	-0.222193
0.618	-0.419523
0.619	-0.403265
0.62	-0.516754
0.621	-0.243552
0.622	-0.548952
0.623	-0.270968
0.624	-0.306991
0.625	-0.793144
0.626	-0.94425
0.627	1.02555
0.628	-0.195096
0.629	0.428137
0.63	-0.086389
0.631	0.309547
0.632	-0.22283
0.633	-0.227293
0.634	0.222199
0.635	0.257585
0.636	0.348758
0.637	-0.183938
0.638	0.284044
0.639	0.18777
0.64	0.190639
0.641	0.22188
0.642	0.196058
0.643	-0.05706
0.644	0.479462
0.645	-0.095952
0.646	-0.245783
0.647	0.281175
0.648	-0.646501
0.649	0.204347
0.65	-0.474674
0.651	-0.264911
0.652	-0.331219
0.653	-0.634706
0.654	-0.329625
0.655	-0.447895
0.656	0.234632
0.657	-0.519942
0.658	-0.226656
0.659	0.105522
0.66	0.153978
0.661	0.67201
0.662	0.862646
0.663	0.196696
0.664	-0.016574
0.665	-0.200196
0.666	0.264598
0.667	-0.676467
0.668	-0.105516
0.669	-1.2251
0.67	0.406778
0.671	0.353859
0.672	0.045909
0.673	0.074919
0.674	-0.26778
0.675	0.212635
0.676	0.270974
0.677	-0.131019
0.678	0.636625
0.679	-0.253753
0.68	0.355772
0.681	-0.417292
0.682	-0.478818
0.683	-0.046859
0.684	-0.579874
0.685	-0.411553
0.686	-0.281488
0.687	-0.480731
0.688	-0.366604
0.689	-0.275431
0.69	-0.018168
0.691	-0.624823
0.692	-0.089258
0.693	-0.457459
0.694	1.25986
0.695	0.674879
0.696	-0.484875
0.697	0.734812
0.698	-0.174693
0.699	-0.604102
0.7	1.01567
0.701	-0.550227
0.702	0.109348
0.703	1.08325
0.704	0.091496
0.705	0.612397
0.706	-0.235263
0.707	0.444395
0.708	0.299027
0.709	0.387651
0.71	0.36406
0.711	0.109029
0.712	0.052922
0.713	0.251528
0.714	0.015305
0.715	-0.238451
0.716	-0.182663
0.717	-0.467023
0.718	-0.220599
0.719	-0.524086
0.72	-0.081288
0.721	-0.42558
0.722	-0.439288
0.723	-0.526318
0.724	-0.016255
0.725	-0.338551
0.726	-0.349071
0.727	0.102334
0.728	0.985699
0.729	0.173424
0.73	-0.193502
0.731	-0.895475
0.732	0.238139
0.733	-0.514204
0.734	0.12975
0.735	-0.425899
0.736	0.001916
0.737	-0.124643
0.738	0.399765
0.739	0.686356
0.74	-0.185851
0.741	0.028694
0.742	-0.04654
0.743	0.051009
0.744	0.462247
0.745	-0.001591
0.746	0.398171
0.747	0.052285
0.748	-0.061523
0.749	0.161948
0.75	1.3692
0.751	-0.573817
0.752	-0.379675
0.753	-0.488063
0.754	-0.184576
0.755	-0.50464
0.756	-0.37553
0.757	-0.475311
0.758	-0.379675
0.759	0.029651
0.76	-0.281488
0.761	-0.98378
0.762	-1.55027
0.763	0.599645
0.764	-0.200515
0.765	0.976135
0.766	-0.258535
0.767	-0.438651
0.768	0.5853
0.769	0.325805
0.77	0.26938
0.771	0.536844
0.772	0.468623
0.773	-0.030282
0.774	0.180119
0.775	-0.122412
0.776	0.381275
0.777	-0.043671
0.778	0.423992
0.779	-0.072043
0.78	0.247383
0.781	0.286594
0.782	-0.072362
0.783	0.081613
0.784	-0.486788
0.785	-0.387007
0.786	-0.426537
0.787	-0.52568
0.788	-0.337276
0.789	-0.359272
0.79	-0.435144
0.791	-0.275749
0.792	-0.417292
0.793	-0.254709
0.794	-0.072681
0.795	-0.260447
0.796	-1.03797
0.797	1.20439
0.798	-0.501771
0.799	-0.155566
0.8	0.233038
0.801	-0.096909
0.802	-0.081607
0.803	0.509747
0.804	0.341107
0.805	0.377768
0.806	0.380637
0.807	0.10616
0.808	0.146008
0.809	0.141545
0.81	0.766372
0.811	0.390201
0.812	-0.109341
0.813	0.428456
0.814	-0.076506
0.815	0.241645
0.816	0.11923
0.817	-0.096271
0.818	-0.61526
0.819	-0.123049
0.82	-0.283719
0.821	-0.468298
0.822	-0.289138
0.823	-0.519942
0.824	-0.487744
0.825	-0.813865
0.826	0.000322
0.827	-0.6363
0.828	-0.182025
0.829	-0.237813
0.83	0.011161
0.831	0.873166
0.832	-0.114761
0.833	0.456828
0.834	0.980917
0.835	-0.428768
0.836	0.376812
0.837	0.467029
0.838	0.293608
0.839	0.129113
0.84	0.268105
0.841	-0.077463
0.842	0.160035
0.843	-0.0781
0.844	0.018812
0.845	0.411879
0.846	0.157485
0.847	0.505284
0.848	0.110623
0.849	0.425905
0.85	0.049734
0.851	-0.156522
0.852	-0.606971
0.853	-0.284038
0.854	-0.261723
0.855	-0.6889
0.856	-0.213904
0.857	-0.580193
0.858	-0.565847
0.859	-0.038889
0.86	-0.599001
0.861	-0.318148
0.862	-0.42303
0.863	-0.910777
0.864	0.550233
0.865	0.707077
0.866	0.146646
0.867	-0.056423
0.868	0.652245
0.869	-0.655427
0.87	0.344295
0.871	-0.163854
0.872	-0.151103
0.873	0.472767
0.874	0.013711
0.875	0.2273
0.876	0.046546
0.877	0.283088
0.878	0.001278
0.879	0.572867
0.88	0.079063
0.881	0.165773
0.882	0.193827
0.883	0.168643
0.884	0.220605
0.885	-0.558515
0.886	-0.296152
0.887	-0.315279
0.888	-0.255984
0.889	-0.441838
0.89	-0.206253
0.891	-0.4361
0.892	-0.402309
0.893	-0.378399
0.894	0.118911
0.895	-0.577324
0.896	0.084482
0.897	0.007335
0.898	0.035707
0.899	0.170236
0.9	0.283088
0.901	-0.206253
0.902	0.060892
0.903	-0.389238
0.904	0.470854
0.905	-0.379993
0.906	-0.229525
0.907	0.234313
0.908	0.396258
0.909	-0.072043
0.91	-0.008604
0.911	0.205622
0.912	-0.037295
0.913	0.582431
0.914	0.292651
0.915	0.198609
0.916	0.261091
0.917	0.234632
0.918	0.047503
0.919	-0.241958
0.92	-0.35991
0.921	-0.290414
0.922	-0.249609
0.923	-0.447258
0.924	-0.364054
0.925	-0.503365
0.926	-0.464472
0.927	-0.292326
0.928	0.589763
0.929	-0.317192
0.93	-0.457778
0.931	-0.816416
0.932	0.348121
0.933	-1.15561
0.934	0.915565
0.935	0.005423
0.936	0.786456
0.937	0.007016
0.938	0.434831
0.939	0.117955
0.94	0.335369
0.941	0.397852
0.942	0.067905
0.943	-0.227293
0.944	0.010523
0.945	0.009567
0.946	0.263642
0.947	0.221243
0.948	0.329631
0.949	0.113811
0.95	0.20881
0.951	0.229531
0.952	0.213273
0.953	-0.279575
0.954	-0.141858
0.955	-0.465748
0.956	-0.154928
0.957	-0.445345
0.958	-0.389876
0.959	-0.347477
0.96	-0.668497
0.961	-0.358953
0.962	0.283407
0.963	-0.245783
0.964	-0.163536
0.965	2.05683
0.966	0.318155
0.967	0.080338
0.968	1.81933
0.969	-0.069174
0.97	0.210085
0.971	0.021681
0.972	0.644276
0.973	0.773704
0.974	-0.395295
0.975	0.370755
0.976	0.375855
0.977	0.30094
0.978	0.015943
0.979	0.05611
0.98	0.314329
0.981	0.296796
0.982	0.357047
0.983	0.041764
0.984	0.54832
0.985	0.124012
0.986	-0.031238
0.987	0.051647
0.988	-0.050047
0.989	-0.299659
0.99	-0.308903
0.991	-0.502727
0.992	-0.320699
0.993	-0.250565
0.994	-0.489657
0.995	-0.497308
0.996	-0.495395
0.997	-0.390195
0.998	-0.474674
0.999	-0.224106
1	-0.648414
1.001	0.259179
1.002	1.2385
1.003	0.564897
1.004	-0.027413
1.005	0.530468
1.006	-0.03602
1.007	0.068543
1.008	-0.187445
1.009	0.323574
1.01	-0.197646
1.011	-0.205616
1.012	0.338238
1.013	-0.396252
1.014	0.145371
1.015	-0.128788
1.016	-0.0255
1.017	0.391476
1.018	-0.260447
1.019	0.636306
1.02	0.117317
1.021	0.04814
1.022	-0.113805
1.023	-0.732255
1.024	-0.060886
1.025	-0.550545
1.026	-0.466066
1.027	-0.271924
1.028	-0.663397
1.029	-0.439288
1.03	0.043358
1.031	-0.499539
1.032	-0.152378
1.033	-0.03347
1.034	0.553421
1.035	0.659259
1.036	0.575098
1.037	-0.064711
1.038	-0.312729
1.039	-0.685074
1.04	0.57988
1.041	0.105522
1.042	-0.402627
1.043	0.69305
1.044	-0.091808
1.045	0.150472
1.046	0.283407
1.047	0.274162
1.048	0.096915
1.049	0.517079
1.05	0.460334
1.051	-0.079057
1.052	0.396895
1.053	-0.037614
1.054	0.138039
1.055	-0.132932
1.056	-0.312091
1.057	-0.259491
1.058	-0.289138
1.059	-0.288501
1.06	-0.20976
1.061	-0.38095
1.062	-0.480412
1.063	-0.517391
1.064	-0.157479
1.065	-0.461285
1.066	-0.262679
1.067	0.534612
1.068	1.0265
1.069	0.531424
1.07	1.06667
1.071	-0.751064
1.072	-0.077463
1.073	0.248021
1.074	0.7431
1.075	-0.022631
1.076	-0.048134
1.077	-0.123368
1.078	0.31401
1.079	0.141227
1.08	-0.09659
1.081	0.314329
1.082	-0.271924
1.083	0.337601
1.084	0.349077
1.085	0.014349
1.086	0.470217
1.087	-0.094358
1.088	0.535569
1.089	-0.282125
1.09	-0.103922
1.091	-0.335044
1.092	-0.2783
1.093	-0.433231
1.094	-0.240045
1.095	-0.460647
1.096	-0.538113
1.097	-0.361504
1.098	-0.306353
1.099	-0.642357
1.1	-0.054191
1.101	0.178844
1.102	-0.137076
1.103	-0.677742
1.104	0.015624
1.105	0.059617
1.106	-0.768597
1.107	-0.861365
1.108	0.679661
1.109	-0.210398
1.11	0.392114
1.111	-0.102966
1.112	0.352903
1.113	0.08767
1.114	0.122737
1.115	0.214548
1.116	0.031882
1.117	0.635668
1.118	-0.017849
1.119	0.425586
1.12	0.320067
1.121	0.400402
1.122	0.059617
1.123	-0.057379
1.124	-0.816097
1.125	-0.617172
1.126	-0.146321
1.127	-0.543532
1.128	-0.261723
1.129	-0.290732
1.13	-0.712171
1.131	-0.518348
1.132	-0.110298
1.133	-0.530462
1.134	-0.22028
1.135	0.035707
1.136	1.64049
1.137	1.18717
1.138	1.37781
1.139	-0.257578
1.14	0.226025
1.141	-0.123049
1.142	0.837462
1.143	-0.277981
1.144	-0.117311
1.145	0.323255
1.146	-0.176925
1.147	0.094683
1.148	0.031244
1.149	0.272568
1.15	0.044634
1.151	0.323574
1.152	0.306041
1.153	0.068543
1.154	0.344295
1.155	0.29839
1.156	0.275756
1.157	-0.340464
1.158	1.40204
1.159	-0.751383
1.16	-0.200515
1.161	-0.560428
1.162	-0.564572
1.163	-0.394658
1.164	-0.34397
1.165	-0.210079
1.166	0.285
1.167	-0.183619
1.168	-0.27288
1.169	-0.036658
1.17	-0.261404
1.171	-1.1148
1.172	1.94462
1.173	0.03507
1.174	-0.253434
1.175	0.611759
1.176	-0.72046
1.177	0.455234
1.178	-0.362779
1.179	-0.847338
1.18	-0.315917
1.181	0.321661
1.182	0.050372
1.183	-0.120499
1.184	0.573186
1.185	-0.35449
1.186	0.512616
1.187	0.377768
1.188	0.016899
1.189	0.56681
1.19	-0.523448
1.191	0.081294
1.192	-0.201472
1.193	-0.118905
1.194	0.131344
1.195	-0.438013
1.196	-0.439926
1.197	-0.227931
1.198	-0.527593
1.199	-0.406772
1.2	-0.111573
1.201	-0.498264
1.202	-0.284675
1.203	-0.05706
1.204	1.44603
1.205	-0.679336
1.206	-0.052278
1.207	-0.286269
1.208	0.277668
1.209	0.099147
1.21	0.606021
1.211	0.070455
1.212	0.461291
1.213	-0.048453
1.214	0.240689
1.215	-0.029963
1.216	0.04559
1.217	0.463204
1.218	-0.007329
1.219	0.384144
1.22	0.268105
1.221	0.231125
1.222	0.071093
1.223	0.163542
1.224	0.15876
1.225	-0.214861
1.226	-0.036976
1.227	-0.710896
1.228	-0.103603
1.229	-0.269374
1.23	-0.402946
1.231	-0.320699
1.232	-0.467979
1.233	-0.394658
1.234	-0.010836
1.235	-0.285632
1.236	-0.569035
1.237	-0.39402
1.238	0.314967
1.239	-0.669773
1.24	1.26273
1.241	-0.53875
1.242	0.188726
1.243	-0.124325
1.244	-0.489019
1.245	0.383506
1.246	-0.274155
1.247	0.168643
1.248	-0.119543
1.249	0.323255
1.25	0.11413
1.251	0.113811
1.252	-0.208166
1.253	0.16673
1.254	0.439294
1.255	0.259179
1.256	0.01913
1.257	0.088626
1.258	-0.104241
1.259	0.172787
1.26	-0.14664
1.261	-0.335363
1.262	-0.19924
1.263	-0.315279
1.264	-0.545764
1.265	-0.310497
1.266	-0.418567
1.267	-0.372342
1.268	-0.115717
1.269	-0.209441
1.27	-0.073637
1.271	-0.390195
1.272	1.92963
1.273	0.651927
1.274	0.246746
1.275	0.146965
1.276	0.152703
1.277	0.098509
1.278	0.087351
1.279	0.181075
1.28	-0.147915
1.281	0.308272
1.282	0.238457
1.283	0.263642
1.284	0.102972
1.285	0.007016
1.286	0.16131
1.287	0.095959
1.288	0.599008
1.289	0.136445
1.29	0.137401
1.291	-0.008285
1.292	0.389882
1.293	-0.097865
1.294	0.613672
1.295	-0.248334
1.296	-0.817053
1.297	0.145052
1.298	-0.596132
1.299	-0.187445
1.3	-0.514522
1.301	-0.50464
1.302	-0.31241
1.303	-0.462241
1.304	-0.462241
1.305	-0.424624
1.306	1.86396
1.307	2.71609
1.308	2.02495
1.309	-0.164173
1.31	0.62196
1.311	0.416979
1.312	-0.869334
1.313	0.419211
1.314	-0.49157
1.315	-0.150465
1.316	-0.322293
1.317	0.495401
1.318	0.431962
1.319	-0.165767
1.32	0.034114
1.321	0.110304
1.322	0.368204
1.323	0.209448
1.324	0.195102
1.325	-0.048134
1.326	0.270017
1.327	-0.053235
1.328	-0.171187
1.329	-0.204022
1.33	-0.081288
1.331	-0.178519
1.332	-0.606334
1.333	-0.202109
1.334	-0.48615
1.335	-0.598045
1.336	0.107116
1.337	-0.492526
1.338	0.057066
1.339	-0.767322
1.34	0.714409
1.341	-0.485513
1.342	-0.219005
1.343	-0.589438
1.344	-0.418886
1.345	0.328993
1.346	-0.020081
1.347	0.799845
1.348	-0.210079
1.349	0.453321
1.35	0.103928
1.351	0.209129
1.352	0.036664
1.353	0.164179
1.354	0.394983
1.355	-0.013386
1.356	0.611122
1.357	0.256628
1.358	0.244196
1.359	0.268423
1.36	0.036983
1.361	0.159398
1.362	-0.1782
1.363	-0.00701
1.364	-0.424943
1.365	-0.089258
1.366	-0.663716
1.367	-0.319105
1.368	-0.606652
1.369	-0.502408
1.37	-0.367242
1.371	-0.07555
1.372	-0.578918
1.373	1.22702
1.374	0.014667
1.375	-0.481368
1.376	1.11895
1.377	-0.222193
1.378	0.143458
1.379	0.030607
1.38	0.83013
1.381	-0.06503
1.382	0.533975
1.383	-0.175331
1.384	0.560115
1.385	0.079382
1.386	-0.136757
1.387	0.370755
1.388	0.22985
1.389	0.228575
1.39	0.435469
1.391	0.309547
1.392	0.026781
1.393	0.41411
1.394	0.170236
1.395	-0.307947
1.396	0.330587
1.397	-0.605377
1.398	-0.128469
1.399	-0.111892
1.4	-0.593263
1.401	-0.150784
1.402	-0.337913
1.403	-0.607609
1.404	-0.410916
1.405	-0.044946
1.406	-0.569354
1.407	-0.385732
1.408	0.321342
1.409	0.322299
1.41	-1.35421
1.411	0.568085
1.412	-0.408366
1.413	-0.191908
1.414	-0.245783
1.415	0.392751
1.416	-0.105835
1.417	0.42463
1.418	0.070455
1.419	0.611759
1.42	0.215186
1.421	-0.196371
1.422	0.242283
1.423	0.138995
1.424	0.232082
1.425	0.201159
1.426	0.350671
1.427	0.172468
1.428	0.15079
1.429	0.043358
1.43	-0.145046
1.431	-0.201472
1.432	-0.583062
1.433	-0.007648
1.434	-0.689219
1.435	-0.373936
1.436	-0.402946
1.437	-0.503046
1.438	-0.130382
1.439	-0.373618
1.44	-0.554371
1.441	-0.779117
1.442	1.00706
1.443	-0.604421
1.444	1.53242
1.445	-0.455546
1.446	0.268742
1.447	-0.40996
1.448	0.411241
1.449	0.168324
1.45	0.082888
1.451	0.32453
1.452	0.401677
1.453	0.014349
1.454	0.228256
1.455	0.172787
1.456	0.229212
1.457	0.328675
1.458	0.489663
1.459	0.005104
1.46	0.166092
1.461	0.162904
1.462	0.26938
1.463	0.069818
1.464	-0.150146
1.465	-0.370748
1.466	-0.336638
1.467	-0.124325
1.468	-0.45459
1.469	-0.129744
1.47	-0.388919
1.471	-0.511972
1.472	-0.554052
1.473	0.189683
1.474	-0.095634
1.475	-0.449808
1.476	-1.21139
1.477	-1.36473
1.478	-0.564891
1.479	1.09696
1.48	-0.737356
1.481	0.076831
1.482	-0.02805
1.483	-0.030919
1.484	0.051647
1.485	0.32198
1.486	0.237182
1.487	0.310504
1.488	0.284044
1.489	0.093727
1.49	0.306997
1.491	0.409009
1.492	0.203709
1.493	0.142502
1.494	0.156847
1.495	0.086076
1.496	0.651289
1.497	-0.020399
1.498	0.721104
1.499	0.05866
1.5	-0.528549
1.501	0.090858
1.502	-0.646501
1.503	-0.296471
1.504	-0.273837
1.505	-0.688581
1.506	-0.244827
1.507	-0.230481
1.508	-0.206572
1.509	-0.345245
1.51	-0.891331
1.511	0.892931
1.512	-0.346521
1.513	0.505284
1.514	-0.266186
1.515	0.011798
1.516	-0.416654
1.517	-0.452996
1.518	0.122418
1.519	-0.525361
1.52	0.478824
1.521	0.01913
1.522	0.361829
1.523	-0.190314
1.524	-0.009242
1.525	0.341745
1.526	-0.341101
1.527	0.290101
1.528	0.279581
1.529	0.112536
1.53	0.488707
1.531	0.054516
1.532	0.087989
1.533	0.078744
1.534	-0.575411
1.535	-0.02805
1.536	-0.298065
1.537	-0.220918
1.538	-0.281806
1.539	-0.630562
1.54	-0.466066
1.541	-0.223468
1.542	-0.578918
1.543	-0.094677
1.544	2.8334
1.545	-1.23849
1.546	0.572229
1.547	-0.573498
1.548	0.058342
1.549	-0.397527
1.55	3.128e-06
1.551	0.782949
1.552	0.109985
1.553	-0.255984
1.554	0.137082
1.555	0.270336
1.556	-0.09404
1.557	0.155572
1.558	0.416342
1.559	0.085757
1.56	0.465754
1.561	0.200521
1.562	0.404865
1.563	0.112536
1.564	0.386057
1.565	0.209129
1.566	-0.270649
1.567	-0.098184
1.568	-0.45204
1.569	0.515804
1.57	-0.581149
1.571	-0.403903
1.572	-0.355765
1.573	-0.777204
1.574	-0.276387
1.575	-0.568398
1.576	0.098828
1.577	-0.534606
1.578	-0.282125
1.579	-1.69022
1.58	0.186495
1.581	0.040808
1.582	-1.14764
1.583	0.642044
1.584	-0.309222
1.585	0.184263
1.586	0.604427
1.587	-0.344608
1.588	0.559478
1.589	-0.183619
1.59	0.534293
1.591	0.348758
1.592	-0.221874
1.593	0.425905
1.594	0.370117
1.595	-0.294239
1.596	0.765416
1.597	0.10361
1.598	-0.024544
1.599	0.38
1.6	-0.182663
1.601	-0.211992
1.602	-0.124006
1.603	-0.266823
1.604	-0.199878
1.605	-0.575092
1.606	-0.249927
1.607	-0.583062
1.608	-0.422392
1.609	-0.04909
1.61	-0.341739
1.611	-0.301571
1.612	-0.195733
1.613	-0.932773
1.614	1.17633
1.615	1.29684
1.616	-0.371386
1.617	0.163542
1.618	0.219968
1.619	0.450452
1.62	0.210085
1.621	0.064717
1.622	0.105522
1.623	-0.487744
1.624	0.45109
1.625	0.102334
1.626	0.020406
1.627	0.309866
1.628	0.141864
1.629	0.222518
1.63	0.180119
1.631	-0.065986
1.632	0.612716
1.633	-0.08352
1.634	-0.056423
1.635	0.016899
1.636	-0.639488
1.637	0.097234
1.638	-0.626417
1.639	-0.336319
1.64	-0.381269
1.641	-0.460009
1.642	-0.432594
1.643	-0.865828
1.644	0.044634
1.645	-0.374574
1.646	-1.16677
1.647	-2.15947
1.648	0.492851
1.649	0.232082
1.65	-0.340464
1.651	0.050372
1.652	0.57478
1.653	-0.016255
1.654	0.538757
1.655	-0.001591
1.656	0.084482
1.657	0.163861
1.658	0.019449
1.659	0.256947
1.66	0.069499
1.661	0.553421
1.662	-0.005097
1.663	0.151109
1.664	0.487113
1.665	-0.044627
1.666	0.591676
1.667	-0.041758
1.668	0.267786
1.669	0.033476
1.67	-0.138351
1.671	0.210085
1.672	-0.111573
1.673	-0.334725
1.674	-0.140264
1.675	-0.634068
1.676	-0.598364
1.677	-0.077781
1.678	-0.659571
1.679	-0.123049
1.68	0.227937
1.681	2.99949
1.682	0.576374
1.683	-0.634706
1.684	-0.026138
1.685	0.118911
1.686	0.203072
1.687	0.365335
1.688	0.264598
1.689	-0.284675
1.69	0.348758
1.691	0.565216
1.692	-0.327712
1.693	-0.124962
1.694	0.157804
1.695	0.267148
1.696	0.197334
1.697	0.175018
1.698	0.631205
1.699	-0.206253
1.7	0.482968
1.701	-0.077781
1.702	0.082251
1.703	-0.239407
1.704	-0.485831
1.705	-0.00446
1.706	-0.375849
1.707	-0.429406
1.708	-0.238132
1.709	-0.506871
1.71	-0.309541
1.711	-0.027732
1.712	-0.493801
1.713	-0.400715
1.714	0.428774
1.715	1.18399
1.716	-0.831399
1.717	0.667229
1.718	0.004147
1.719	-0.052916
1.72	-0.187764
1.721	0.30094
1.722	0.501139
1.723	-0.100097
1.724	0.338557
1.725	-0.154928
1.726	0.222199
1.727	0.102653
1.728	0.013711
1.729	0.307953
1.73	0.192233
1.731	0.3325
1.732	-0.058654
1.733	0.292333
1.734	0.002553
1.735	0.428456
1.736	-0.079694
1.737	-0.102647
1.738	-0.33887
1.739	-0.118268
1.74	-0.143771
1.741	-0.379993
1.742	-0.366285
1.743	-0.429724
1.744	-0.609521
1.745	-0.332494
1.746	-0.015936
1.747	-0.724604
1.748	-0.820879
1.749	0.951907
1.75	0.647464
1.751	1.01152
1.752	1.68225
1.753	0.16673
1.754	0.219649
1.755	-0.327074
1.756	0.852445
1.757	0.202753
1.758	0.176931
1.759	-0.549908
1.76	0.431325
1.761	-0.01243
1.762	0.051328
1.763	-0.193183
1.764	0.16131
1.765	0.392114
1.766	0.240051
1.767	0.273524
1.768	0.245152
1.769	0.105522
1.77	-0.031557
1.771	-0.110935
1.772	-0.332175
1.773	-0.265548
1.774	-0.352259
1.775	-0.503046
1.776	-0.335044
1.777	-0.569992
1.778	-0.428768
1.779	0.536206
1.78	-0.286588
1.781	-0.08862
1.782	-0.331537
1.783	0.671054
1.784	0.489982
1.785	1.28281
1.786	0.361191
1.787	1.01981
1.788	-0.016255
1.789	0.086714
1.79	0.108391
1.791	-0.203065
1.792	-0.140583
1.793	0.247065
1.794	0.226662
1.795	0.283088
1.796	0.184582
1.797	0.125925
1.798	0.087033
1.799	0.535569
1.8	0.27448
1.801	0.172787
1.802	0.194464
1.803	0.090858
1.804	-0.143771
1.805	1.0893
1.806	-0.237495
1.807	-0.102647
1.808	-0.424943
1.809	-0.609203
1.81	-0.20976
1.811	-0.588163
1.812	-0.409322
1.813	-0.460966
1.814	0.148559
1.815	-0.753933
1.816	-0.213267
1.817	0.882092
1.818	0.523136
1.819	0.892612
1.82	-0.719185
1.821	0.945531
1.822	0.387651
1.823	-0.521854
1.824	0.579562
1.825	-0.344289
1.826	-0.198284
1.827	-0.358953
1.828	0.301259
1.829	-0.197646
1.83	-0.029644
1.831	0.308591
1.832	0.041127
1.833	0.579243
1.834	0.391157
1.835	-0.128788
1.836	0.185857
1.837	0.130388
1.838	0.027419
1.839	1.00387
1.84	-0.229206
1.841	-0.622592
1.842	-0.376805
1.843	-0.535244
1.844	-0.346202
1.845	-0.560109
1.846	-0.476268
1.847	-0.474992
1.848	-0.041758
1.849	-0.689856
1.85	-0.238132
1.851	1.30481
1.852	0.48265
1.853	0.170236
1.854	-0.221874
1.855	-0.204341
1.856	-0.282125
1.857	-0.464791
1.858	0.859458
1.859	-0.495714
1.86	0.61431
1.861	-0.032832
1.862	0.511022
1.863	0.533337
1.864	-0.063117
1.865	-0.081288
1.866	0.12465
1.867	0.310822
1.868	0.19032
1.869	0.343976
1.87	0.148878
1.871	0.316561
1.872	-0.255028
1.873	-0.047178
1.874	-0.411553
1.875	0.040489
1.876	-0.173737
1.877	-0.604421
1.878	-0.308585
1.879	-0.434825
1.88	-0.543213
1.881	-0.329625
1.882	-0.099459
1.883	-0.582106
1.884	-0.125281
1.885	0.392751
1.886	0.56936
1.887	0.928954
1.888	0.347483
1.889	0.251528
1.89	0.088945
1.891	-0.673917
1.892	0.290739
1.893	-0.389876
1.894	0.246746
1.895	-0.031557
1.896	-0.249927
1.897	-0.215179
1.898	-0.32548
1.899	0.504009
1.9	-0.144408
1.901	0.411241
1.902	0.477549
1.903	0.088945
1.904	0.127838
1.905	-0.029007
1.906	-0.248334
1.907	0.150472
1.908	-0.505596
1.909	-0.243552
1.91	0.056429
1.911	-0.586887
1.912	-0.189039
1.913	-0.524086
1.914	-0.580512
1.915	-0.275112
1.916	0.00606
1.917	-0.189995
1.918	-0.352259
1.919	-2.71576
1.92	-0.450765
1.921	0.441207
1.922	0.684762
1.923	-0.33887
1.924	0.300302
1.925	-0.099778
1.926	-0.254072
1.927	0.408372
1.928	-0.255028
1.929	0.072049
1.93	0.774979
1.931	0.218055
1.932	0.029651
1.933	-0.174693
1.934	0.359278
1.935	0.365335
1.936	0.26396
1.937	0.211998
1.938	0.01658
1.939	0.408372
1.94	0.160673
1.941	-0.14919
1.942	-0.246421
1.943	-0.436738
1.944	-0.165767
1.945	-0.281488
1.946	-0.41506
1.947	-0.137714
1.948	-0.650008
1.949	-0.343333
1.95	-0.402627
1.951	-0.59677
1.952	-0.211673
1.953	-0.045584
1.954	0.428456
1.955	1.28345
1.956	0.77466
1.957	-0.340464
1.958	0.19032
1.959	-0.326118
1.96	0.785499
1.961	-0.075869
1.962	0.081294
1.963	-0.253434
1.964	0.367567
1.965	0.025506
1.966	-0.083838
1.967	0.048459
1.968	0.288826
1.969	0.068224
1.97	0.033157
1.971	0.490619
1.972	0.218374
1.973	0.505602
1.974	-0.185532
1.975	-0.122093
1.976	-0.530781
1.977	-0.512291
1.978	0.109348
1.979	-0.669454
1.98	-0.20721
1.981	-0.402627
1.982	-0.6414
1.983	-0.178838
1.984	0.043996
1.985	-0.394658
1.986	-0.393382
1.987	0.174062
1.988	0.331862
1.989	0.422717
1.99	0.27735
1.991	-0.742138
1.992	0.006698
1.993	-0.355447
1.994	0.197015
1.995	-0.014342
1.996	-0.125919
1.997	0.370755
1.998	0.527918
1.999	0.180756
2	-0.009242
2.001	0.373624
2.002	0.122099
2.003	0.247702
2.004	0.156847
2.005	0.22985
2.006	0.227937
2.007	0.446308
2.008	0.269061
2.009	-0.250565
2.01	-0.139626
2.011	-0.550545
2.012	-0.250246
2.013	-0.402627
2.014	-0.2834
2.015	-0.413466
2.016	-0.563297
2.017	-0.471167
2.018	-0.669454
2.019	-0.296152
2.02	-0.286907
2.021	-1.54931
2.022	-0.453952
2.023	0.609846
2.024	1.8579
2.025	0.554377
2.026	0.040808
2.027	0.050053
2.028	-0.042077
2.029	0.490619
2.03	0.196696
2.031	0.509428
2.032	-0.554371
2.033	0.084482
2.034	0.454277
2.035	-0.227931
2.036	0.355772
2.037	0.200203
2.038	0.35354
2.039	0.123693
2.04	-0.099459
2.041	0.451727
2.042	-0.315917
2.043	-0.189039
2.044	-0.168636
2.045	-0.472442
2.046	-0.122093
2.047	-0.655746
2.048	-0.355447
2.049	-0.2834
2.05	-0.520898
2.051	-0.274793
2.052	-0.223149
2.053	-0.319423
2.054	-0.224106
2.055	-0.239407
2.056	0.482968
2.057	-0.705158
2.058	0.190001
2.059	-0.245783
2.06	0.133576
2.061	-0.376168
2.062	0.324212
2.063	-0.010198
2.064	0.393708
2.065	-0.384456
2.066	0.108073
2.067	0.537481
2.068	-0.053872
2.069	0.297752
2.07	0.074281
2.071	0.447583
2.072	0.127519
2.073	0.303171
2.074	0.225387
2.075	0.369161
2.076	0.019768
2.077	-0.018487
2.078	-0.150784
2.079	-0.606015
2.08	0.103291
2.081	-0.446301
2.082	-0.238451
2.083	-0.355447
2.084	-0.541619
2.085	-0.537475
2.086	-0.463835
2.087	-0.114442
2.088	-0.426855
2.089	-0.229525
2.09	-0.864553
2.091	1.11576
2.092	2.1276
2.093	-0.05706
2.094	0.273843
2.095	1.05137
2.096	-0.81259
2.097	0.306041
2.098	-0.274474
2.099	0.110304
2.1	0.223793
2.101	-0.188082
2.102	0.61941
2.103	-0.324843
2.104	1.01949
2.105	0.281813
2.106	-0.191589
2.107	0.713134
2.108	0.203391
2.109	0.700701
2.11	0.226981
2.111	-0.041758
2.112	-0.334088
2.113	-0.311773
2.114	-0.174693
2.115	-0.4361
2.116	-0.526955
2.117	-0.248971
2.118	-0.527911
2.119	-0.374255
2.12	0.442163
2.121	-0.240045
2.122	-0.281169
2.123	-0.070768
2.124	-0.188082
2.125	-0.554371
2.126	0.521861
2.127	-1.19546
2.128	0.244514
2.129	0.275756
2.13	-0.914603
2.131	0.844156
2.132	0.187132
2.133	0.041764
2.134	1.21108
2.135	0.00606
2.136	0.394664
2.137	0.210404
2.138	0.270655
2.139	0.293927
2.14	0.327399
2.141	0.033795
2.142	0.280219
2.143	0.144415
2.144	0.087351
2.145	0.046228
2.146	-0.395614
2.147	-0.163854
2.148	-0.159391
2.149	-0.213904
2.15	-0.500496
2.151	-0.321336
2.152	-0.480093
2.153	-0.482643
2.154	-0.209122
2.155	-0.529505
2.156	-0.275431
2.157	-0.398483
2.158	-1.4626
2.159	-0.089258
2.16	1.07464
2.161	-0.01753
2.162	-0.342057
2.163	0.219649
2.164	-0.514841
2.165	0.027419
2.166	-0.109341
2.167	-0.433231
2.168	0.078744
2.169	-0.13612
2.17	0.347164
2.171	-0.30444
2.172	0.039533
2.173	0.379681
2.174	0.060573
2.175	0.499227
2.176	0.03762
2.177	0.19829
2.178	0.112536
2.179	-0.027732
2.18	0.231444
2.181	-0.55979
2.182	-0.015299
2.183	-0.360547
2.184	-0.484237
2.185	-0.32548
2.186	-0.616854
2.187	-0.397208
2.188	-0.355128
2.189	-0.135801
2.19	-0.281806
2.191	-0.224106
2.192	-1.12723
2.193	2.08106
2.194	0.46161
2.195	0.638537
2.196	-0.206572
2.197	0.088626
2.198	-0.652877
2.199	0.230488
2.2	-0.11508
2.201	-0.031557
2.202	0.845432
2.203	-0.39402
2.204	0.71696
2.205	-0.513566
2.206	0.075556
2.207	0.220924
2.208	0.259179
2.209	0.313373
2.21	0.215504
2.211	0.65097
2.212	0.087351
2.213	0.035707
2.214	-0.13612
2.215	-0.236538
2.216	-0.107429
2.217	-0.31783
2.218	-0.430043
2.219	-0.332175
2.22	-0.383181
2.221	-0.583381
2.222	0.2324
2.223	-0.147915
2.224	-0.374893
2.225	-0.099459
2.226	0.596139
2.227	-0.146321
2.228	1.29174
2.229	0.63535
2.23	0.155253
2.231	0.658621
2.232	-0.503046
2.233	0.124968
2.234	-0.565847
2.235	-0.251203
2.236	0.035707
2.237	-0.025819
2.238	0.590719
2.239	-0.338232
2.24	0.584662
2.241	0.243239
2.242	0.095959
2.243	0.376812
2.244	0.085757
2.245	0.314648
2.246	0.226025
2.247	0.25089
2.248	-0.148553
2.249	-0.187764
2.25	-0.281488
2.251	-0.408684
2.252	-0.561703
2.253	-0.231756
2.254	-0.474036
2.255	-0.490932
2.256	-0.403265
2.257	-0.4361
2.258	-0.551821
2.259	-0.233988
2.26	-0.575092
2.261	0.5853
2.262	1.47982
2.263	0.360553
2.264	-0.708027
2.265	0.59582
2.266	-0.508465
2.267	0.469261
2.268	-0.266504
2.269	-0.24674
2.27	-0.33345
2.271	-0.33345
2.272	0.749476
2.273	-0.525999
2.274	0.081613
2.275	0.25089
2.276	0.269699
2.277	0.126881
2.278	0.229212
2.279	0.177569
2.28	0.14824
2.281	0.160035
2.282	-0.127512
2.283	-0.308266
2.284	-0.042077
2.285	-0.319742
2.286	-0.438013
2.287	-0.32548
2.288	-0.401352
2.289	-0.458734
2.29	-0.432275
2.291	0.00606
2.292	-0.632155
2.293	-0.410916
2.294	-0.441201
2.295	1.43551
2.296	0.017855
2.297	1.5423
2.298	0.642044
2.299	-0.430362
2.3	-0.04654
2.301	0.190639
2.302	0.244514
2.303	-0.022312
2.304	0.881455
2.305	-0.342057
2.306	-0.090214
2.307	0.436425
2.308	-0.18075
2.309	0.256947
2.31	-0.088939
2.311	0.627699
2.312	0.125606
2.313	-0.094358
2.314	0.468942
2.315	-0.133569
2.316	-0.1256
2.317	-0.179475
2.318	-0.401033
2.319	-0.246102
2.32	-0.737356
2.321	-0.4361
2.322	-0.490932
2.323	-0.440882
2.324	-0.183301
2.325	-0.040164
2.326	-0.408684
2.327	-0.314642
2.328	0.165773
2.329	0.072049
2.33	-0.226018
2.331	0.519948
2.332	0.177887
