6.999	0.275756
7	-0.372661
7.001	0.244514
7.002	0.004147
7.003	0.092452
7.004	-0.013067
7.005	0.203709
7.006	0.297114
7.007	0.474361
7.008	0.052285
7.009	0.110942
7.01	0.419211
7.011	0.342064
7.012	0.133895
7.013	0.210723
7.014	-0.555009
7.015	-0.475949
7.016	-0.344927
7.017	-0.430362
7.018	-0.727792
7.019	-0.511653
7.02	-0.361504
7.021	-0.218049
7.022	-0.318786
7.023	-0.030282
7.024	-0.613347
7.025	-0.084476
7.026	-0.379356
7.027	0.570954
7.028	0.81419
7.029	0.491895
7.03	0.464797
7.031	0.062486
7.032	-1.25379
7.033	-0.093083
7.034	0.022956
7.035	0.016899
7.036	-0.05451
7.037	0.327081
7.038	0.028057
7.039	-0.195096
7.04	0.394026
7.041	-0.074593
7.042	0.493807
7.043	0.01658
7.044	-0.152059
7.045	0.844475
7.046	-0.063755
7.047	0.455553
7.048	-0.360547
7.049	0.292333
7.05	-0.658934
7.051	-0.276068
7.052	-0.869016
7.053	-0.694001
7.054	-0.259491
7.055	-0.398483
7.056	-0.298702
7.057	0.146965
7.058	-0.255028
7.059	-0.527274
7.06	0.726204
7.061	0.976454
7.062	-0.284357
7.063	1.8646
7.064	0.754258
7.065	-0.127512
7.066	-0.272243
7.067	0.223474
7.068	0.387651
7.069	0.105522
7.07	-0.343651
7.071	0.365654
7.072	0.395939
7.073	-0.204978
7.074	0.452365
7.075	-0.194139
7.076	-0.100734
7.077	0.361829
7.078	-0.416017
7.079	0.432281
7.08	0.385738
7.081	-1.60829
7.082	0.551189
7.083	0.334413
7.084	-0.833949
7.085	-0.715997
7.086	-0.679974
7.087	-0.628649
7.088	-0.268417
7.089	-0.209122
7.09	-0.392426
7.091	-0.166405
7.092	0.007654
7.093	-0.292964
7.094	0.810046
7.095	0.529193
7.096	1.17729
7.097	0.769879
7.098	-0.172781
7.099	0.275756
7.1	-0.230481
7.101	0.39052
7.102	-0.539388
7.103	-0.381269
7.104	-0.447895
7.105	0.053878
7.106	0.438019
7.107	-0.200196
7.108	0.373305
7.109	0.006698
7.11	0.109985
7.111	0.178844
7.112	-0.019124
7.113	-0.439607
7.114	0.879223
7.115	0.396258
7.116	-0.287863
7.117	-0.336638
7.118	-0.180431
7.119	-0.572861
7.12	-0.647457
7.121	-0.328031
7.122	-0.493482
7.123	-0.1782
7.124	-0.056741
7.125	-0.3309
7.126	-0.265548
7.127	0.090858
7.128	-0.332813
7.129	-0.387644
7.13	0.664678
7.131	-0.540663
7.132	0.238776
7.133	0.2324
7.134	-0.883042
7.135	0.320386
7.136	-0.160348
7.137	0.561709
7.138	0.051009
7.139	0.207535
7.14	0.180438
7.141	-0.041758
7.142	0.036345
7.143	0.084163
7.144	0.47723
7.145	0.457465
7.146	-1.04849
7.147	1.08006
7.148	-0.352578
7.149	0.322299
7.15	0.056748
7.151	-0.561384
7.152	0.093408
7.153	-0.220599
7.154	-0.573498
7.155	-0.610159
7.156	-0.247696
7.157	0.41666
7.158	-0.307947
7.159	-0.275431
7.16	-0.276068
7.161	-0.127194
7.162	0.326762
7.163	0.165773
7.164	-0.29392
7.165	0.89325
7.166	-1.40267
7.167	-0.074275
7.168	0.225706
7.169	-0.4836
7.17	0.10074
7.171	0.060573
7.172	0.65639
7.173	-0.726517
7.174	0.686037
7.175	-0.105197
7.176	-0.323886
7.177	0.956051
7.178	-0.790912
7.179	-0.200834
7.18	0.718235
7.181	0.082888
7.182	0.544176
7.183	0.159079
7.184	-0.468298
7.185	-0.258216
7.186	-0.391151
7.187	-0.869972
7.188	-0.56521
7.189	-0.528868
7.19	-0.518985
7.191	0.346527
7.192	-0.357678
7.193	-0.346202
7.194	-0.080013
7.195	0.136445
7.196	0.137082
7.197	-0.152378
7.198	0.794425
7.199	-0.16226
7.2	0.926085
7.201	0.190001
7.202	-0.674873
7.203	0.254397
7.204	-0.653196
7.205	0.665316
7.206	-0.230481
7.207	0.006379
7.208	0.468623
7.209	-0.346202
7.21	0.417617
7.211	0.028375
7.212	0.465435
7.213	0.091814
7.214	-0.676467
7.215	0.893887
7.216	-0.116992
7.217	0.33505
7.218	-0.185213
7.219	-0.557878
7.22	-0.324524
7.221	-0.311773
7.222	-0.564891
7.223	-0.447895
7.224	-0.70994
7.225	-0.192545
7.226	-0.39147
7.227	-0.280212
7.228	-0.137395
7.229	-0.397208
7.23	-0.422074
7.231	0.739912
7.232	-0.041121
7.233	0.603152
7.234	0.089264
7.235	0.264279
7.236	-0.724285
7.237	0.556609
7.238	0.193508
7.239	-0.031238
7.24	0.333775
7.241	-0.640125
7.242	0.576055
7.243	-0.285313
7.244	0.129113
7.245	0.666591
7.246	-0.38605
7.247	0.240689
7.248	0.330587
7.249	0.033476
7.25	0.376493
7.251	0.54322
7.252	0.163861
7.253	-0.420161
7.254	-0.607927
7.255	-0.522811
7.256	-0.777842
7.257	-0.357359
7.258	-0.232713
7.259	-0.255666
7.26	-0.210079
7.261	0.198927
7.262	-0.304759
7.263	-0.136439
7.264	0.877948
7.265	0.134213
7.266	-0.086389
7.267	0.348758
7.268	0.540669
7.269	-0.195733
7.27	-0.47818
7.271	0.497633
7.272	-0.385413
7.273	0.426224
7.274	0.065355
7.275	-0.014342
7.276	0.392432
7.277	-0.463197
7.278	0.390201
7.279	-0.221236
7.28	-0.204978
7.281	0.896119
7.282	-0.902489
7.283	0.785818
7.284	0.390838
7.285	-0.379037
7.286	0.460334
7.287	-0.586887
7.288	0.023912
7.289	-0.66786
7.29	0.054835
7.291	-0.86009
7.292	-0.133888
7.293	-0.226975
7.294	-0.361185
7.295	-0.079694
7.296	-0.027413
7.297	-0.045902
7.298	0.591994
7.299	-0.337594
7.3	0.63535
7.301	0.261091
7.302	-0.047496
7.303	0.206897
7.304	-0.06503
7.305	0.239095
7.306	-0.231438
7.307	0.267786
7.308	0.224431
7.309	-0.639169
7.31	0.545132
7.311	-0.332813
7.312	0.180438
7.313	0.31146
7.314	0.245789
7.315	-0.200515
7.316	-0.077144
7.317	0.636625
7.318	-0.124325
7.319	0.554058
7.32	-0.204341
7.321	0.043677
7.322	-0.670729
7.323	-0.397527
7.324	-0.571586
7.325	-0.690175
7.326	-0.161623
7.327	-0.146002
7.328	-0.005416
7.329	-0.088301
7.33	-0.425261
7.331	-0.071087
7.332	-0.093721
7.333	0.277987
7.334	0.316242
7.335	0.474999
7.336	0.225706
7.337	0.441207
7.338	-0.521217
7.339	0.501458
7.34	-0.439288
7.341	0.370755
7.342	0.144415
7.343	-0.202109
7.344	0.537481
7.345	-0.2783
7.346	0.239732
7.347	0.037301
7.348	0.278306
7.349	0.110623
7.35	-0.620998
7.351	0.82216
7.352	0.136764
7.353	0.246427
7.354	-0.247377
7.355	-0.212629
7.356	-0.258535
7.357	-0.514522
7.358	-0.207529
7.359	-0.93883
7.36	-0.294877
7.361	-0.515797
7.362	0.123693
7.363	-0.252478
7.364	-0.354171
7.365	-0.143771
7.366	-0.233669
7.367	0.11126
7.368	-0.256941
7.369	0.120505
7.37	-0.255984
7.371	0.408372
7.372	-0.759352
7.373	0.335688
7.374	0.035389
7.375	0.242602
7.376	0.210404
7.377	-0.235263
7.378	0.557565
7.379	-0.326437
7.38	0.44822
7.381	0.57988
7.382	-0.105197
7.383	-0.10456
7.384	0.280537
7.385	0.033157
7.386	0.338238
7.387	0.474042
7.388	0.069818
7.389	0.222518
7.39	-0.568716
7.391	-0.439607
7.392	0.121462
7.393	-0.955089
7.394	-0.162579
7.395	-0.000316
7.396	-0.089258
7.397	-0.486469
7.398	-0.355447
7.399	-0.264273
7.4	0.439932
7.401	0.015624
7.402	0.003829
7.403	0.429093
7.404	0.122418
7.405	1.05902
7.406	-0.900895
7.407	0.239732
7.408	-0.039845
7.409	0.050372
7.41	0.09819
7.411	-0.327074
7.412	0.75107
7.413	-0.542576
7.414	0.219011
7.415	0.508472
7.416	-0.014661
7.417	0.157166
7.418	-0.309541
7.419	0.642682
7.42	-0.197646
7.421	0.22985
7.422	-0.211035
7.423	-0.164811
7.424	-0.773379
7.425	-0.419842
7.426	-0.51261
7.427	-0.712809
7.428	-0.117311
7.429	-0.163536
7.43	-0.291689
7.431	-0.068855
7.432	-0.176606
7.433	0.029013
7.434	-0.312091
7.435	-0.032195
7.436	0.550552
7.437	0.575098
7.438	1.25444
7.439	0.775936
7.44	-0.704839
7.441	0.376493
7.442	-0.357678
7.443	0.351309
7.444	0.189364
7.445	-0.161942
7.446	0.531106
7.447	-0.21231
7.448	0.145052
7.449	-0.036339
7.45	0.149834
7.451	0.348758
7.452	-0.520579
7.453	0.9433
7.454	-0.200834
7.455	0.470854
7.456	-0.231119
7.457	-0.153334
7.458	-0.131019
7.459	-0.803026
7.46	-0.238132
7.461	-0.640763
7.462	-0.493163
7.463	-0.014024
7.464	-0.516116
7.465	-0.244508
7.466	-0.326756
7.467	0.140589
7.468	0.280856
7.469	-0.428449
7.47	0.610803
7.471	-0.213586
7.472	-0.047178
7.473	0.70357
7.474	-0.687944
7.475	0.46161
7.476	-0.383819
7.477	0.026144
7.478	0.323893
7.479	-0.306034
7.48	0.567448
7.481	-0.463516
7.482	0.280537
7.483	0.268423
7.484	0.378406
7.485	0.096915
7.486	0.054197
7.487	0.442163
7.488	-0.065986
7.489	0.441526
7.49	-0.108385
7.491	-0.229206
7.492	-0.082244
7.493	-0.661484
7.494	-0.657021
7.495	-0.484237
7.496	-0.495714
7.497	-0.112848
7.498	-0.289138
7.499	-0.2834
7.5	0.282769
7.501	0.57733
7.502	-1.33254
7.503	-0.010198
7.504	0.247065
7.505	-0.248652
7.506	0.765734
7.507	-0.040164
7.508	0.236545
7.509	-0.029007
7.51	-0.13612
7.511	0.174062
7.512	0.217098
7.513	-0.027094
7.514	0.530468
7.515	0.503371
7.516	0.033157
7.517	-0.010836
7.518	-0.054829
7.519	0.071412
7.52	0.363423
7.521	0.228894
7.522	0.416979
7.523	0.205303
7.524	-0.068218
7.525	-0.021037
7.526	-0.427174
7.527	-0.980911
7.528	-0.139308
7.529	-0.629605
7.53	-0.336638
7.531	-0.184257
7.532	0.028694
7.533	-0.186807
7.534	-0.227931
7.535	-0.044309
7.536	0.125925
7.537	0.076194
7.538	0.673604
7.539	-0.122731
7.54	1.11194
7.541	0.71696
7.542	0.336007
7.543	0.166092
7.544	-0.035382
7.545	-0.045584
7.546	-0.034745
7.547	0.075875
7.548	-0.012748
7.549	0.303171
7.55	0.152703
7.551	-0.016255
7.552	0.10616
7.553	0.159716
7.554	0.331544
7.555	0.283725
7.556	0.334732
7.557	0.480418
7.558	-0.229206
7.559	-0.053872
7.56	-0.387326
7.561	-0.653514
7.562	-0.600914
7.563	-0.56521
7.564	-0.350665
7.565	-0.305078
7.566	-0.321017
7.567	-0.150465
7.568	-0.299021
7.569	-0.286907
7.57	0.652883
7.571	0.796657
7.572	0.413472
7.573	0.553102
7.574	0.107116
7.575	0.544176
7.576	-1.55792
7.577	1.27229
7.578	-1.20247
7.579	0.493489
7.58	0.426224
7.581	-0.390513
7.582	0.941068
7.583	-0.631199
7.584	0.572867
7.585	0.194783
7.586	-0.129744
7.587	0.384463
7.588	-0.68635
7.589	1.07974
7.59	-0.20721
7.591	0.823754
7.592	0.252165
7.593	-0.050684
7.594	0.148878
7.595	-0.78103
7.596	0.044634
7.597	-0.866784
7.598	-0.525042
7.599	0.049097
7.6	-0.419204
7.601	0.191277
7.602	0.265873
7.603	-0.38605
7.604	0.005423
7.605	0.542582
7.606	0.173743
7.607	-0.173737
7.608	-0.173418
7.609	0.607296
7.61	-0.30986
7.611	0.544814
7.612	-0.067899
7.613	0.36948
7.614	0.019768
7.615	-0.418248
7.616	0.458422
7.617	-0.210716
7.618	0.769241
7.619	-0.265229
7.62	-0.166086
7.621	0.475318
7.622	-0.516116
7.623	0.771791
7.624	0.132301
7.625	-0.081607
7.626	-0.233032
7.627	-0.12018
7.628	-0.529187
7.629	-0.845744
7.63	0.062486
7.631	-0.612072
7.632	-0.156522
7.633	-0.470529
7.634	-0.328987
7.635	-0.316236
7.636	-0.226018
7.637	0.344614
7.638	-0.37298
7.639	0.26141
7.64	0.353859
7.641	-0.036976
7.642	0.582431
7.643	-0.344608
7.644	0.587531
7.645	0.272568
7.646	-0.49667
7.647	0.321024
7.648	-0.034107
7.649	0.022
7.65	0.207854
7.651	-0.045584
7.652	-0.249609
7.653	0.159079
7.654	0.354496
7.655	0.219649
7.656	-0.189039
7.657	0.743419
7.658	-0.160985
7.659	0.479781
7.66	-0.124325
7.661	0.010842
7.662	-0.443751
7.663	-0.746282
7.664	-0.265867
7.665	-0.445983
7.666	-0.364691
7.667	-0.133888
7.668	-0.684118
7.669	0.262366
7.67	0.720147
7.671	-0.800476
7.672	0.128475
7.673	-0.204978
7.674	-0.08607
7.675	0.322936
7.676	-0.451083
7.677	-1.30416
7.678	0.67743
7.679	0.5904
7.68	-0.234626
7.681	0.646188
7.682	-0.339507
7.683	-0.147596
7.684	0.519948
7.685	-0.120499
7.686	0.269061
7.687	0.071731
7.688	0.460334
7.689	0.015624
7.69	-0.139308
7.691	0.330587
7.692	-0.324205
7.693	0.537481
7.694	-0.53875
7.695	-0.221874
7.696	-0.156522
7.697	-0.628011
7.698	-0.404221
7.699	-0.610478
7.7	-0.465429
7.701	-0.366923
7.702	-0.39147
7.703	0.226343
7.704	-0.029325
7.705	0.40104
7.706	-0.239407
7.707	0.883686
7.708	-0.284038
7.709	0.257903
7.71	0.454277
7.711	-0.206572
7.712	0.540988
7.713	-0.030919
7.714	0.254397
7.715	0.352265
7.716	-0.221874
7.717	0.32453
7.718	-0.295195
7.719	0.05356
7.72	0.051966
7.721	0.439932
7.722	0.807814
7.723	-0.069493
7.724	0.299984
7.725	0.302853
7.726	0.070137
7.727	0.217098
7.728	-0.328668
7.729	-0.30986
7.73	-0.213267
7.731	-0.424624
7.732	-0.684437
7.733	-0.473399
7.734	-0.367879
7.735	-0.130063
7.736	-0.281488
7.737	-0.421755
7.738	-0.630243
7.739	0.580518
7.74	-0.652558
7.741	0.009248
7.742	-0.040802
7.743	0.551508
7.744	0.740231
7.745	-0.038889
7.746	-0.528868
7.747	0.254078
7.748	-0.18075
7.749	0.38
7.75	-0.350346
7.751	0.227618
7.752	0.069818
7.753	-0.087026
7.754	0.127838
7.755	0.227937
7.756	0.035389
7.757	0.228256
7.758	0.353859
7.759	0.173424
7.76	0.340789
7.761	-0.208166
7.762	-0.054191
7.763	-0.3309
7.764	-0.194458
7.765	-0.477543
7.766	-0.625461
7.767	-0.19127
7.768	-0.392426
7.769	-0.241001
7.77	-0.214861
7.771	-0.452677
7.772	-0.166724
7.773	0.463522
7.774	0.373624
7.775	-0.315279
7.776	0.307316
7.777	0.019768
7.778	0.421442
7.779	-0.094996
7.78	-0.298383
7.781	0.618135
7.782	0.347164
7.783	0.397214
7.784	0.059617
7.785	-0.024225
7.786	0.53525
7.787	-0.093402
7.788	0.129431
7.789	0.410922
7.79	-0.039845
7.791	0.75107
7.792	0.183307
7.793	0.373305
7.794	-0.395295
7.795	0.226343
7.796	0.139314
7.797	-0.582743
7.798	-0.169274
7.799	-0.400715
7.8	-0.38095
7.801	-0.536838
7.802	-0.318467
7.803	-0.050047
7.804	-0.347796
7.805	-0.346521
7.806	-0.355447
7.807	0.145371
7.808	0.51931
7.809	-0.954451
7.81	0.473086
7.811	0.231125
7.812	0.99335
7.813	0.211998
7.814	0.267467
7.815	-0.613347
7.816	0.426224
7.817	0.124012
7.818	-0.017849
7.819	0.025825
7.82	-0.858814
7.821	-0.365648
7.822	0.51676
7.823	0.01913
7.824	0.365654
7.825	-0.253434
7.826	0.31943
7.827	0.127838
7.828	-0.160348
7.829	0.337601
7.83	0.121781
7.831	-0.46766
7.832	-0.024225
7.833	-0.575411
7.834	-0.385413
7.835	-0.519304
7.836	-0.767641
7.837	-0.129744
7.838	-0.358634
7.839	-0.091489
7.84	-0.131976
7.841	-0.252797
7.842	0.087033
7.843	0.643319
7.844	0.437382
7.845	0.835868
7.846	0.016899
7.847	0.829811
7.848	-0.356722
7.849	-0.318148
7.85	0.764778
7.851	-0.311773
7.852	-0.083201
7.853	0.007973
7.854	0.015305
7.855	0.975816
7.856	0.123693
7.857	-0.614941
7.858	0.197015
7.859	-0.084157
7.86	0.055154
7.861	0.797932
7.862	0.081613
7.863	0.05866
7.864	0.347802
7.865	-0.016255
7.866	-1.05328
7.867	-0.04654
7.868	0.153659
7.869	-0.624823
7.87	-0.316873
7.871	-0.468298
7.872	-0.283719
7.873	0.14027
7.874	-0.850207
7.875	0.884643
7.876	-0.251203
7.877	1.32744
7.878	0.049415
7.879	0.363104
7.88	0.425586
7.881	-0.269374
7.882	0.16928
7.883	0.062805
7.884	-0.172781
7.885	0.064717
7.886	0.09564
7.887	-0.007648
7.888	-0.745007
7.889	0.106797
7.89	-0.18872
7.891	0.318792
7.892	0.260135
7.893	0.018812
7.894	0.543538
7.895	-0.235901
7.896	0.966253
7.897	0.429412
7.898	-0.025819
7.899	0.071731
7.9	-0.490294
7.901	-0.765728
7.902	-0.543213
7.903	-0.412829
7.904	-0.44662
7.905	-0.186807
7.906	-0.340782
7.907	-0.030601
7.908	0.097234
7.909	-0.101372
7.91	-0.162898
7.911	0.747882
7.912	-0.00446
7.913	0.538119
7.914	0.080019
7.915	-0.493163
7.916	0.919709
7.917	-0.623867
7.918	0.433875
7.919	0.365654
7.92	-0.022312
7.921	0.381275
7.922	-0.096271
7.923	0.440888
7.924	0.179481
7.925	0.188089
7.926	0.202434
7.927	0.49317
7.928	-0.358953
7.929	0.491895
7.93	-0.114442
7.931	0.162586
7.932	-0.179156
7.933	-0.333769
7.934	-0.226975
7.935	-0.380631
7.936	-0.254072
7.937	-0.504002
7.938	-0.796651
7.939	0.030607
7.94	-0.579874
7.941	-0.224743
7.942	0.039214
7.943	0.193508
7.944	0.083207
7.945	0.188407
7.946	-0.445026
7.947	0.214229
7.948	0.172468
7.949	0.429093
7.95	0.315604
7.951	0.226662
7.952	-0.20976
7.953	0.493807
7.954	0.081932
7.955	-0.072362
7.956	0.386057
7.957	-0.002228
7.958	0.099784
7.959	0.359597
7.96	0.280537
7.961	0.075875
7.962	-0.14664
7.963	0.556928
7.964	0.051009
7.965	-0.150146
7.966	-0.122731
7.967	0.396577
7.968	-0.160667
7.969	-0.300615
7.97	-0.287226
7.971	-0.219961
7.972	-0.432275
7.973	-0.178519
7.974	-0.261085
7.975	-0.376168
7.976	-0.261085
7.977	-0.160667
7.978	0.20881
7.979	0.296158
7.98	0.531424
7.981	0.521542
7.982	0.466073
7.983	1.01343
7.984	-0.001591
7.985	0.464479
7.986	-0.181388
7.987	0.35099
7.988	0.288826
7.989	-0.177244
7.99	0.560434
7.991	-0.202747
7.992	-0.198284
7.993	1.22862
7.994	-0.274793
7.995	-0.233032
7.996	0.236863
7.997	0.29042
7.998	-0.004779
7.999	0.21136
8	-0.265867
8.001	-0.2308
8.002	-0.088939
8.003	-0.661165
8.004	-0.179794
8.005	-0.774335
8.006	-0.337913
8.007	-0.240045
8.008	-0.435463
8.009	-0.137714
8.01	-0.254709
8.011	0.129113
8.012	0.720785
8.013	-0.298383
8.014	0.473086
8.015	0.845113
8.016	0.550552
8.017	0.927679
8.018	-0.373618
8.019	0.051328
8.02	0.488069
8.021	-0.177562
8.022	0.718235
8.023	-0.343333
8.024	-0.026775
8.025	0.537481
8.026	0.276712
8.027	0.125287
8.028	0.061211
8.029	0.078744
8.03	-0.050684
8.031	0.097871
8.032	0.293927
8.033	-0.074593
8.034	-0.029325
8.035	-0.022631
8.036	-0.273837
8.037	-0.353215
8.038	-0.745963
8.039	-0.584018
8.04	-0.394658
8.041	-0.141539
8.042	-0.367561
8.043	-0.197008
8.044	-0.182982
8.045	0.127838
8.046	-0.10966
8.047	-0.342057
8.048	-0.170549
8.049	0.019768
8.05	1.48365
8.051	0.467985
8.052	0.363423
8.053	-0.35449
8.054	-0.245146
8.055	0.236545
8.056	-0.086707
8.057	0.511341
8.058	0.234632
8.059	-0.025181
8.06	0.243558
8.061	0.270017
8.062	0.542582
8.063	-0.723967
8.064	0.768285
8.065	0.285638
8.066	0.87731
8.067	0.840331
8.068	-0.861684
8.069	-0.251203
8.07	-0.100415
8.071	-0.51261
8.072	-0.324843
8.073	-0.507509
8.074	-0.647139
8.075	-0.355765
8.076	-0.218686
8.077	-0.154928
8.078	0.062486
8.079	-0.411553
8.08	-0.601871
8.081	-0.035701
8.082	0.508472
8.083	0.847344
8.084	-0.235901
8.085	0.023594
8.086	-0.216455
8.087	0.845432
8.088	-0.529824
8.089	0.717916
8.09	-0.124962
8.091	0.4377
8.092	0.262366
8.093	-0.041758
8.094	0.246427
8.095	0.035707
8.096	-0.395295
8.097	0.266192
8.098	0.488388
8.099	-0.166086
8.1	0.556609
8.101	0.238139
8.102	-0.188082
8.103	-0.029007
8.104	-0.325799
8.105	-0.51261
8.106	-0.189676
8.107	-0.44407
8.108	-0.440882
8.109	-0.505277
8.11	-0.329943
8.111	0.124968
8.112	0.561391
8.113	-1.07591
8.114	0.178525
8.115	-0.158754
8.116	0.336644
8.117	0.460653
8.118	-0.162898
8.119	0.209129
8.12	0.073325
8.121	0.42463
8.122	-0.547039
8.123	0.788368
8.124	-0.19669
8.125	-0.169911
8.126	0.280537
8.127	-0.289138
8.128	0.288188
8.129	0.086714
8.13	0.631205
8.131	0.315604
8.132	-0.956683
8.133	0.762865
8.134	-0.094358
8.135	0.224112
8.136	0.267148
8.137	-0.775611
8.138	0.429731
8.139	-0.345245
8.14	-0.356722
8.141	-0.387644
8.142	-0.679017
8.143	-0.138989
8.144	-0.331537
8.145	0.122099
8.146	-0.184576
8.147	-0.324524
8.148	-0.862959
8.149	-1.46834
8.15	0.155253
8.151	-0.351621
8.152	-0.052916
8.153	0.668504
8.154	-0.247058
8.155	0.316879
8.156	-0.015618
8.157	-0.378718
8.158	0.308272
8.159	0.032201
8.16	0.075237
8.161	-0.305078
8.162	0.041446
8.163	0.251528
8.164	0.32453
8.165	-0.044946
8.166	0.59582
8.167	-0.136439
8.168	0.385738
8.169	-0.159391
8.17	0.132301
8.171	-0.207847
8.172	-0.231756
8.173	-0.80207
8.174	-0.319423
8.175	-0.292964
8.176	-0.142496
8.177	-0.556921
8.178	-0.445983
8.179	0.237182
8.18	-0.205935
8.181	0.316561
8.182	-0.090852
8.183	0.621323
8.184	0.21136
8.185	0.093727
8.186	0.146327
8.187	0.957964
8.188	-0.47818
8.189	0.283088
8.19	0.008929
8.191	0.147284
8.192	0.213592
8.193	-0.40709
8.194	0.846388
8.195	0.250252
8.196	0.073006
8.197	0.763503
8.198	0.277987
8.199	0.038895
8.2	0.132619
8.201	0.034432
8.202	0.132938
8.203	0.167686
8.204	-0.1307
8.205	-0.414104
8.206	-0.193502
8.207	-0.531737
8.208	-0.167999
8.209	-0.464472
8.21	-0.176287
8.211	-0.294558
8.212	-0.253753
8.213	-0.510059
8.214	-0.247696
8.215	0.078425
8.216	0.08512
8.217	0.212954
8.218	-0.996531
8.219	0.080657
8.22	0.515166
8.221	0.596776
8.222	0.893887
8.223	-0.036976
8.224	0.143777
8.225	0.481375
8.226	-0.188401
8.227	0.422399
8.228	0.796657
8.229	0.232719
8.23	-0.047178
8.231	-0.197965
8.232	0.239732
8.233	0.202753
8.234	-0.161623
8.235	0.18522
8.236	0.845113
8.237	0.078106
8.238	-0.433869
8.239	-0.290732
8.24	-0.606015
8.241	-0.506234
8.242	-0.593263
8.243	-0.603464
8.244	-0.146321
8.245	-0.252159
8.246	-0.089895
8.247	-0.357997
8.248	-0.213586
8.249	0.413791
8.25	0.107435
8.251	-1.10109
8.252	1.44157
8.253	1.02937
8.254	0.199884
8.255	1.27962
8.256	-0.136439
8.257	-0.002547
8.258	-0.092446
8.259	-0.03602
8.26	0.099147
8.261	0.125925
8.262	0.209448
8.263	0.604108
8.264	-0.111254
8.265	-0.411872
8.266	0.584025
8.267	-0.774973
8.268	0.770516
8.269	0.023912
8.27	0.352903
8.271	0.536206
8.272	-0.676786
8.273	0.09564
8.274	-0.656702
8.275	-0.123049
8.276	-0.152378
8.277	-0.930542
8.278	0.022
8.279	-0.645226
8.28	0.035389
8.281	-0.581149
8.282	0.255353
8.283	-0.625142
8.284	-0.396252
8.285	0.134532
8.286	0.311779
8.287	0.299027
8.288	-0.038889
8.289	0.210404
8.29	-0.302209
8.291	0.793788
8.292	-0.366923
8.293	0.52218
8.294	0.212635
8.295	-0.235582
8.296	0.377449
8.297	0.02455
8.298	0.156847
8.299	0.090858
8.3	0.651289
8.301	0.04559
8.302	0.065674
8.303	0.561709
8.304	0.053878
8.305	0.190639
8.306	-0.076187
8.307	0.581793
8.308	-0.18872
8.309	-0.751383
8.31	-0.608884
8.311	-0.631199
8.312	-0.187126
8.313	-0.416654
8.314	-0.207529
8.315	-0.249927
8.316	0.997813
8.317	0.023594
8.318	-1.04977
8.319	1.14701
8.32	0.238776
8.321	0.649058
8.322	0.4326
8.323	-0.00446
8.324	0.676473
8.325	-0.22028
8.326	0.449177
8.327	-0.435463
8.328	0.080657
8.329	0.04559
8.33	-0.210716
8.331	0.588488
8.332	-0.363735
8.333	0.178206
8.334	0.247065
8.335	-0.310179
8.336	0.026463
8.337	0.520904
8.338	0.125287
8.339	0.361191
8.34	-0.049728
8.341	-0.45459
8.342	0.135807
8.343	-0.545126
8.344	-0.322293
8.345	-0.38605
8.346	-0.30444
8.347	-0.192864
8.348	-0.424943
8.349	-0.043671
8.35	-0.247696
8.351	0.504327
8.352	-0.642038
8.353	0.241326
8.354	0.413472
8.355	0.146965
8.356	0.387651
8.357	-0.006691
8.358	0.166092
8.359	-0.598683
8.36	-0.192864
8.361	-0.231756
8.362	0.525049
8.363	-0.107748
8.364	-0.118905
8.365	0.415385
8.366	-0.295195
8.367	0.434831
8.368	0.11126
8.369	0.423355
8.37	-0.25726
8.371	0.415385
8.372	0.055154
8.373	0.136126
8.374	-0.061523
8.375	-0.481687
8.376	0.268742
8.377	-1.13361
8.378	-0.12815
8.379	-0.472123
8.38	-0.657659
8.381	-0.364054
8.382	-0.468298
8.383	-0.194139
8.384	0.11413
8.385	-0.96784
8.386	-0.307628
8.387	0.057066
8.388	0.610484
8.389	0.289145
8.39	0.323893
8.391	-0.386688
8.392	-0.182663
8.393	0.510384
8.394	-0.163536
8.395	-0.14919
8.396	-0.150465
8.397	-0.028688
8.398	-0.135482
8.399	-0.061204
8.4	-0.079694
8.401	-0.353215
8.402	0.678705
8.403	-0.263317
8.404	-0.364054
8.405	0.758402
8.406	-0.195415
8.407	0.900263
8.408	0.081613
8.409	-0.268736
8.41	0.394345
8.411	-0.439288
8.412	-0.748195
8.413	-0.52313
8.414	-0.547676
8.415	-0.103285
8.416	-0.256941
8.417	-0.438013
8.418	0.197334
8.419	0.588488
8.42	-0.210079
8.421	0.930229
8.422	-0.265229
8.423	0.511659
8.424	0.289782
8.425	0.370755
8.426	-0.355128
8.427	0.099784
8.428	0.442482
8.429	-0.238132
8.43	0.111579
8.431	-0.429724
8.432	0.387651
8.433	-0.235901
8.434	0.118593
8.435	0.644913
8.436	-0.306353
8.437	0.713453
8.438	-0.283719
8.439	0.281813
8.44	0.705802
8.441	-0.339188
8.442	0.124968
8.443	-0.461285
8.444	-0.153016
8.445	-0.3835
8.446	-0.252159
8.447	-0.78103
8.448	-0.285632
8.449	-0.478499
8.45	-0.134845
8.451	-0.126556
8.452	-0.161623
8.453	-0.435463
8.454	-0.164492
8.455	0.419211
8.456	0.718235
8.457	0.097871
8.458	0.036345
8.459	0.058342
8.46	0.562347
8.461	0.479143
8.462	0.226981
8.463	-0.160348
8.464	0.268423
8.465	0.29839
8.466	0.401996
8.467	0.175975
8.468	0.015305
8.469	0.007016
8.47	0.031563
8.471	0.300621
8.472	0.335369
8.473	-0.530781
8.474	0.565535
8.475	-0.230481
8.476	0.018812
8.477	-0.084795
8.478	-0.569035
8.479	-0.182982
8.48	-0.594538
8.481	-0.444389
8.482	-0.518985
8.483	-0.214542
8.484	-0.255666
8.485	-0.252159
8.486	-0.59135
8.487	-0.178519
8.488	0.242283
8.489	0.350033
8.49	-0.239726
8.491	-0.08862
8.492	0.263642
8.493	1.06285
8.494	0.172787
8.495	0.355453
8.496	-0.133888
8.497	-0.262679
8.498	1.15657
8.499	-0.285632
8.5	0.625148
8.501	0.323574
8.502	0.01913
8.503	0.937562
8.504	-0.649051
8.505	0.15621
8.506	-0.18617
8.507	0.033157
8.508	0.439613
8.509	-0.074275
8.51	-0.513566
8.511	-0.71249
8.512	-0.716316
8.513	-0.547676
8.514	-0.215498
8.515	-0.169274
8.516	-0.890693
8.517	0.010204
8.518	-0.411235
8.519	-0.33887
8.52	0.063123
8.521	-0.206253
8.522	-0.153653
8.523	-0.483281
8.524	0.825029
8.525	0.260454
8.526	0.61431
8.527	0.647464
8.528	0.061529
8.529	0.854039
8.53	-0.500496
8.531	0.072687
8.532	0.35099
8.533	-0.113805
8.534	0.168005
8.535	-0.114442
8.536	0.500183
8.537	0.129113
8.538	0.002235
8.539	0.34047
8.54	-0.074593
8.541	0.375218
8.542	0.204028
8.543	-0.063436
8.544	0.393708
8.545	-0.656383
8.546	-0.330581
8.547	-0.053235
8.548	-0.694638
8.549	-0.420798
8.55	-0.326437
8.551	-0.561703
8.552	-0.52313
8.553	-0.450765
8.554	-0.131019
8.555	0.126881
8.556	0.296158
8.557	-1.22797
8.558	-0.100415
8.559	-0.096271
8.56	1.01917
8.561	0.26938
8.562	0.047184
8.563	0.007016
8.564	-0.186488
8.565	0.060573
8.566	0.501139
8.567	-0.108385
8.568	0.053878
8.569	-0.069493
8.57	-0.287863
8.571	-0.122093
8.572	0.325487
8.573	-0.141858
8.574	-0.040164
8.575	0.355772
8.576	0.206897
8.577	0.270336
8.578	0.148878
8.579	-0.195096
8.58	0.089264
8.581	-0.499858
8.582	-0.472761
8.583	-0.374255
8.584	-0.406772
8.585	-0.189039
8.586	0.058979
8.587	-0.352578
8.588	-0.359272
8.589	0.025825
8.59	0.031244
8.591	-0.866784
8.592	-0.124325
8.593	0.387651
8.594	0.735768
8.595	0.802395
8.596	0.321024
8.597	-0.416335
8.598	0.131025
8.599	0.423992
8.6	-0.051959
8.601	0.56936
8.602	0.147602
8.603	0.379362
8.604	0.049097
8.605	-0.045265
8.606	0.759677
8.607	-0.401352
8.608	0.144415
8.609	-0.134207
8.61	0.5327
8.611	0.209448
8.612	-0.154291
8.613	-0.642675
8.614	-0.244827
8.615	-0.654471
8.616	-0.468617
8.617	-0.445983
8.618	-0.616535
8.619	-0.233669
8.62	-0.369473
8.621	-0.272243
8.622	-0.506871
8.623	-0.113486
8.624	-0.45204
8.625	-0.123049
8.626	-0.250246
8.627	0.466073
8.628	0.514847
8.629	0.538757
8.63	-0.62036
8.631	0.50624
8.632	0.445033
8.633	-0.248334
8.634	0.602196
8.635	0.042402
8.636	0.249615
8.637	0.060254
8.638	-0.245464
8.639	0.339195
8.64	-0.160667
8.641	-0.143452
8.642	0.044315
8.643	0.471173
8.644	0.124968
8.645	0.201478
8.646	-0.124643
8.647	0.136126
8.648	-0.088301
8.649	-1.15369
8.65	-0.316236
8.651	-0.489338
8.652	-0.434187
8.653	-0.332813
8.654	-0.328668
8.655	-0.262041
8.656	0.072368
8.657	0.246108
8.658	0.102653
8.659	-0.167999
8.66	0.398808
8.661	0.272568
8.662	0.74852
8.663	0.899944
8.664	-0.598683
8.665	1.9325
8.666	-0.124643
8.667	0.00351
8.668	-0.101053
8.669	0.578924
8.67	-0.026775
8.671	-0.009879
8.672	-0.239726
8.673	0.247383
8.674	-0.335682
8.675	0.37458
8.676	0.265554
8.677	-0.048134
8.678	0.634074
8.679	0.142821
8.68	0.109348
8.681	-0.086389
8.682	0.315285
8.683	-0.466066
8.684	-0.562341
8.685	-0.339188
8.686	-0.492207
8.687	-0.55979
8.688	-0.205297
8.689	0.106479
8.69	-0.693363
8.691	0.064717
8.692	-0.240683
8.693	0.601239
8.694	0.313692
8.695	-0.49412
8.696	0.031563
8.697	-0.091808
8.698	0.390838
8.699	0.177569
8.7	-0.226975
8.701	0.0797
8.702	-0.250565
8.703	-0.054829
8.704	0.15079
8.705	0.165773
8.706	0.057704
8.707	0.541944
8.708	0.282769
8.709	-0.077144
8.71	-0.316236
8.711	0.669779
8.712	0.046546
8.713	0.321342
8.714	0.279581
8.715	-0.561066
8.716	0.046228
8.717	-0.505277
8.718	-0.479456
8.719	-0.578918
8.72	-0.445983
8.721	-0.077463
8.722	-0.218049
8.723	0.254078
8.724	-0.038889
8.725	-0.152697
8.726	-0.532375
8.727	0.391157
8.728	-0.263635
8.729	0.270017
8.73	0.697195
8.731	-0.442795
8.732	0.437382
8.733	-0.013386
8.734	0.084482
8.735	0.671373
8.736	0.364379
8.737	0.00351
8.738	0.281813
8.739	-0.05706
8.74	0.023912
8.741	0.530149
8.742	0.026781
8.743	0.541307
8.744	0.091496
8.745	-0.487744
8.746	0.370436
8.747	-0.093402
8.748	-0.055785
8.749	-0.166405
8.75	-0.095315
8.751	-0.490294
8.752	-0.478499
8.753	-0.520898
8.754	-0.737037
8.755	-0.158435
8.756	-0.397846
8.757	-0.035064
8.758	0.055154
8.759	-0.428768
8.76	-0.231119
8.761	-0.118268
8.762	0.747563
8.763	0.206578
8.764	-0.068855
8.765	-0.056741
8.766	-0.015299
8.767	0.830448
8.768	-0.030282
8.769	0.238457
8.77	0.141864
8.771	-0.009879
8.772	0.573823
8.773	-0.247696
8.774	0.421123
8.775	-0.035382
8.776	0.697513
8.777	-0.133888
8.778	0.454915
8.779	0.18777
8.78	-0.284038
8.781	0.726523
8.782	-0.575411
8.783	0.673285
8.784	0.048459
8.785	-0.313685
8.786	-0.381906
8.787	-0.599639
8.788	-0.421117
8.789	-0.360547
8.79	-0.210398
8.791	-0.524405
8.792	-0.336
8.793	0.026781
8.794	-0.111892
8.795	0.48265
8.796	0.042721
8.797	0.428774
8.798	0.621642
8.799	1.07942
8.8	-0.317511
8.801	0.109667
8.802	-0.295195
8.803	0.192552
8.804	-0.183938
8.805	0.267467
8.806	-0.154291
8.807	0.33505
8.808	-0.195096
8.809	-0.214861
8.81	1.11194
8.811	-0.171824
8.812	-0.231756
8.813	0.779123
8.814	0.275437
8.815	0.359916
8.816	0.418254
8.817	-0.360866
8.818	-0.592626
8.819	-0.161623
8.82	-0.972622
8.821	-0.310179
8.822	-0.383819
8.823	-0.537794
8.824	-0.186488
8.825	-0.316554
8.826	-0.221874
8.827	0.292651
8.828	0.121462
8.829	-0.103922
8.83	-0.282125
8.831	0.243877
8.832	0.291057
8.833	0.869022
8.834	0.038895
8.835	0.334094
8.836	0.061848
8.837	0.324849
8.838	-0.094996
8.839	0.205622
8.84	0.098509
8.841	0.117317
8.842	-0.1256
8.843	0.036026
8.844	0.40614
8.845	-0.060248
8.846	0.579562
8.847	-0.23877
8.848	0.153341
8.849	0.247702
8.85	-0.011792
8.851	0.040489
8.852	-0.429406
8.853	-0.13612
8.854	-0.439607
8.855	-0.592626
8.856	-0.242595
8.857	-0.632793
8.858	0.040489
8.859	-0.289776
8.86	-0.269374
8.861	-0.194777
8.862	0.659259
8.863	-0.461603
8.864	0.334413
8.865	0.744057
8.866	0.116042
8.867	0.175975
8.868	0.896438
8.869	-0.723967
8.87	0.105522
8.871	-0.060567
8.872	0.19829
8.873	0.683168
8.874	-0.131019
8.875	-0.092764
8.876	0.775617
8.877	-0.336957
8.878	-0.229525
8.879	0.671692
8.88	-0.277025
8.881	0.599645
8.882	0.062167
8.883	0.011161
8.884	0.110623
8.885	-0.4361
8.886	0.324212
8.887	-0.550545
8.888	-0.612709
8.889	-0.427812
8.89	-0.608884
8.891	-0.078738
8.892	-0.597726
8.893	-0.384775
8.894	0.193189
8.895	0.123056
8.896	-0.133569
8.897	0.322299
8.898	-0.232075
8.899	0.288826
8.9	0.055472
8.901	-0.160667
8.902	0.244514
8.903	-0.25184
8.904	0.454596
8.905	-0.074275
8.906	0.137401
8.907	-0.286588
8.908	-0.466704
8.909	0.304765
8.91	-0.214542
8.911	0.22985
8.912	0.636306
8.913	0.324212
8.914	-0.3309
8.915	0.161629
8.916	0.278625
8.917	0.290101
8.918	0.497952
8.919	-0.847976
8.92	-0.015299
8.921	-0.408047
8.922	-0.754252
8.923	-0.435781
8.924	-0.53365
8.925	-0.082563
8.926	-0.177562
8.927	-0.153653
8.928	-0.005416
8.929	-0.301252
8.93	0.835549
8.931	-0.186807
8.932	0.299665
8.933	0.740231
8.934	0.417936
8.935	0.409647
8.936	-0.297427
8.937	0.130388
8.938	-0.366285
8.939	0.327081
8.94	-0.276387
8.941	0.34047
8.942	0.35609
8.943	-0.135482
8.944	0.281494
8.945	-0.10966
8.946	0.005104
8.947	0.158441
8.948	-0.103603
8.949	0.084163
8.95	-0.10966
8.951	0.334413
8.952	0.019449
8.953	-0.487106
8.954	-0.177881
8.955	-0.647139
8.956	-0.547995
8.957	-0.568398
8.958	-0.442476
8.959	-0.274155
8.96	-0.211035
8.961	-0.145046
8.962	-0.141539
8.963	0.247383
8.964	0.81164
8.965	0.054516
8.966	0.160992
8.967	0.279581
8.968	-0.381587
8.969	0.018812
8.97	0.29042
8.971	0.01913
8.972	0.032201
8.973	0.132619
8.974	0.184582
8.975	-0.226656
8.976	0.067586
8.977	-0.102966
8.978	0.728436
8.979	0.231444
8.98	0.249296
8.981	0.217417
8.982	-0.338232
8.983	0.302215
8.984	0.057066
8.985	-0.021993
8.986	0.263004
8.987	-0.0781
8.988	-0.016893
8.989	-0.365967
8.99	-0.499858
8.991	0.029969
8.992	-0.642675
8.993	-0.303803
8.994	-0.227931
8.995	-0.381269
8.996	-0.294558
8.997	0.200521
8.998	0.439613
8.999	-0.063117
9	0.838737
9.001	0.665953
9.002	0.092771
9.003	1.66472
9.004	-1.39884
9.005	-0.626098
9.006	0.181713
9.007	-0.051959
9.008	0.212317
9.009	0.415066
9.01	-0.317192
9.011	-0.027413
9.012	0.084482
9.013	-0.044627
9.014	-0.286907
9.015	-0.149828
9.016	0.598051
9.017	-0.145046
9.018	0.589125
9.019	0.333138
9.02	0.094683
9.021	-0.315279
9.022	0.062167
9.023	-0.260129
9.024	-0.795057
9.025	-0.303165
9.026	-0.640763
9.027	0.066949
9.028	-0.089895
9.029	-0.241958
9.03	-0.32293
9.031	-0.358316
9.032	-0.28882
9.033	0.689544
9.034	0.108391
9.035	-0.13612
9.036	0.090858
9.037	-0.050366
9.038	0.147921
9.039	-0.52313
9.04	0.271293
9.041	0.050053
9.042	0.180119
9.043	0.042402
9.044	-0.049409
9.045	0.384781
9.046	-0.062798
9.047	0.323255
9.048	0.148878
9.049	0.452365
9.05	-0.107748
9.051	-0.213904
9.052	0.604427
9.053	-0.210079
9.054	0.207854
9.055	-0.2834
9.056	-0.126237
9.057	-0.619085
9.058	-0.581787
9.059	-0.531418
9.06	-0.455865
9.061	-0.417929
9.062	-0.1782
9.063	-0.013386
9.064	-0.160667
9.065	-0.129744
9.066	0.226025
9.067	0.21678
9.068	0.609209
9.069	0.484562
9.07	-0.051003
9.071	-0.012748
9.072	0.41411
9.073	-0.09659
9.074	0.376174
9.075	-0.294239
9.076	0.013073
9.077	-0.299659
9.078	0.298708
9.079	0.660215
9.08	-0.047815
9.081	-0.166405
9.082	0.722379
9.083	0.127519
9.084	0.151428
9.085	0.26141
9.086	0.259497
9.087	-0.162579
9.088	0.393708
9.089	-0.571904
9.09	0.051966
9.091	-0.484237
9.092	-0.712171
9.093	-0.309541
9.094	-0.561703
9.095	-0.251521
9.096	-0.556602
9.097	-0.146959
9.098	0.461928
9.099	0.054197
9.1	0.039852
9.101	-1.21076
9.102	-0.605377
9.103	0.48775
9.104	0.688269
9.105	0.22188
9.106	-0.142177
9.107	-0.156203
9.108	0.376493
9.109	-0.265867
9.11	0.478187
9.111	-0.054191
9.112	0.224749
9.113	0.599964
9.114	-0.397208
9.115	0.309547
9.116	0.064399
9.117	-0.016255
9.118	0.172787
9.119	0.400402
9.12	-0.094677
9.121	0.217417
9.122	0.069499
9.123	-0.424305
9.124	-0.135801
9.125	-0.317192
9.126	-0.612709
9.127	-0.322611
9.128	-0.30986
9.129	-0.506234
9.13	-0.104241
9.131	-0.449808
9.132	-0.100097
9.133	0.316561
9.134	0.104885
9.135	-0.485513
9.136	0.377768
9.137	-0.185213
9.138	0.453002
9.139	0.849257
9.14	0.366929
9.141	-0.132613
9.142	-0.570629
9.143	-0.216773
9.144	0.146327
9.145	0.285638
9.146	0.533337
9.147	0.445033
9.148	-0.376805
9.149	0.133576
9.15	-0.111892
9.151	0.226662
9.152	0.067586
9.153	0.472767
9.154	0.170236
9.155	-0.125919
9.156	0.40614
9.157	-0.262041
9.158	-0.505915
9.159	-0.112848
9.16	-0.662759
9.161	-0.2834
9.162	-0.541301
9.163	-0.191589
9.164	-0.166086
9.165	-0.286269
9.166	-0.131657
9.167	-0.2783
9.168	0.396258
9.169	-0.609203
9.17	1.48142
9.171	0.432281
9.172	0.162267
9.173	0.407734
9.174	-0.714403
9.175	0.163223
9.176	-0.722692
9.177	0.421442
9.178	-0.118905
9.179	0.049097
9.18	0.482012
9.181	0.365017
9.182	0.324849
9.183	-0.240045
9.184	0.046228
9.185	0.306041
9.186	0.09564
9.187	0.107754
9.188	0.407734
9.189	0.116361
9.19	-0.541619
9.191	0.543538
9.192	-0.489976
9.193	-0.357359
9.194	-0.401671
9.195	-0.262679
9.196	-0.840325
9.197	-0.360866
9.198	-0.090852
9.199	-0.5888
9.2	-0.087026
9.201	-0.173099
9.202	-0.138033
9.203	-0.400715
9.204	0.094365
9.205	0.631524
9.206	-0.022631
9.207	1.35645
9.208	0.455553
9.209	0.034114
9.21	0.96944
9.211	-0.562022
9.212	0.758083
9.213	0.523773
9.214	0.210404
9.215	0.09022
9.216	0.239414
9.217	0.09022
9.218	-0.355765
9.219	0.244514
9.22	-0.177562
9.221	0.487113
9.222	0.267467
9.223	0.064717
9.224	0.453959
9.225	-0.327393
9.226	-0.328668
9.227	-1.46834
9.228	0.248659
9.229	-0.196052
9.23	-0.344927
9.231	-0.133888
9.232	-0.480093
9.233	0.10074
9.234	-0.422711
9.235	-0.243233
9.236	1.5372
9.237	-0.203703
9.238	0.341107
9.239	0.109348
9.24	0.128794
9.241	0.731943
9.242	-0.694319
9.243	1.2369
9.244	-0.492845
9.245	-0.251521
9.246	0.245152
9.247	0.043677
9.248	0.043358
9.249	-0.368198
9.25	0.02455
9.251	0.394664
9.252	0.473405
9.253	0.296477
9.254	-0.382862
9.255	0.219011
9.256	0.106797
9.257	0.696238
9.258	0.15079
9.259	-0.136757
9.26	-0.200196
9.261	-0.609521
9.262	-0.453952
9.263	-0.618448
9.264	-0.282125
9.265	-0.371705
9.266	-0.35991
9.267	-0.238451
9.268	-0.357041
9.269	-0.073
9.27	0.049415
9.271	0.384463
9.272	0.26396
9.273	0.328037
9.274	-0.290414
9.275	0.178844
9.276	-0.436419
9.277	0.292014
9.278	0.527599
9.279	0.465754
9.28	0.126562
9.281	-0.084157
9.282	-0.258216
9.283	0.467029
9.284	-0.198602
9.285	0.587531
9.286	0.052603
9.287	0.17183
9.288	0.546089
9.289	-0.437057
9.29	0.120505
9.291	0.015943
9.292	0.130069
9.293	-0.053553
9.294	-0.421436
9.295	-0.130382
9.296	-0.57031
9.297	-0.25981
9.298	-0.326118
9.299	-0.401671
9.3	-0.399758
9.301	-0.098503
9.302	0.058342
9.303	0.420805
9.304	-0.561384
9.305	-0.021356
9.306	0.173424
9.307	0.056429
9.308	-0.626098
9.309	0.315285
9.31	-0.402627
9.311	0.558521
9.312	0.194146
9.313	0.403271
9.314	0.354815
9.315	-0.073637
9.316	0.046546
9.317	0.460972
9.318	0.222199
9.319	0.411241
9.32	0.152703
9.321	0.34047
9.322	-0.020081
9.323	-0.138989
9.324	0.553102
9.325	0.072049
9.326	0.492532
9.327	-0.802708
9.328	-0.068218
9.329	-0.130382
9.33	-0.935005
9.331	-0.526636
