1.288	0.179481
1.289	-0.166724
1.29	0.271611
1.291	-0.158116
1.292	0.110623
1.293	0.066949
1.294	-0.074912
1.295	0.157485
1.296	-0.121455
1.297	-0.136757
1.298	0.591357
1.299	-0.211354
1.3	0.25344
1.301	0.233675
1.302	-0.107748
1.303	-0.18617
1.304	-0.156841
1.305	-0.321655
1.306	-0.116355
1.307	-0.337276
1.308	-0.488063
1.309	-0.796013
1.31	-0.224106
1.311	-0.405496
1.312	0.023275
1.313	-0.224106
1.314	-0.156841
1.315	-0.101053
1.316	-0.194458
1.317	0.342064
1.318	0.293927
1.319	0.051328
1.32	0.445033
1.321	-0.134207
1.322	0.681893
1.323	-0.172143
1.324	0.867109
1.325	-0.413466
1.326	0.143458
1.327	-0.116674
1.328	0.011798
1.329	-0.256303
1.33	-0.015618
1.331	0.010842
1.332	0.402315
1.333	0.419848
1.334	-0.137714
1.335	0.442482
1.336	-0.346202
1.337	0.1272
1.338	-0.176606
1.339	-0.584975
1.34	0.409328
1.341	-0.178838
1.342	-0.488382
1.343	-0.40709
1.344	-0.297108
1.345	-0.244508
1.346	-0.089895
1.347	-0.006691
1.348	-0.508465
1.349	0.354496
1.35	-0.659571
1.351	-0.023587
1.352	1.49735
1.353	-0.098184
1.354	0.294564
1.355	-0.389238
1.356	0.213592
1.357	0.514529
1.358	-0.074275
1.359	0.651289
1.36	-0.025819
1.361	0.233994
1.362	-0.112529
1.363	0.128156
1.364	0.138676
1.365	-0.149509
1.366	0.55629
1.367	0.281494
1.368	0.015624
1.369	0.29042
1.37	0.555652
1.371	-0.102328
1.372	-0.398802
1.373	-0.068855
1.374	-0.465748
1.375	-0.217092
1.376	-0.737675
1.377	-0.427812
1.378	-0.198284
1.379	-0.013386
1.38	-0.148553
1.381	0.148878
1.382	-0.04399
1.383	0.144415
1.384	0.128156
1.385	-0.018805
1.386	0.88783
1.387	-0.263317
1.388	0.265873
1.389	-0.055785
1.39	1.35007
1.391	-0.011792
1.392	-1.19769
1.393	0.331225
1.394	0.333775
1.395	0.367567
1.396	-0.286588
1.397	0.089902
1.398	-0.005735
1.399	0.216142
1.4	0.651608
1.401	0.146008
1.402	0.270655
1.403	0.341426
1.404	0.081294
1.405	0.19574
1.406	-0.272243
1.407	0.217098
1.408	-0.095634
1.409	-0.251521
1.41	-0.335682
1.411	-0.556284
1.412	0.000959
1.413	-0.723967
1.414	-0.393064
1.415	-0.073318
1.416	-0.182025
1.417	0.265554
1.418	0.066949
1.419	0.416342
1.42	1.20247
1.421	-0.016893
1.422	0.041446
1.423	-0.319423
1.424	-0.041758
1.425	0.337919
1.426	0.532062
1.427	0.550233
1.428	0.01658
1.429	0.255991
1.43	-0.025819
1.431	0.441207
1.432	-0.033789
1.433	-0.316236
1.434	0.346846
1.435	0.146646
1.436	-0.145365
1.437	-0.031557
1.438	-0.021356
1.439	0.309866
1.44	-0.19924
1.441	-0.29392
1.442	-0.492845
1.443	-0.290414
1.444	-0.694001
1.445	-0.4361
1.446	-0.239407
1.447	-0.14919
1.448	-0.669773
1.449	0.637262
1.45	-0.176925
1.451	-0.4361
1.452	0.015624
1.453	-0.670091
1.454	0.803989
1.455	-0.448533
1.456	0.676792
1.457	0.197971
1.458	0.255991
1.459	0.351627
1.46	0.536206
1.461	-0.169593
1.462	-0.211673
1.463	0.167367
1.464	0.153978
1.465	-0.025181
1.466	0.143777
1.467	-0.041758
1.468	0.244514
1.469	0.30094
1.47	-0.182025
1.471	-0.475949
1.472	0.421761
1.473	-0.177244
1.474	-0.030601
1.475	-0.112529
1.476	-0.493163
1.477	-0.14122
1.478	-0.42303
1.479	-0.366923
1.48	-0.366604
1.481	-0.325162
1.482	-0.296471
1.483	0.197334
1.484	0.183944
1.485	-0.40199
1.486	0.09309
1.487	-1.17473
1.488	0.151428
1.489	-0.626098
1.49	-0.411872
1.491	0.759677
1.492	0.085757
1.493	0.407734
1.494	0.125925
1.495	0.040489
1.496	0.450133
1.497	0.144415
1.498	0.110304
1.499	-0.475311
1.5	-0.027732
1.501	-0.085114
1.502	0.52218
1.503	0.565535
1.504	-0.089577
1.505	0.169918
1.506	0.153978
1.507	0.445989
1.508	-0.011792
1.509	-0.106154
1.51	-0.32293
1.511	-0.494757
1.512	-0.219005
1.513	-0.365648
1.514	-0.463835
1.515	-0.182025
1.516	-0.396889
1.517	-0.079694
1.518	-0.259172
1.519	-0.178519
1.52	-0.52823
1.521	-0.090533
1.522	0.878267
1.523	0.283407
1.524	-0.588481
1.525	0.273524
1.526	-0.669454
1.527	0.048459
1.528	0.264917
1.529	-0.40996
1.53	0.169599
1.531	0.410603
1.532	0.374899
1.533	-0.250884
1.534	0.32198
1.535	-0.247377
1.536	0.15876
1.537	0.177569
1.538	-0.131338
1.539	0.340151
1.54	-0.55469
1.541	0.490938
1.542	-0.214542
1.543	-0.077781
1.544	-0.482962
1.545	-0.613028
1.546	-0.087345
1.547	0.284682
1.548	-0.122412
1.549	-0.264273
1.55	-0.373618
1.551	-0.329943
1.552	-0.025181
1.553	-0.175968
1.554	0.561391
1.555	-0.189676
1.556	0.432919
1.557	0.29297
1.558	-0.01753
1.559	0.3851
1.56	0.285319
1.561	0.21678
1.562	-0.042396
1.563	-0.053553
1.564	0.863284
1.565	-0.131657
1.566	0.113811
1.567	-0.037614
1.568	0.096915
1.569	-0.204022
1.57	0.418254
1.571	-0.025819
1.572	-0.03602
1.573	0.391795
1.574	-0.21231
1.575	0.386057
1.576	-0.265548
1.577	-0.187126
1.578	-0.327712
1.579	-0.648732
1.58	-0.167361
1.581	-0.513247
1.582	-0.40454
1.583	-0.426537
1.584	-0.205297
1.585	-0.261404
1.586	-0.064073
1.587	-0.218367
1.588	0.511978
1.589	0.249296
1.59	0.781993
1.591	0.287232
1.592	-0.087664
1.593	0.281813
1.594	-0.339188
1.595	0.521861
1.596	0.455553
1.597	-0.272243
1.598	-0.089258
1.599	0.126562
1.6	0.123374
1.601	-0.052278
1.602	0.130707
1.603	0.093727
1.604	0.228894
1.605	0.379681
1.606	0.04559
1.607	0.335369
1.608	-0.094358
1.609	0.396895
1.61	-0.079694
1.611	-0.926079
1.612	-0.758715
1.613	0.137082
1.614	-0.616535
1.615	2.36478
1.616	0.04559
1.617	-0.158435
1.618	-0.293602
1.619	-0.172462
1.62	-0.095952
1.621	-0.209122
1.622	1.45719
1.623	0.652564
1.624	0.487432
1.625	1.0383
1.626	0.215186
1.627	0.763503
1.628	-0.006691
1.629	0.136126
1.63	-0.542576
1.631	0.273843
1.632	0.455871
1.633	-0.280212
1.634	0.514847
1.635	-0.306353
1.636	0.033476
1.637	0.243877
1.638	-0.334088
1.639	0.562347
1.64	-0.126556
1.641	0.343339
1.642	0.028057
1.643	0.026781
1.644	-0.121137
1.645	0.311779
1.646	-0.088301
1.647	-0.439926
1.648	3.128e-06
1.649	0.036664
1.65	-0.119862
1.651	-0.20976
1.652	-0.451721
1.653	-0.264911
1.654	0.444076
1.655	0.037301
1.656	-0.539388
1.657	0.042083
1.658	-0.536838
1.659	0.750114
1.66	0.184901
1.661	0.222837
1.662	-0.132294
1.663	0.5904
1.664	0.836824
1.665	0.150153
1.666	0.438657
1.667	-0.258216
1.668	0.498589
1.669	-0.195415
1.67	0.214548
1.671	0.275437
1.672	-0.255028
1.673	0.391476
1.674	0.479781
1.675	-0.05451
1.676	-0.290095
1.677	0.131982
1.678	-0.046859
1.679	-0.199878
1.68	0.271293
1.681	-0.339507
1.682	-0.239726
1.683	-0.396889
1.684	-0.608884
1.685	-0.23877
1.686	-0.172143
1.687	-0.142814
1.688	-0.255666
1.689	0.07715
1.69	-0.505915
1.691	0.550871
1.692	-0.260129
1.693	0.724929
1.694	-0.36246
1.695	-0.101691
1.696	-0.577961
1.697	-0.019443
1.698	0.206578
1.699	-0.233032
1.7	0.492213
1.701	0.331862
1.702	-0.035382
1.703	0.362785
1.704	-0.073956
1.705	0.411241
1.706	-0.095952
1.707	0.299984
1.708	0.282131
1.709	-0.415698
1.71	0.025825
1.711	0.115086
1.712	0.32198
1.713	-0.278618
1.714	0.05356
1.715	-0.628649
1.716	-0.544807
1.717	-0.285313
1.718	-0.577961
1.719	-0.35991
1.72	0.007973
1.721	-0.297108
1.722	-0.267461
1.723	-0.234307
1.724	-0.342057
1.725	0.818016
1.726	-0.675192
1.727	0.623236
1.728	-0.467342
1.729	-0.005097
1.73	0.233994
1.731	-0.480412
1.732	0.417617
1.733	-0.430362
1.734	0.694007
1.735	-0.020718
1.736	0.073325
1.737	0.136445
1.738	-0.286269
1.739	0.294245
1.74	-0.062161
1.741	0.27448
1.742	0.61431
1.743	0.056748
1.744	-0.04399
1.745	0.504009
1.746	0.123374
1.747	-0.748195
1.748	0.071731
1.749	-0.425261
1.75	-0.002228
1.751	-0.559472
1.752	-0.275112
1.753	-0.40454
1.754	-0.381906
1.755	-0.20721
1.756	0.079063
1.757	-0.322293
1.758	-0.544488
1.759	2.14609
1.76	-0.150146
1.761	1.65962
1.762	0.618135
1.763	0.335688
1.764	0.85372
1.765	-0.223787
1.766	0.59837
1.767	-0.577324
1.768	-0.003185
1.769	-0.451402
1.77	0.563303
1.771	0.110942
1.772	-0.005416
1.773	0.272568
1.774	0.08512
1.775	0.084482
1.776	0.440251
1.777	-0.097228
1.778	0.123056
1.779	0.030288
1.78	0.255991
1.781	-0.230163
1.782	-0.041758
1.783	-0.362779
1.784	-0.204978
1.785	-0.2834
1.786	-0.678699
1.787	-0.266823
1.788	-0.107429
1.789	-0.081288
1.79	-0.31496
1.791	-0.18075
1.792	-0.178838
1.793	-0.60984
1.794	0.534931
1.795	0.270974
1.796	0.546726
1.797	-0.020081
1.798	0.382869
1.799	0.117955
1.8	0.338238
1.801	0.200203
1.802	-0.07013
1.803	0.283725
1.804	0.045909
1.805	0.010842
1.806	-0.012111
1.807	0.132301
1.808	0.083207
1.809	-0.131657
1.81	0.27735
1.811	0.444076
1.812	0.319748
1.813	-0.439288
1.814	0.409966
1.815	-0.145365
1.816	-0.644269
1.817	-0.159391
1.818	-0.297746
1.819	-0.335682
1.82	-0.361822
1.821	-0.472123
1.822	-0.373618
1.823	-0.17565
1.824	-0.158116
1.825	-0.083201
1.826	0.027419
1.827	-0.472442
1.828	0.374899
1.829	0.425905
1.83	0.923216
1.831	0.329312
1.832	0.386057
1.833	-0.118905
1.834	0.675198
1.835	0.10616
1.836	-0.296789
1.837	0.117317
1.838	-0.105197
1.839	0.207216
1.84	-0.070768
1.841	0.167049
1.842	0.28787
1.843	-0.073956
1.844	0.547364
1.845	-0.2834
1.846	0.302853
1.847	-0.166405
1.848	0.359597
1.849	0.161629
1.85	-0.59932
1.851	-0.35449
1.852	-0.688581
1.853	0.130388
1.854	-0.369792
1.855	-0.358953
1.856	-0.0781
1.857	-0.463516
1.858	-0.130382
1.859	-0.071406
1.86	-0.126237
1.861	1.32521
1.862	-0.303484
1.863	0.61144
1.864	0.867428
1.865	0.317836
1.866	0.408372
1.867	-0.161304
1.868	0.46671
1.869	0.404546
1.87	-0.351302
1.871	0.442482
1.872	0.00351
1.873	0.11923
1.874	-0.087983
1.875	0.188089
1.876	0.059298
1.877	0.207535
1.878	0.310185
1.879	-0.138351
1.88	0.180438
1.881	-0.277662
1.882	0.698789
1.883	-0.05451
1.884	-0.10711
1.885	-0.666266
1.886	-0.497308
1.887	-0.424305
1.888	-0.441201
1.889	-0.794419
1.89	0.001916
1.891	-0.550864
1.892	-0.146321
1.893	-0.123687
1.894	0.093408
1.895	1.75526
1.896	-0.34397
1.897	0.768603
1.898	1.1486
1.899	0.236226
1.9	0.26938
1.901	-0.037933
1.902	-0.00446
1.903	0.256309
1.904	0.220286
1.905	0.291695
1.906	-0.244189
1.907	0.27193
1.908	-0.07555
1.909	0.284044
1.91	-0.014024
1.911	0.143458
1.912	0.623236
1.913	-0.275431
1.914	-0.051003
1.915	-0.027732
1.916	0.404865
1.917	0.004466
1.918	-0.297108
1.919	-0.304122
1.92	-0.714084
1.921	-0.340464
1.922	-0.346521
1.923	-0.886868
1.924	-0.096271
1.925	-0.703245
1.926	-0.236538
1.927	-0.275112
1.928	-0.072043
1.929	-0.981229
1.93	-0.233669
1.931	-0.275112
1.932	0.071412
1.933	-0.211035
1.934	0.257585
1.935	-0.30444
1.936	1.91274
1.937	0.099465
1.938	-1.32584
1.939	0.702933
1.94	-0.408684
1.941	0.780399
1.942	-0.100415
1.943	-0.103922
1.944	-0.14664
1.945	0.400083
1.946	0.365654
1.947	-0.035701
1.948	0.380318
1.949	0.016899
1.95	0.644594
1.951	0.417936
1.952	-0.709621
1.953	0.136126
1.954	-0.547995
1.955	-0.037295
1.956	-0.006691
1.957	-0.588481
1.958	-0.310179
1.959	-0.563935
1.96	-0.107429
1.961	-0.271924
1.962	0.219649
1.963	-1.27292
1.964	0.312098
1.965	-0.243552
1.966	0.858183
1.967	-0.149509
1.968	0.122099
1.969	-0.243233
1.97	2.20475
1.971	-0.446301
1.972	0.293608
1.973	0.517079
1.974	-0.026775
1.975	0.324849
1.976	-0.564572
1.977	-0.059292
1.978	0.250571
1.979	0.591676
1.98	0.203072
1.981	-0.100415
1.982	0.453321
1.983	-0.160667
1.984	-0.037614
1.985	0.092771
1.986	-0.708984
1.987	-0.08862
1.988	-0.54927
1.989	-0.02295
1.99	-0.32038
1.991	-0.323568
1.992	-0.334725
1.993	-0.747238
1.994	-0.137714
1.995	0.015624
1.996	0.065992
1.997	-1.49193
1.998	-1.03606
1.999	0.11668
2	1.22957
2.001	0.26396
2.002	0.691138
2.003	-0.064392
2.004	0.465754
2.005	0.364379
2.006	-0.562022
2.007	0.672648
2.008	-0.123687
2.009	0.184901
2.01	0.015624
2.011	-0.173418
2.012	0.386694
2.013	-0.225381
2.014	0.588488
2.015	-0.137076
2.016	0.380318
2.017	-0.108066
2.018	0.099784
2.019	0.350671
2.02	-0.234307
2.021	-0.01498
2.022	-0.614622
2.023	-0.034745
2.024	-0.483919
2.025	-0.470211
2.026	-0.308903
2.027	-0.795057
2.028	-0.138033
2.029	-0.152697
2.03	-0.124325
2.031	-0.422711
2.032	0.636625
2.033	-0.852439
2.034	0.675517
2.035	-0.608884
2.036	-0.127194
2.037	0.554058
2.038	-0.403903
2.039	0.542582
2.04	-0.018487
2.041	0.055154
2.042	0.294564
2.043	0.130707
2.044	0.045271
2.045	0.20626
2.046	-0.027413
2.047	0.14027
2.048	0.154297
2.049	0.906958
2.05	-0.412191
2.051	0.072368
2.052	0.068224
2.053	-0.029007
2.054	-0.124006
2.055	-0.505596
2.056	-0.289776
2.057	-0.214223
2.058	-0.339188
2.059	-0.237813
2.06	-0.405178
2.061	-0.204978
2.062	-0.159073
2.063	0.013392
2.064	-0.066624
2.065	-0.22283
2.066	1.00993
2.067	-0.049409
2.068	0.937243
2.069	-0.285313
2.07	-0.150465
2.071	0.542582
2.072	-0.105197
2.073	-0.140902
2.074	-0.520579
2.075	-0.132613
2.076	0.190958
2.077	0.137401
2.078	0.061529
2.079	-0.312729
2.08	0.006379
2.081	0.095959
2.082	0.253122
2.083	0.26683
2.084	-0.138989
2.085	0.35609
2.086	-0.397208
2.087	0.24037
2.088	-0.34142
2.089	0.212635
2.09	0.126562
2.091	-0.415698
2.092	-0.203065
2.093	-0.231438
2.094	-0.61781
2.095	-0.373299
2.096	0.083526
2.097	-0.4361
2.098	-0.063436
2.099	-0.160985
2.1	-1.0622
2.101	-0.579874
2.102	-0.027094
2.103	1.6424
2.104	0.166411
2.105	0.445989
2.106	-0.221874
2.107	0.40359
2.108	-0.139945
2.109	-0.349071
2.11	0.88783
2.111	-0.323249
2.112	0.091177
2.113	0.004785
2.114	-0.08352
2.115	0.388926
2.116	-0.152059
2.117	0.330269
2.118	-0.339188
2.119	0.328993
2.12	-0.345245
2.121	0.283407
2.122	0.26396
2.123	-0.202109
2.124	-0.273199
2.125	-0.374893
2.126	-0.290414
2.127	-0.614303
2.128	-0.611753
2.129	-0.164492
2.13	-0.176287
2.131	0.129113
2.132	-0.016255
2.133	-0.000953
2.134	-1.0316
2.135	0.069499
2.136	1.33732
2.137	0.766053
2.138	0.291376
2.139	0.262048
2.14	0.017218
2.141	0.828217
2.142	0.635031
2.143	-0.377762
2.144	0.549277
2.145	0.310185
2.146	-0.240364
2.147	-0.24674
2.148	0.037301
2.149	0.432281
2.15	-0.029007
2.151	0.383825
2.152	0.167367
2.153	-0.009242
2.154	0.093408
2.155	0.397852
2.156	0.395939
2.157	-0.985692
2.158	-0.057379
2.159	-0.419842
2.16	-0.206253
2.161	-0.350027
2.162	-0.483919
2.163	-0.154291
2.164	-0.035382
2.165	-0.163217
2.166	-0.142814
2.167	-0.050684
2.168	1.28185
2.169	0.813234
2.17	0.628974
2.171	0.989843
2.172	0.302534
2.173	0.252803
2.174	0.234313
2.175	0.924491
2.176	1.074
2.177	-0.163536
2.178	0.15621
2.179	-0.220918
2.18	0.417936
2.181	-0.218367
2.182	-0.010198
2.183	0.670416
2.184	-0.422074
2.185	0.76414
2.186	-0.121137
2.187	-0.040483
2.188	0.404865
2.189	0.184263
2.19	0.460972
2.191	-0.594857
2.192	-0.529824
2.193	-0.441838
2.194	-0.248334
2.195	-0.245146
2.196	-0.577005
2.197	-0.174056
2.198	-0.568398
2.199	-0.047178
2.2	-0.338232
2.201	-0.006373
2.202	-0.386688
2.203	-0.082563
2.204	-0.311773
2.205	1.03097
2.206	-0.047496
2.207	-0.118905
2.208	0.513253
2.209	-0.39402
2.21	0.906639
2.211	-0.529187
2.212	0.384463
2.213	-0.251521
2.214	0.496358
2.215	0.199565
2.216	-0.328031
2.217	0.074281
2.218	-0.72843
2.219	0.51931
2.22	3.128e-06
2.221	0.352265
2.222	0.159079
2.223	0.231444
2.224	0.266511
2.225	-0.351621
2.226	0.007335
2.227	-0.629605
2.228	-0.117949
2.229	-0.489976
2.23	-0.312091
2.231	-0.297427
2.232	-0.377443
2.233	-0.234307
2.234	-0.173099
2.235	-0.00191
2.236	-0.606971
2.237	1.29588
2.238	-0.735762
2.239	0.609209
2.24	-0.476905
2.241	-0.050366
2.242	0.551827
2.243	-0.618448
2.244	0.363104
2.245	-0.244827
2.246	-0.018805
2.247	0.142821
2.248	0.481056
2.249	0.189364
2.25	-0.033151
2.251	-0.498902
2.252	0.123693
2.253	0.465116
2.254	0.480737
2.255	-0.289776
2.256	-0.017211
2.257	-0.23877
2.258	0.469898
2.259	-0.498902
2.26	-0.447577
2.261	-0.249609
2.262	-0.26778
2.263	-0.365967
2.264	-0.585931
2.265	-0.272243
2.266	-0.199559
2.267	-0.303803
2.268	-0.26236
2.269	0.169918
2.27	-0.405178
2.271	0.346208
2.272	-0.429406
2.273	1.41319
2.274	0.860096
2.275	0.186813
2.276	0.653521
2.277	0.285957
2.278	-0.282125
2.279	-1.0096
2.28	0.256309
2.281	-0.159073
2.282	0.423674
2.283	-0.324843
2.284	-0.310179
2.285	0.366929
2.286	-0.177881
2.287	0.456509
2.288	0.455553
2.289	-0.162898
2.29	0.233038
2.291	-0.113486
2.292	0.547364
2.293	-0.82056
2.294	0.224431
2.295	-0.581149
2.296	0.109667
2.297	-0.646182
2.298	-0.971028
2.299	0.044315
2.3	-0.114442
2.301	-0.20976
2.302	-0.334088
2.303	-0.100415
2.304	-0.29392
2.305	1.57036
2.306	0.056429
2.307	0.441207
2.308	0.745969
2.309	-0.122093
2.31	0.27735
2.311	0.28787
2.312	-0.1256
2.313	-0.526636
2.314	0.148559
2.315	0.377768
2.316	-0.025181
2.317	0.072687
2.318	-0.068537
2.319	-0.030601
2.32	0.056429
2.321	-0.046221
2.322	0.471492
2.323	-0.046221
2.324	-0.004779
2.325	-0.621635
2.326	0.654477
2.327	-0.427174
2.328	0.232719
2.329	0.00606
2.33	-0.562341
2.331	-0.245783
2.332	-0.316554
2.333	-0.531099
2.334	0.063123
2.335	-0.232713
2.336	-0.120818
2.337	-0.093402
2.338	0.045909
2.339	-1.31213
2.34	-0.143452
2.341	0.374899
2.342	0.832999
2.343	0.478187
2.344	0.250252
2.345	1.07974
2.346	0.61686
2.347	0.245789
2.348	0.084163
2.349	-0.011154
2.35	-0.367561
2.351	0.559478
2.352	-0.196052
2.353	0.092133
2.354	0.008292
2.355	0.018174
2.356	0.365017
2.357	-0.421117
2.358	0.447264
2.359	-0.312729
2.36	0.849257
2.361	0.022
2.362	-0.670729
2.363	-0.092446
2.364	-0.611434
2.365	-0.646182
2.366	-1.16453
2.367	-0.089895
2.368	-0.199559
2.369	-0.434506
2.37	-0.155885
2.371	-0.032195
2.372	-0.221555
2.373	0.432919
2.374	0.126244
2.375	0.446627
2.376	-0.007648
2.377	0.092452
2.378	0.450771
2.379	-0.118905
2.38	-0.017211
2.381	0.887193
2.382	-0.169274
2.383	0.70644
2.384	-0.052278
2.385	0.109985
2.386	-0.174693
2.387	0.052603
2.388	-0.017211
2.389	-0.121774
2.39	0.380637
2.391	-0.337594
2.392	0.293927
2.393	-0.648732
2.394	0.414748
2.395	-0.353215
2.396	-0.202747
2.397	-0.463516
2.398	-0.554371
2.399	-0.699101
2.4	-0.681568
2.401	-0.579874
2.402	-0.281488
2.403	-0.232713
2.404	-0.109023
2.405	-0.057379
2.406	-0.057698
2.407	-0.832036
2.408	0.224431
2.409	-0.342057
2.41	-0.102009
2.411	0.314967
2.412	0.069818
2.413	-0.31496
2.414	0.653521
2.415	-0.112529
2.416	-0.019124
2.417	0.114448
2.418	0.241008
2.419	-0.217092
2.42	0.032201
2.421	0.211998
2.422	0.388926
2.423	0.175018
2.424	0.164498
2.425	-0.050047
2.426	0.289782
2.427	-0.089258
2.428	0.619729
2.429	-0.315917
2.43	-0.720141
2.431	0.029013
2.432	-0.206891
2.433	-0.529505
2.434	-0.319423
2.435	-0.279575
2.436	-0.438013
2.437	-0.25439
2.438	-0.360228
2.439	-0.077463
2.44	-0.019762
2.441	-0.152059
2.442	0.373943
2.443	0.37203
2.444	0.429093
2.445	-0.480093
2.446	0.486156
2.447	-0.100097
2.448	0.336963
2.449	-0.336957
2.45	0.022956
2.451	0.449814
2.452	-0.137076
2.453	0.44057
2.454	-0.620998
2.455	-0.051322
2.456	0.04304
2.457	0.146965
2.458	0.781993
2.459	-0.07013
2.46	0.19829
2.461	-0.163854
2.462	0.420486
2.463	0.317836
2.464	-0.075869
2.465	-0.286269
2.466	-0.67583
2.467	0.178525
2.468	-0.277662
2.469	-0.346521
2.47	-0.128469
2.471	-0.778161
2.472	-0.165767
2.473	0.089583
2.474	0.295839
2.475	-1.07719
2.476	-0.970072
2.477	0.112854
2.478	1.17346
2.479	0.09819
2.48	0.630568
2.481	0.041127
2.482	0.142821
2.483	0.246427
2.484	-0.721098
2.485	0.245471
2.486	-0.106472
2.487	0.377768
2.488	-0.067261
2.489	-0.140902
2.49	0.346527
2.491	-0.152378
2.492	0.371392
2.493	-0.054191
2.494	0.366929
2.495	-0.085432
2.496	0.436106
2.497	0.07715
2.498	-0.213904
2.499	0.053878
2.5	-0.700695
2.501	0.000641
2.502	-0.22028
2.503	-0.598683
2.504	-0.177244
2.505	-0.528868
2.506	-0.077463
2.507	-0.335363
2.508	-0.080969
2.509	-0.164811
2.51	-0.16513
2.511	0.345252
2.512	0.985061
2.513	0.119868
2.514	0.384463
2.515	-0.284675
2.516	0.66149
2.517	0.185857
2.518	-0.082244
2.519	0.156847
2.52	0.147602
2.521	0.609846
2.522	0.153341
2.523	-0.162579
2.524	-0.138989
2.525	0.220605
2.526	0.167049
2.527	-0.158754
2.528	0.426543
2.529	0.288507
2.53	0.092133
2.531	0.377449
2.532	-0.673279
2.533	0.033476
2.534	-0.083201
2.535	-0.015299
2.536	-0.030601
2.537	-0.480412
2.538	-0.551821
2.539	-0.498902
2.54	0.007973
2.541	-0.495395
2.542	0.342701
2.543	-0.390832
2.544	0.282769
2.545	0.46416
2.546	0.588169
2.547	-0.063755
2.548	-0.19127
2.549	0.455871
2.55	0.1747
2.551	0.260454
2.552	0.408372
2.553	0.249934
2.554	0.168005
2.555	0.081294
2.556	0.019449
2.557	0.044634
2.558	-0.287863
2.559	-0.153334
2.56	0.347164
2.561	0.334413
2.562	0.228256
2.563	-0.087664
2.564	0.197015
2.565	0.169599
2.566	-0.370111
2.567	-0.699101
2.568	0.462885
2.569	-0.126237
2.57	-0.173099
2.571	-1.02905
2.572	-0.736081
2.573	-0.535881
2.574	0.020087
2.575	-0.315279
