2.093	-0.076187
2.094	0.04304
2.095	0.167049
2.096	0.187451
2.097	0.166092
2.098	0.219011
2.099	0.393389
2.1	0.406778
2.101	0.034751
2.102	0.17183
2.103	-0.090214
2.104	1.05966
2.105	-0.255347
2.106	-0.025181
2.107	-0.305397
2.108	-0.474036
2.109	-0.426218
2.11	-0.356722
2.111	-0.434187
2.112	-0.295514
2.113	-0.642994
2.114	-0.259491
2.115	-0.216455
2.116	0.373305
2.117	-0.292008
2.118	0.415704
2.119	-0.008604
2.12	0.098509
2.121	0.257903
2.122	0.015624
2.123	0.474042
2.124	0.222837
2.125	-0.220599
2.126	-0.080013
2.127	-0.192864
2.128	0.070137
2.129	0.24292
2.13	0.175018
2.131	0.287232
2.132	0.033157
2.133	0.267467
2.134	0.141545
2.135	-0.280212
2.136	0.279262
2.137	-0.093721
2.138	-0.01243
2.139	0.00861
2.14	-0.340145
2.141	-0.419523
2.142	-0.499539
2.143	-0.387644
2.144	-0.365329
2.145	-0.207529
2.146	-0.290095
2.147	0.196696
2.148	0.125606
2.149	-0.911096
2.15	0.272249
2.151	-0.251203
2.152	0.538119
2.153	-0.018805
2.154	0.217736
2.155	0.322936
2.156	0.142821
2.157	0.277031
2.158	0.036026
2.159	0.032838
2.16	-0.258216
2.161	0.195421
2.162	0.222199
2.163	-0.199559
2.164	0.452684
2.165	0.023912
2.166	0.294245
2.167	0.257903
2.168	0.45109
2.169	0.157166
2.17	0.013711
2.171	-0.109979
2.172	1.00865
2.173	-0.0781
2.174	-0.199878
2.175	-0.400077
2.176	-0.438969
2.177	-0.35991
2.178	-0.34939
2.179	-0.300296
2.18	-0.317192
2.181	-0.514841
2.182	0.389882
2.183	-0.460009
2.184	0.664997
2.185	-0.002228
2.186	0.261729
2.187	0.25089
2.188	0.064717
2.189	0.45619
2.19	0.314648
2.191	0.434513
2.192	0.234951
2.193	-0.130382
2.194	-0.17565
2.195	0.045271
2.196	0.284363
2.197	0.273843
2.198	0.472767
2.199	0.114767
2.2	0.10616
2.201	0.04559
2.202	0.300302
2.203	0.291057
2.204	-0.234944
2.205	0.189364
2.206	-0.158754
2.207	-0.324524
2.208	0.202753
2.209	-0.568716
2.21	-0.182025
2.211	-0.443751
2.212	-0.387644
2.213	-0.217092
2.214	-0.362779
2.215	-0.353534
2.216	-0.512928
2.217	-0.751064
2.218	0.209448
2.219	-0.030601
2.22	0.053241
2.221	0.185857
2.222	0.209766
2.223	0.285957
2.224	0.21136
2.225	0.243239
2.226	0.243558
2.227	-0.07013
2.228	-0.385732
2.229	0.142183
2.23	0.100103
2.231	-0.153334
2.232	0.632481
2.233	-0.04399
2.234	-0.105516
2.235	0.535569
2.236	0.142183
2.237	0.111579
2.238	-0.147915
2.239	0.378406
2.24	-0.612391
2.241	-0.015618
2.242	-0.074912
2.243	-0.424305
2.244	-0.129425
2.245	-0.569354
2.246	-0.327393
2.247	-0.291051
2.248	-0.285632
2.249	-0.489338
2.25	-0.410597
2.251	-0.751064
2.252	0.445989
2.253	-0.051322
2.254	0.244514
2.255	0.321661
2.256	0.094046
2.257	0.289782
2.258	0.047503
2.259	0.539394
2.26	0.164817
2.261	-0.066624
2.262	-0.243233
2.263	0.169599
2.264	0.401677
2.265	0.217098
2.266	0.416023
2.267	0.135807
2.268	0.106479
2.269	0.088308
2.27	0.038577
2.271	0.25886
2.272	-0.438651
2.273	0.220286
2.274	0.12975
2.275	-0.377443
2.276	-0.081607
2.277	-0.443432
2.278	-0.406134
2.279	-0.374574
2.28	-0.436738
2.281	-0.244508
2.282	-0.261723
2.283	-0.289776
2.284	-0.07013
2.285	-0.442157
2.286	0.415704
2.287	-0.022312
2.288	-0.222193
2.289	0.337601
2.29	-0.056741
2.291	0.428774
2.292	0.475636
2.293	0.100103
2.294	-0.081288
2.295	-0.158435
2.296	-0.402946
2.297	-0.040802
2.298	0.187451
2.299	-0.157479
2.3	0.210085
2.301	0.203709
2.302	0.188089
2.303	0.036664
2.304	0.076512
2.305	0.039852
2.306	3.128e-06
2.307	0.288507
2.308	-0.122731
2.309	0.140908
2.31	-0.336
2.311	-0.492526
2.312	-0.290095
2.313	-0.422074
2.314	-0.346839
2.315	-0.39147
2.316	-0.14409
2.317	0.005423
2.318	0.273205
2.319	-0.608565
2.32	0.495082
2.321	-0.174374
2.322	0.231763
2.323	0.0746
2.324	0.020406
2.325	0.509747
2.326	0.152703
2.327	0.29042
2.328	0.283407
2.329	-0.171505
2.33	-0.159073
2.331	0.246427
2.332	0.124331
2.333	0.184263
2.334	0.470854
2.335	0.27448
2.336	0.068543
2.337	0.299027
2.338	0.273205
2.339	0.114767
2.34	0.006698
2.341	0.237501
2.342	-0.252478
2.343	-0.258854
2.344	-0.185213
2.345	-0.274155
2.346	-0.129744
2.347	-0.67041
2.348	-0.413147
2.349	-0.33345
2.35	-0.156841
2.351	-0.261723
2.352	-0.51261
2.353	0.609209
2.354	-0.253434
2.355	0.61941
2.356	-0.629924
2.357	0.590082
2.358	0.081294
2.359	0.293289
2.36	0.368523
2.361	0.026781
2.362	0.441526
2.363	-0.22825
2.364	0.007654
2.365	-0.03857
2.366	-0.049409
2.367	0.131982
2.368	0.30349
2.369	0.109348
2.37	0.333456
2.371	-0.119543
2.372	0.251209
2.373	0.201797
2.374	-0.269374
2.375	0.653839
2.376	-0.447895
2.377	-0.124006
2.378	-0.19669
2.379	-0.535244
2.38	-0.37298
2.381	-0.412829
2.382	-0.365648
2.383	-0.50974
2.384	-0.30986
2.385	-0.158116
2.386	-0.368517
2.387	0.136764
2.388	-0.313048
2.389	0.602196
2.39	-0.441201
2.391	0.575098
2.392	0.272568
2.393	0.38255
2.394	0.346527
2.395	0.180119
2.396	0.356728
2.397	-0.238132
2.398	-0.310816
2.399	0.108391
2.4	0.419211
2.401	-0.23622
2.402	0.311779
2.403	0.147284
2.404	0.160673
2.405	0.280219
2.406	0.010523
2.407	0.30891
2.408	-0.543851
2.409	0.210404
2.41	-0.115717
2.411	-0.452677
2.412	-0.534287
2.413	-0.060886
2.414	-0.260766
2.415	-0.233669
2.416	-0.354171
2.417	-0.352578
2.418	-0.303484
2.419	0.111898
2.42	-0.191589
2.421	-0.315279
2.422	0.293289
2.423	-0.158754
2.424	0.160035
2.425	-0.099459
2.426	0.049734
2.427	0.207216
2.428	0.348121
2.429	0.039852
2.43	0.521542
2.431	-0.255028
2.432	-0.320061
2.433	0.336963
2.434	0.089264
2.435	0.040489
2.436	0.195421
2.437	0.185857
2.438	0.028375
2.439	0.344295
2.44	0.403271
2.441	0.110942
2.442	0.104885
2.443	0.333138
2.444	-0.020081
2.445	0.029013
2.446	-0.026456
2.447	-0.196371
2.448	-0.558515
2.449	-0.297746
2.45	-0.510378
2.451	-0.317511
2.452	-0.296471
2.453	-0.216455
2.454	-0.463197
2.455	-0.231119
2.456	-0.592944
2.457	0.303171
2.458	-0.277981
2.459	0.327399
2.46	0.213592
2.461	0.087989
2.462	0.42208
2.463	0.19032
2.464	0.226662
2.465	-0.088939
2.466	0.057066
2.467	0.041446
2.468	0.136126
2.469	0.0271
2.47	0.174062
2.471	0.164817
2.472	0.144415
2.473	0.226981
2.474	0.247383
2.475	0.030288
2.476	0.084482
2.477	-0.068855
2.478	0.084801
2.479	0.204028
2.48	-0.264911
2.481	-0.52568
2.482	-0.530781
2.483	-0.297427
2.484	-0.564253
2.485	-0.330581
2.486	-0.28882
2.487	-0.152059
2.488	-0.714084
2.489	-0.209122
2.49	-0.081288
2.491	0.531106
2.492	-0.018805
2.493	0.363104
2.494	-0.135801
2.495	0.44057
2.496	0.306041
2.497	0.359916
2.498	0.29042
2.499	-0.150784
2.5	-0.069174
2.501	0.051009
2.502	-0.038252
2.503	0.048778
2.504	0.080019
2.505	0.252803
2.506	0.196058
2.507	0.196696
2.508	0.120505
2.509	0.045909
2.51	-0.314642
2.511	0.450133
2.512	-0.222512
2.513	-0.04654
2.514	-0.314323
2.515	-0.345245
2.516	-0.230163
2.517	-0.416335
2.518	-0.337913
2.519	-0.477224
2.52	-0.434825
2.521	-0.240683
2.522	-0.888462
2.523	0.051328
2.524	-0.075869
2.525	0.905045
2.526	-0.094677
2.527	0.438338
2.528	-0.166086
2.529	0.060892
2.53	0.490938
2.531	0.158441
2.532	0.344295
2.533	-0.015936
2.534	-0.016893
2.535	0.102016
2.536	-0.089577
2.537	0.193189
2.538	-0.040164
2.539	0.223474
2.54	0.183944
2.541	0.385738
2.542	0.341426
2.543	0.239095
2.544	-0.150146
2.545	0.218055
2.546	-0.294558
2.547	-0.06503
2.548	0.015624
2.549	-0.236857
2.55	-0.370111
2.551	-0.459372
2.552	-0.540344
2.553	-0.296471
2.554	0.029969
2.555	-0.113167
2.556	-0.387644
2.557	-0.664672
2.558	-0.171824
2.559	0.70102
2.56	-0.332494
2.561	0.302215
2.562	0.255672
2.563	0.004785
2.564	0.525686
2.565	0.186813
2.566	0.285319
2.567	0.123056
2.568	0.083207
2.569	0.12975
2.57	-0.273837
2.571	0.228256
2.572	0.079063
2.573	0.176931
2.574	0.220605
2.575	0.319748
2.576	0.249296
2.577	0.1747
2.578	-0.098821
2.579	0.212954
2.58	-0.177562
2.581	-0.144408
2.582	-0.358634
2.583	-0.351302
2.584	-0.523448
2.585	-0.419523
2.586	-0.537794
2.587	-0.344289
2.588	-0.235263
2.589	-0.202428
2.59	-0.377124
2.591	-0.256303
2.592	-0.742138
2.593	0.146965
2.594	-0.143452
2.595	0.452684
2.596	0.218055
2.597	0.014349
2.598	0.379681
2.599	0.057704
2.6	0.396577
2.601	0.057066
2.602	0.008292
2.603	-0.133569
2.604	-0.163536
2.605	0.163861
2.606	0.019449
2.607	0.21678
2.608	0.084801
2.609	0.329312
2.61	0.263323
2.611	0.010523
2.612	-0.075231
2.613	0.176612
2.614	-0.101053
2.615	-0.525361
2.616	-0.169911
2.617	-0.290414
2.618	-0.532056
2.619	-0.269055
2.62	-0.598683
2.621	-0.216136
2.622	-0.239407
2.623	-0.353853
2.624	-0.346202
2.625	-1.00227
2.626	0.136764
2.627	0.108073
2.628	-0.136439
2.629	-0.01498
2.63	0.270655
2.631	-0.102647
2.632	0.304128
2.633	0.099147
2.634	0.281813
2.635	0.2273
2.636	-0.015936
2.637	-0.008285
2.638	0.032201
2.639	0.168643
2.64	0.180119
2.641	0.094365
2.642	0.219968
2.643	0.088945
2.644	0.333456
2.645	0.2324
2.646	0.030926
2.647	0.056429
2.648	-0.01498
2.649	-0.116992
2.65	0.017537
2.651	-0.242914
2.652	-0.409003
2.653	-0.383181
2.654	-0.478499
2.655	-0.270968
2.656	-0.245146
2.657	-0.39147
2.658	-0.375212
2.659	-0.651283
2.66	0.164179
2.661	0.271611
2.662	-0.080013
2.663	0.138358
2.664	0.120505
2.665	-0.019762
2.666	0.278944
2.667	0.14824
2.668	0.253759
2.669	0.142183
2.67	-0.073637
2.671	-0.035382
2.672	-0.03602
2.673	0.131025
2.674	0.197334
2.675	0.199884
2.676	0.105841
2.677	0.138039
2.678	0.403909
2.679	0.119868
2.68	0.008292
2.681	0.106479
2.682	0.023275
2.683	-0.396252
2.684	0.090858
2.685	-0.211354
2.686	-0.459691
2.687	-0.182982
2.688	-0.389557
2.689	-0.277343
2.69	-0.227931
2.691	-0.342057
2.692	-0.244189
2.693	0.323255
2.694	0.527918
2.695	0.393708
2.696	0.406459
2.697	-0.006054
2.698	0.390201
2.699	0.010204
2.7	0.281813
2.701	0.281813
2.702	0.102653
2.703	0.347483
2.704	-0.045265
2.705	-0.119543
2.706	0.121781
2.707	-0.031876
2.708	0.234313
2.709	0.131982
2.71	0.201478
2.711	0.212317
2.712	0.315604
2.713	0.390201
2.714	0.099784
2.715	0.09819
2.716	0.11668
2.717	0.607615
2.718	-0.547039
2.719	-0.234626
2.72	-0.516116
2.721	-0.44407
2.722	-0.398802
2.723	-0.402627
2.724	-0.168636
2.725	-0.301571
2.726	-0.296471
2.727	0.037301
2.728	-0.088301
2.729	0.538757
2.73	-0.131976
2.731	0.058979
2.732	0.217417
2.733	-0.077463
2.734	0.420805
2.735	0.096277
2.736	0.305403
2.737	0.236863
2.738	-0.04909
2.739	-0.237176
2.74	0.014667
2.741	0.008292
2.742	0.172468
2.743	0.181394
2.744	0.207854
2.745	0.141864
2.746	0.133257
2.747	0.384144
2.748	-0.187126
2.749	0.086076
2.75	0.118911
2.751	-0.23335
2.752	-0.003504
2.753	-0.342695
2.754	-0.330262
2.755	-0.479774
2.756	-0.415698
2.757	-0.396252
2.758	-0.213904
2.759	-0.331219
2.76	-0.235582
2.761	0.654477
2.762	-0.26236
2.763	0.367248
2.764	0.206578
2.765	-0.281806
2.766	0.407415
2.767	0.062805
2.768	0.195421
2.769	0.304447
2.77	0.134851
2.771	0.275437
2.772	0.004785
2.773	-0.289457
2.774	0.105203
2.775	-0.039208
2.776	0.139633
2.777	0.259816
2.778	0.051009
2.779	0.312735
2.78	0.484244
2.781	0.392432
2.782	-0.125919
2.783	0.105522
2.784	0.18522
2.785	-0.609203
2.786	-0.238451
2.787	-0.439607
2.788	-0.529187
2.789	-0.340782
2.79	-0.372661
2.791	-0.480412
2.792	-0.147596
2.793	-0.362141
2.794	-0.290732
2.795	0.771154
2.796	-0.165767
2.797	0.554058
2.798	0.154297
2.799	-0.263954
2.8	0.488069
2.801	0.013711
2.802	0.193189
2.803	0.268742
2.804	0.183626
2.805	0.194464
2.806	0.079382
2.807	-0.249609
2.808	0.09819
2.809	-0.192545
2.81	0.311141
2.811	0.15876
2.812	0.155253
2.813	0.184582
2.814	0.649376
2.815	0.548958
2.816	-0.22825
2.817	-0.076825
2.818	0.53525
2.819	0.120505
2.82	-0.055785
2.821	-0.262998
2.822	-0.528868
2.823	-0.281488
2.824	-0.527274
2.825	-0.39402
2.826	-0.33345
2.827	-0.400396
2.828	-0.234626
2.829	-0.007648
2.83	0.384463
2.831	-0.154928
2.832	0.434513
2.833	-0.162898
2.834	0.134213
2.835	0.056429
2.836	0.229212
2.837	0.321024
2.838	0.193189
2.839	0.218374
2.84	0.068862
2.841	-0.148553
2.842	0.154616
2.843	0.074919
2.844	-0.127831
2.845	0.225387
2.846	0.328675
2.847	0.231444
2.848	0.424949
2.849	0.231125
2.85	-0.158754
2.851	-0.002547
2.852	0.392751
2.853	0.022637
2.854	-0.657977
2.855	0.06408
2.856	-0.471805
2.857	-0.400396
2.858	-0.352259
2.859	-0.532375
2.86	-0.306353
2.861	-0.382862
2.862	-0.281488
2.863	-0.255347
2.864	0.539075
2.865	-0.415698
2.866	0.313054
2.867	-0.319742
2.868	0.405822
2.869	0.10871
2.87	0.095321
2.871	0.271293
2.872	0.076831
2.873	0.225706
2.874	0.2273
2.875	-0.299659
2.876	0.25344
2.877	0.009567
2.878	0.287551
2.879	0.055154
2.88	0.442482
2.881	0.079382
2.882	0.7957
2.883	0.315285
2.884	-0.206891
2.885	0.090858
2.886	0.291695
2.887	-0.334725
2.888	0.272249
2.889	-0.538113
2.89	-0.159073
2.891	-0.391151
2.892	-0.472123
2.893	-0.306991
2.894	-0.267461
2.895	-0.258216
2.896	-0.259172
2.897	-0.627374
2.898	-0.059929
2.899	-0.533012
2.9	0.550871
2.901	-0.114761
2.902	0.506559
2.903	0.232082
2.904	0.306359
2.905	0.422399
2.906	0.131344
2.907	0.338238
2.908	-0.024225
2.909	-0.064073
2.91	0.175018
2.911	0.148878
2.912	-0.360547
2.913	0.17183
2.914	0.291057
2.915	0.094365
2.916	0.24834
2.917	-0.037933
2.918	0.391476
2.919	-0.058654
2.92	0.086395
2.921	0.419529
2.922	-0.169911
2.923	-0.348114
2.924	-0.409322
2.925	-0.516754
2.926	-0.198602
2.927	-0.512928
2.928	-0.328668
2.929	-0.284038
2.93	-0.289776
2.931	0.317836
2.932	-0.190314
2.933	0.470854
2.934	0.044315
2.935	-0.368517
2.936	0.514529
2.937	-0.173099
2.938	0.303171
2.939	0.113173
2.94	0.322936
2.941	0.359916
2.942	0.088308
2.943	-0.267142
2.944	0.223155
2.945	0.105522
2.946	-0.146959
2.947	0.268742
2.948	0.254078
2.949	0.120187
2.95	0.108391
2.951	0.14824
2.952	0.202753
2.953	0.053241
2.954	0.22985
2.955	0.020724
2.956	-0.511972
2.957	-0.339826
2.958	-0.114761
2.959	-0.488063
2.96	-0.144408
2.961	-0.42813
2.962	-0.33345
2.963	0.059298
2.964	-0.344289
2.965	0.021681
2.966	0.340789
2.967	0.207535
2.968	0.371074
2.969	0.228894
2.97	-0.399121
2.971	0.771791
2.972	-0.136439
2.973	0.374899
2.974	0.295202
2.975	0.098509
2.976	-0.292008
2.977	0.825667
2.978	0.160992
2.979	-0.080969
2.98	-0.23335
2.981	0.038258
2.982	0.241645
2.983	0.059617
2.984	0.355772
2.985	0.129113
2.986	0.04304
2.987	0.073962
2.988	0.298071
2.989	0.008929
2.99	0.310504
2.991	-0.370748
2.992	-0.339507
2.993	-0.218686
2.994	-0.568398
2.995	-0.648732
2.996	-0.741181
2.997	0.210723
2.998	-0.124643
2.999	0.121143
3	0.254716
3.001	0.160673
3.002	-0.174693
3.003	0.314648
3.004	0.269061
3.005	0.34047
3.006	0.131344
3.007	0.13517
3.008	0.723335
3.009	-0.126237
3.01	0.111579
3.011	-0.025181
3.012	0.254397
3.013	0.168324
3.014	0.1747
3.015	-0.03857
3.016	0.285
3.017	0.000641
3.018	0.310185
3.019	0.237182
3.02	0.04814
3.021	-0.029325
3.022	0.190639
3.023	-0.10456
3.024	-0.168317
3.025	-0.262679
3.026	-0.187445
3.027	-0.179475
3.028	-0.153334
3.029	-0.643313
3.03	-0.002866
3.031	-0.453315
3.032	-0.154291
3.033	-0.12018
3.034	-0.558515
3.035	-0.318148
3.036	-0.266186
3.037	0.068224
3.038	-0.049409
3.039	0.142183
3.04	0.353859
3.041	0.300302
3.042	0.876354
3.043	0.270336
3.044	-0.152378
3.045	-0.318467
3.046	0.387969
3.047	-0.340464
3.048	0.001597
3.049	0.088626
3.05	0.071093
3.051	1.12788
3.052	-0.27288
3.053	0.076831
3.054	0.381912
3.055	-0.164492
3.056	-0.332813
3.057	-0.095315
3.058	0.209448
3.059	-0.116992
3.06	-0.333131
3.061	-0.23335
3.062	-0.539069
3.063	-0.409322
3.064	-0.576049
3.065	-0.160667
3.066	-0.045265
3.067	-0.323249
3.068	1.14318
3.069	-0.206891
3.07	0.636625
3.071	0.022956
3.072	-0.205297
3.073	0.392432
3.074	-0.333769
3.075	0.889424
3.076	0.062805
3.077	0.20626
3.078	-0.197965
3.079	-0.012748
3.08	0.334413
3.081	-0.411872
3.082	-0.118905
3.083	0.20881
3.084	0.389244
3.085	0.62196
3.086	0.182988
3.087	-0.058973
3.088	0.223155
3.089	-0.096909
3.09	0.21136
3.091	0.022956
3.092	-0.306034
3.093	-0.326437
3.094	-0.295195
3.095	0.086714
3.096	-0.805577
3.097	-0.511972
3.098	-0.37043
3.099	-0.227931
3.1	-0.24674
3.101	0.065355
3.102	-0.522811
3.103	0.212317
3.104	-0.084157
3.105	0.375218
3.106	0.118274
3.107	0.256309
3.108	-0.100415
3.109	0.632481
3.11	0.37203
3.111	0.063442
3.112	0.42208
3.113	0.005104
3.114	0.253122
3.115	0.040171
3.116	-0.065349
3.117	-0.096271
3.118	0.276712
3.119	0.373305
3.12	0.530468
3.121	0.084801
3.122	0.200203
3.123	-0.328987
3.124	0.249615
3.125	0.169599
3.126	-0.280212
3.127	-0.253753
3.128	-0.328031
3.129	-0.424624
3.13	-0.17565
3.131	-0.305078
3.132	-0.224424
3.133	-0.598045
3.134	0.071731
3.135	-0.393701
3.136	0.515166
3.137	0.065355
3.138	0.391476
3.139	0.307953
3.14	-0.39402
3.141	0.691138
3.142	-0.137395
3.143	0.61941
3.144	0.211998
3.145	0.267148
3.146	0.074281
3.147	0.173424
3.148	0.244196
3.149	-0.434825
3.15	-0.030282
3.151	0.153978
3.152	0.384463
3.153	0.251528
3.154	0.621004
3.155	-0.207847
3.156	0.296796
3.157	0.026781
3.158	0.024231
3.159	0.22188
3.16	-0.277662
3.161	-0.273837
3.162	-0.179156
3.163	-0.306353
3.164	-0.665628
3.165	-0.261723
3.166	-0.494439
3.167	0.033795
3.168	-0.326118
3.169	-0.331219
3.17	-0.459372
3.171	-0.021993
3.172	-0.040802
3.173	0.391795
3.174	0.097234
3.175	0.109348
3.176	0.565535
3.177	-0.005416
3.178	0.434194
3.179	0.31943
3.18	0.344295
3.181	0.299665
3.182	-0.010198
3.183	0.021362
3.184	-0.269692
3.185	0.18522
3.186	0.086395
3.187	0.281494
3.188	0.634393
3.189	-0.210079
3.19	0.116042
3.191	-0.122412
3.192	0.20084
3.193	0.216142
3.194	-0.326756
3.195	-0.139308
3.196	-0.330581
3.197	-0.369792
3.198	-0.147596
3.199	-0.64937
3.2	-0.268098
3.201	-0.546082
3.202	-0.116992
3.203	-0.213267
3.204	-0.207529
3.205	-0.479137
3.206	0.066311
3.207	-0.089577
3.208	-0.189358
3.209	0.359597
3.21	-0.017849
3.211	0.706121
3.212	0.026144
3.213	0.39562
3.214	0.333456
3.215	-0.058973
3.216	0.606977
3.217	-0.488063
3.218	0.163542
3.219	-0.056104
3.22	0.309547
3.221	0.454915
3.222	0.182669
3.223	0.118593
3.224	0.044634
3.225	-0.023268
3.226	-0.120818
3.227	0.310504
3.228	-0.1256
3.229	-0.196052
3.23	-0.251203
3.231	-0.121774
3.232	-0.397208
3.233	-0.468298
3.234	-0.245464
3.235	-0.519623
3.236	-0.29137
3.237	0.080976
3.238	-0.812909
3.239	-0.439607
3.24	0.212635
3.241	0.560115
3.242	0.204028
3.243	0.14569
3.244	0.297752
3.245	-0.208166
3.246	0.181394
3.247	0.225387
3.248	0.266511
3.249	0.079382
3.25	0.273524
3.251	-0.329306
3.252	-0.258854
3.253	0.152065
3.254	0.285957
3.255	0.398171
3.256	0.517398
3.257	-0.269055
3.258	0.172787
3.259	0.017218
3.26	0.060573
3.261	0.248977
3.262	-0.164492
3.263	-0.471486
3.264	-0.339188
3.265	-0.493801
3.266	0.022637
3.267	-0.378081
3.268	-0.216773
3.269	-0.477543
3.27	-0.276387
3.271	-0.245146
3.272	-0.726836
3.273	-0.055785
3.274	-0.252159
3.275	0.378406
3.276	-0.038252
3.277	0.351946
3.278	-0.175331
3.279	0.60634
3.28	0.314329
3.281	0.273205
3.282	0.380637
3.283	0.036664
3.284	0.213592
3.285	-0.333131
3.286	-0.023906
3.287	0.017537
3.288	0.034114
3.289	0.560115
3.29	0.488707
3.291	-0.104241
3.292	-0.248334
3.293	0.310504
3.294	-0.244508
3.295	0.264598
3.296	-0.073956
3.297	-0.369473
3.298	-0.148871
3.299	-0.219324
3.3	-0.122412
3.301	-0.662759
3.302	0.034114
3.303	-0.579874
3.304	-0.265548
3.305	0.034114
3.306	-0.235901
3.307	-0.50464
3.308	-0.206572
3.309	0.39307
3.31	-0.07013
3.311	0.161948
3.312	0.777211
3.313	-0.378718
3.314	0.399446
3.315	0.210404
3.316	0.371074
3.317	-0.134845
3.318	0.456828
3.319	-0.242914
3.32	-0.181069
3.321	0.372667
3.322	0.123693
3.323	0.154935
3.324	0.420805
3.325	-0.060248
3.326	0.194146
3.327	-0.202428
3.328	-0.058335
3.329	0.167367
3.33	-0.293283
3.331	-0.126875
3.332	-0.384775
3.333	-0.311773
3.334	-0.315917
3.335	-0.685393
3.336	-0.194777
3.337	-0.443432
3.338	-0.197327
3.339	-0.216773
3.34	-0.443432
3.341	1.68098
3.342	-0.131019
3.343	1.00578
3.344	0.071412
3.345	-0.213267
3.346	0.518992
3.347	0.050372
3.348	0.31943
3.349	0.318155
3.35	0.0797
3.351	-0.181388
3.352	0.213911
3.353	0.077788
3.354	-0.189358
3.355	0.189045
3.356	-0.054191
3.357	0.501777
3.358	0.559159
3.359	0.241326
3.36	-0.366604
3.361	-0.030282
3.362	-0.139626
3.363	0.146965
3.364	0.022318
3.365	-0.706433
3.366	-0.299977
3.367	-0.071087
3.368	-0.37298
3.369	-0.413147
3.37	-0.123687
3.371	-0.445345
3.372	-0.303803
3.373	0.112536
3.374	-0.152378
3.375	0.264917
3.376	-0.055147
3.377	0.812596
3.378	0.152065
3.379	-0.014661
3.38	0.663084
3.381	-0.41761
3.382	0.235269
3.383	0.04559
3.384	0.206578
3.385	0.065992
3.386	0.09564
3.387	-0.099778
3.388	-0.112848
3.389	0.110942
3.39	-0.058973
3.391	0.211998
3.392	0.492851
3.393	0.03252
3.394	0.281813
3.395	-0.199559
3.396	0.01913
3.397	0.339513
3.398	-0.298065
3.399	0.288507
3.4	-0.450446
3.401	-0.339188
3.402	-0.205935
3.403	-0.095634
3.404	-0.495714
3.405	-0.076506
3.406	-0.544488
3.407	-0.174056
3.408	-0.33345
3.409	-0.21231
3.41	0.197971
3.411	0.088308
3.412	0.257585
3.413	-0.227293
3.414	0.697513
3.415	0.182032
3.416	0.663084
3.417	0.050372
3.418	0.070774
3.419	0.013392
3.42	0.309547
3.421	0.384463
3.422	-0.537475
3.423	0.062167
3.424	-0.058973
3.425	0.361829
3.426	-0.119543
3.427	0.511978
3.428	-0.115398
3.429	-0.371386
3.43	0.305722
3.431	-0.047496
3.432	-0.081288
3.433	-0.211992
3.434	-0.221555
3.435	-0.186807
3.436	-0.569354
3.437	-0.505915
3.438	-0.384138
3.439	-0.526318
3.44	-0.327393
3.441	0.067905
3.442	-0.255984
3.443	0.055154
3.444	-0.403584
3.445	0.555652
3.446	-0.31783
3.447	-0.183301
3.448	0.586575
3.449	-0.258535
3.45	-0.26236
3.451	0.450771
3.452	-0.015299
3.453	-0.058016
3.454	0.177569
3.455	0.051009
3.456	-0.269374
3.457	0.247702
3.458	-0.02805
3.459	-0.073956
3.46	0.11668
3.461	0.113492
3.462	0.300621
3.463	-0.106154
3.464	0.210085
3.465	0.089902
3.466	-0.171824
3.467	-0.658934
3.468	-0.272243
3.469	0.176612
3.47	-0.401671
3.471	-0.25981
3.472	-0.583381
3.473	-0.460647
3.474	-0.078419
3.475	-0.189995
3.476	-0.190951
3.477	-0.440882
3.478	0.741506
3.479	-0.363416
3.48	0.106479
3.481	-0.44407
3.482	0.378406
3.483	-0.164173
3.484	0.694963
3.485	-0.052597
3.486	0.307635
3.487	-0.244508
3.488	0.416979
3.489	0.107754
3.49	-0.241001
3.491	0.165136
3.492	-0.105197
3.493	0.46671
3.494	0.046865
3.495	0.482012
3.496	-0.114123
3.497	-0.258854
3.498	0.229212
3.499	-0.166724
3.5	0.447583
3.501	-0.562659
3.502	-0.443114
3.503	-0.31783
3.504	-0.673917
3.505	-0.37298
3.506	-0.191908
3.507	-0.508465
3.508	-0.322293
3.509	-0.255028
3.51	0.008929
3.511	-0.478818
3.512	-0.424624
3.513	0.163223
3.514	0.051009
3.515	-0.258535
3.516	0.214229
3.517	-0.179794
3.518	0.317517
3.519	-0.361185
3.52	0.609209
3.521	-0.116355
3.522	0.399127
3.523	-0.063755
3.524	-0.073637
3.525	-0.068855
3.526	0.038577
3.527	0.377131
3.528	0.275756
3.529	0.541944
3.53	-0.15174
3.531	0.139314
3.532	0.017218
3.533	-0.030601
3.534	0.0797
3.535	-0.211354
3.536	-0.129106
3.537	-0.172781
3.538	-0.567123
3.539	-0.409003
3.54	-0.682524
3.541	0.023912
3.542	-0.490613
3.543	-0.2834
3.544	-0.070768
3.545	0.430049
3.546	0.19574
3.547	-0.556602
3.548	0.410285
3.549	0.066949
3.55	0.126244
3.551	-0.090852
3.552	0.28245
3.553	0.486156
3.554	0.397533
3.555	0.134213
3.556	0.178525
3.557	0.137082
3.558	0.043358
3.559	-0.11763
3.56	0.078106
3.561	0.170236
3.562	0.24292
3.563	0.603789
3.564	0.102972
3.565	0.041127
3.566	0.059298
3.567	0.099465
3.568	0.139951
3.569	-0.247058
3.57	-0.296789
3.571	-0.08862
3.572	-0.145683
3.573	-0.68635
3.574	-0.359591
3.575	-0.642357
3.576	-0.195096
3.577	-0.271924
3.578	-0.225062
3.579	0.293289
3.58	-0.820879
3.581	-0.390513
3.582	0.263323
3.583	-0.111573
3.584	0.044634
3.585	-0.086707
3.586	0.384463
3.587	0.319748
3.588	0.179163
3.589	-0.11763
3.59	0.334094
3.591	0.36151
3.592	-0.080969
3.593	-0.145046
3.594	0.069818
3.595	0.313692
3.596	0.453002
3.597	0.481056
3.598	-0.085751
3.599	0.289464
3.6	-0.341739
3.601	-0.050366
3.602	-0.011473
3.603	-0.025819
3.604	-0.241958
3.605	-0.062798
3.606	-0.477224
3.607	-0.337276
3.608	-0.385094
3.609	-0.098184
3.61	-0.274793
3.611	-0.057698
3.612	0.024231
3.613	0.152065
3.614	0.129113
3.615	-0.433231
3.616	0.325487
3.617	0.157804
3.618	0.323574
3.619	-0.280531
3.62	0.642363
3.621	0.107435
3.622	-0.022631
3.623	0.242602
3.624	0.111579
3.625	0.268742
3.626	-0.406772
3.627	0.028057
3.628	-0.002228
3.629	0.207535
3.63	0.375855
3.631	0.573823
3.632	-0.015618
3.633	0.030288
3.634	0.10616
3.635	-0.161623
3.636	0.28787
3.637	-0.206891
3.638	-0.22283
3.639	-0.040164
3.64	0.223155
3.641	-0.200196
3.642	-0.227931
3.643	-0.544807
3.644	-0.090214
3.645	-0.432275
3.646	0.228256
3.647	0.086714
3.648	-0.591032
3.649	-0.30189
3.65	-0.013386
3.651	0.410285
3.652	-0.159073
3.653	0.058342
3.654	0.046865
3.655	0.465754
3.656	0.196058
3.657	0.175018
3.658	-0.094358
3.659	0.088945
3.66	-0.083838
3.661	-0.00191
3.662	0.099465
3.663	0.314967
3.664	0.396258
3.665	0.568085
3.666	0.109348
3.667	-0.284357
3.668	0.289782
3.669	-0.103285
3.67	0.182988
3.671	-0.155247
3.672	-0.387963
3.673	-0.226337
3.674	-0.297108
3.675	-0.023906
3.676	-0.506553
3.677	-0.050684
3.678	-0.620041
3.679	-0.20721
3.68	0.392432
3.681	-0.143771
3.682	0.160354
3.683	0.379043
3.684	0.641088
3.685	0.072368
3.686	-0.142814
3.687	0.400721
3.688	-0.416654
3.689	0.376174
3.69	0.48265
3.691	0.076194
3.692	0.057385
3.693	0.384144
3.694	-0.269374
3.695	-0.193821
3.696	0.198927
3.697	0.230169
3.698	0.35354
3.699	0.68795
3.7	-0.312729
3.701	0.518992
3.702	-0.229844
3.703	0.189683
3.704	0.046865
3.705	-0.421755
3.706	-0.053553
3.707	-0.322293
3.708	-0.498264
3.709	-0.505596
3.71	-0.284038
3.711	-0.441838
3.712	-0.156841
3.713	-0.392426
3.714	0.005423
3.715	1.0077
3.716	1.34465
3.717	-0.30444
3.718	0.646826
3.719	0.274799
3.72	0.233038
3.721	0.523136
3.722	-0.007648
3.723	0.589444
3.724	0.491576
3.725	0.166092
3.726	0.03252
3.727	0.142502
3.728	-0.301252
3.729	0.115086
3.73	-0.321017
3.731	0.521223
3.732	0.476593
3.733	0.445033
3.734	0.366929
3.735	-0.239726
3.736	-0.006054
3.737	0.072687
3.738	0.204984
3.739	0.056429
3.74	-0.368517
3.741	-0.308266
3.742	-0.193821
3.743	-0.427493
3.744	-0.52568
3.745	-0.194139
3.746	-0.499539
3.747	-0.317511
3.748	-0.114761
3.749	-0.073956
3.75	0.512616
3.751	0.34047
3.752	0.449814
3.753	0.454915
3.754	0.01658
3.755	-0.07013
3.756	0.146965
3.757	0.934374
3.758	-0.25184
3.759	0.328037
3.76	-0.095315
3.761	0.154616
3.762	-0.04654
3.763	-0.146321
3.764	0.088308
3.765	0.088626
3.766	0.389563
3.767	0.53525
3.768	0.153659
3.769	0.182988
3.77	-0.005416
3.771	0.109985
3.772	0.08767
3.773	-0.018805
3.774	-0.426855
3.775	-0.274474
3.776	-0.781668
3.777	-0.818966
3.778	-0.156522
3.779	-0.298383
3.78	-0.569992
3.781	-0.350346
3.782	0.24292
3.783	-0.161623
3.784	-0.071724
3.785	0.355453
3.786	-0.011473
3.787	0.01403
3.788	-0.356722
3.789	0.069499
3.79	-0.336957
3.791	0.801439
3.792	0.011798
3.793	0.278944
3.794	-0.091808
3.795	0.629293
3.796	-0.225699
3.797	-0.080969
3.798	0.301578
3.799	-0.126875
3.8	0.501458
3.801	0.351309
3.802	-0.013067
3.803	-0.051641
3.804	0.267148
3.805	0.015305
3.806	0.020406
3.807	-0.187126
3.808	-0.307947
3.809	-0.164811
3.81	0.089583
3.811	-0.043671
3.812	-0.46766
3.813	-0.163854
3.814	-0.524405
3.815	-0.320061
3.816	0.379362
3.817	-0.025181
3.818	-1.19928
3.819	-0.087983
3.82	0.561072
3.821	0.090539
3.822	-0.22283
3.823	0.636306
3.824	-0.151103
3.825	0.243558
3.826	0.232719
3.827	0.032201
3.828	-0.30189
3.829	0.243558
3.83	-0.084157
3.831	-0.202109
3.832	-0.035382
3.833	0.220924
3.834	0.329631
3.835	0.318155
3.836	0.187132
3.837	-0.055785
3.838	-0.067261
3.839	-0.021675
3.84	0.282131
3.841	-0.164811
3.842	-0.55979
3.843	-0.466704
3.844	-0.237813
3.845	-0.261723
3.846	-0.486788
3.847	-0.281488
3.848	-0.67041
3.849	-0.399121
3.85	-0.103922
3.851	-0.336319
3.852	0.983148
3.853	0.191277
3.854	1.15816
3.855	0.116042
3.856	-0.016893
3.857	0.745651
3.858	-0.37553
3.859	0.377768
3.86	-0.160985
3.861	0.506559
3.862	-0.197008
3.863	0.251209
3.864	-0.222193
3.865	-0.053872
3.866	0.166092
3.867	-0.158754
3.868	0.389244
3.869	0.477549
3.87	0.599964
3.871	-0.160029
3.872	-0.137076
3.873	0.109985
3.874	0.059617
3.875	0.056748
3.876	-0.391789
3.877	-0.136757
3.878	-0.440244
3.879	-0.260766
3.88	-0.385094
3.881	-0.786768
3.882	-0.111254
3.883	-0.407728
3.884	0.070774
3.885	-0.129744
3.886	-0.068537
3.887	-0.04399
3.888	0.051328
3.889	0.076512
3.89	-0.270968
3.891	0.066311
3.892	-0.458734
3.893	0.989524
3.894	-0.066943
3.895	-0.007648
3.896	0.135807
3.897	0.106797
3.898	-0.040483
3.899	-0.221555
3.9	0.277987
3.901	-0.095634
3.902	0.215823
3.903	0.525686
3.904	-0.226656
3.905	0.547364
3.906	-0.210398
3.907	0.015624
3.908	0.215186
3.909	-0.307309
3.91	0.220286
3.911	0.242602
3.912	-0.152697
3.913	-0.363735
3.914	-0.342695
3.915	-0.321655
3.916	-0.763178
3.917	-0.264273
3.918	-0.064711
3.919	-0.268417
3.92	-0.388282
3.921	0.742781
3.922	0.816422
3.923	0.270655
3.924	-0.285951
3.925	0.464479
3.926	0.257585
3.927	0.107754
3.928	0.14569
3.929	0.115724
3.93	-0.162898
3.931	0.381594
3.932	0.121781
3.933	-0.533968
3.934	0.238776
3.935	-0.180113
3.936	0.380637
3.937	0.026144
3.938	0.411879
3.939	0.048459
3.94	-0.139308
3.941	0.1747
3.942	-0.020718
3.943	0.142183
3.944	-0.271924
3.945	-0.290732
3.946	-0.562341
3.947	-0.366923
3.948	-0.345245
3.949	-0.545764
3.95	-0.197646
3.951	-0.44407
3.952	0.80909
3.953	0.065992
3.954	1.12246
3.955	0.352265
3.956	0.483287
3.957	-0.179156
3.958	-0.408366
3.959	0.9959
3.96	-0.233669
3.961	0.311779
3.962	0.16131
3.963	0.325168
3.964	-0.034745
3.965	0.446627
3.966	-0.037933
3.967	-0.20721
3.968	-0.006373
3.969	0.109348
3.97	0.38
3.971	0.089583
3.972	0.575417
3.973	-0.046859
3.974	-0.05451
3.975	0.151428
3.976	-0.091171
3.977	0.124012
3.978	-0.14409
3.979	0.06918
3.98	-0.005735
3.981	-0.054829
3.982	-0.509103
3.983	-0.348114
3.984	-0.624823
3.985	-0.278937
3.986	-0.158754
3.987	-0.232075
3.988	-0.417929
3.989	0.342701
3.99	-0.14122
3.991	-0.051959
3.992	-0.107429
3.993	0.091177
3.994	0.176931
3.995	0.848619
3.996	0.043677
3.997	0.284682
3.998	-0.174374
3.999	0.545451
4	-0.073
4.001	-0.032195
4.002	-0.061523
4.003	0.054197
4.004	0.354815
4.005	0.409647
4.006	0.539713
4.007	-0.18617
4.008	0.066949
4.009	0.109029
4.01	0.231763
4.011	0.222199
4.012	-0.34939
4.013	-0.039208
4.014	-0.523448
4.015	-0.053235
4.016	-0.390832
4.017	-0.42558
4.018	-0.373936
4.019	-0.532375
4.02	0.165136
4.021	0.031563
4.022	0.592951
4.023	-0.108704
4.024	-0.046859
4.025	0.094683
4.026	-0.203065
4.027	0.52218
4.028	-0.0255
4.029	0.109667
4.03	0.515804
4.031	0.176931
4.032	0.021681
4.033	0.150153
4.034	0.211679
4.035	-0.378081
4.036	-0.123049
4.037	0.189364
4.038	0.305084
4.039	0.279262
4.04	0.383825
4.041	0.051647
4.042	0.326124
4.043	-0.086389
4.044	-0.028369
4.045	0.178525
4.046	-0.114123
4.047	0.004466
4.048	-0.210398
4.049	-0.114123
4.05	-0.607609
4.051	-0.377124
4.052	-0.66244
4.053	-0.170868
4.054	0.062805
4.055	-0.013386
4.056	-0.202747
4.057	-0.508784
4.058	-0.106791
4.059	0.342064
4.06	-0.077144
4.061	0.308591
4.062	0.305722
4.063	0.496358
4.064	-0.011154
4.065	0.094365
4.066	-0.190951
4.067	0.162904
4.068	0.254078
4.069	-0.374574
4.07	0.050053
4.071	-0.104241
4.072	0.439613
4.073	0.278625
4.074	0.392114
4.075	0.143458
4.076	-0.211035
4.077	0.234951
4.078	-0.14664
4.079	0.326124
4.08	-0.590075
4.081	-0.156203
4.082	0.167686
4.083	-0.895156
4.084	-0.493163
4.085	-0.448214
4.086	-0.497627
4.087	-0.047178
4.088	0.030607
4.089	-0.072681
4.09	0.363104
4.091	-0.042715
4.092	0.401996
4.093	0.021043
4.094	-0.245146
4.095	0.497314
4.096	-0.14919
4.097	0.302853
4.098	0.160354
4.099	0.231444
4.1	0.029013
4.101	0.460334
4.102	0.014986
4.103	-0.350346
4.104	-0.107429
4.105	-0.167042
4.106	0.422717
4.107	0.35099
4.108	0.492532
4.109	-0.179156
4.11	0.063761
4.111	0.110304
4.112	0.058342
4.113	0.135488
4.114	-0.063436
4.115	-0.179794
4.116	-0.249927
4.117	-0.175968
4.118	-0.607609
4.119	-0.34939
4.12	-0.687306
4.121	-0.128469
4.122	-0.281806
4.123	-0.390832
4.124	0.218055
4.125	0.579562
4.126	-0.409003
4.127	0.594545
4.128	0.424949
4.129	0.038895
4.13	0.305084
4.131	-0.804302
4.132	0.560115
4.133	0.653521
4.134	0.080338
4.135	0.173743
4.136	0.34047
4.137	-0.389876
4.138	0.10616
4.139	0.051009
4.14	0.203072
4.141	0.18777
4.142	0.331862
4.143	-0.102009
4.144	0.124012
4.145	0.068543
4.146	-0.182025
4.147	0.26683
4.148	-0.143133
4.149	-0.378718
4.15	0.006698
4.151	-0.53875
4.152	-0.223787
4.153	-0.40709
4.154	-0.562341
4.155	-0.35449
4.156	-0.187764
4.157	-0.102966
4.158	-0.039208
4.159	-0.155247
4.16	-0.179475
4.161	0.551827
4.162	0.12975
4.163	0.272249
4.164	0.423674
4.165	-0.307628
4.166	0.331225
4.167	0.239095
4.168	-0.010517
4.169	0.409009
4.17	0.00861
4.171	-0.023906
4.172	0.05866
4.173	0.22188
4.174	0.141545
4.175	0.328037
4.176	0.416023
4.177	-0.069493
4.178	0.112854
4.179	0.160035
4.18	-0.055785
4.181	0.328356
4.182	-0.353215
4.183	-0.398164
4.184	-0.008285
4.185	-0.420161
