0	-0.076506
0.001	0.113811
0.002	0.417936
0.003	-0.208166
0.004	0.030288
0.005	-0.133251
0.006	-0.116355
0.007	0.055791
0.008	0.240051
0.009	0.234313
0.01	0.012117
0.011	0.333138
0.012	0.001278
0.013	0.113173
0.014	-0.022631
0.015	-0.003504
0.016	0.207535
0.017	0.062167
0.018	0.31401
0.019	0.151428
0.02	0.00861
0.021	0.087033
0.022	0.078106
0.023	-0.118268
0.024	0.173424
0.025	0.169918
0.026	-0.011473
0.027	-0.027094
0.028	-0.258535
0.029	-0.266823
0.03	0.160992
0.031	-0.23335
0.032	-0.356722
0.033	-0.429724
0.034	-0.516116
0.035	-0.110617
0.036	0.283725
0.037	-0.493482
0.038	-0.025181
0.039	-0.13867
0.04	-0.07013
0.041	-0.00446
0.042	0.133257
0.043	0.134532
0.044	0.014349
0.045	0.235269
0.046	0.006698
0.047	0.116042
0.048	-0.127194
0.049	0.087033
0.05	0.169599
0.051	0.071731
0.052	0.256947
0.053	0.14824
0.054	-0.048453
0.055	0.119868
0.056	-0.124643
0.057	0.017855
0.058	0.174381
0.059	0.030926
0.06	-0.120818
0.061	-0.189039
0.062	-0.136757
0.063	-0.250246
0.064	-0.040483
0.065	-0.395933
0.066	-0.613347
0.067	0.064717
0.068	-0.020399
0.069	-0.19924
0.07	0.11668
0.071	-0.228887
0.072	-0.147915
0.073	-0.110298
0.074	-0.161623
0.075	0.079382
0.076	0.309547
0.077	-0.098184
0.078	0.217736
0.079	0.20084
0.08	-0.103285
0.081	0.138358
0.082	-0.206572
0.083	0.182669
0.084	0.189364
0.085	0.152703
0.086	0.183944
0.087	0.004785
0.088	0.234951
0.089	-0.134845
0.09	0.010842
0.091	-0.221555
0.092	0.113173
0.093	0.19574
0.094	-0.130382
0.095	-0.018805
0.096	-0.081607
0.097	-0.355447
0.098	0.168005
0.099	-0.49922
0.1	-0.171824
0.101	-0.227612
0.102	0.210723
0.103	-0.16768
0.104	0.208491
0.105	-0.290095
0.106	0.073006
0.107	-0.066624
0.108	-0.192864
0.109	0.018174
0.11	0.41156
0.111	-0.218367
0.112	0.448539
0.113	0.266511
0.114	0.013392
0.115	0.151428
0.116	-0.085751
0.117	0.222837
0.118	0.20881
0.119	0.148878
0.12	0.246746
0.121	0.046865
0.122	0.149834
0.123	0.060573
0.124	0.162904
0.125	-0.103922
0.126	0.055791
0.127	-0.04909
0.128	-0.025181
0.129	-0.09659
0.13	-0.254709
0.131	-0.252478
0.132	-0.241639
0.133	-0.513885
0.134	-0.00191
0.135	0.260135
0.136	0.357047
0.137	-0.796651
0.138	-0.083838
0.139	0.215823
0.14	-0.19924
0.141	-0.028369
0.142	-0.352896
0.143	0.14824
0.144	0.419848
0.145	-0.203065
0.146	0.326762
0.147	0.077469
0.148	0.067905
0.149	0.089264
0.15	-0.119862
0.151	0.15621
0.152	0.130707
0.153	0.27448
0.154	0.139633
0.155	0.09022
0.156	-0.131338
0.157	0.095959
0.158	-0.073956
0.159	0.04814
0.16	0.119549
0.161	-0.001591
0.162	-0.050047
0.163	-0.241639
0.164	-0.260766
0.165	0.303809
0.166	-0.436419
0.167	-0.30189
0.168	-0.582424
0.169	-0.269692
0.17	0.217417
0.171	0.091496
0.172	-0.416335
0.173	0.057704
0.174	0.031563
0.175	-0.106154
0.176	0.083845
0.177	0.101378
0.178	0.346208
0.179	-0.145046
0.18	0.288188
0.181	-0.007967
0.182	0.024231
0.183	0.068224
0.184	-0.048453
0.185	0.228575
0.186	0.082888
0.187	0.196377
0.188	0.089264
0.189	-0.064711
0.19	0.211041
0.191	-0.01243
0.192	0.075237
0.193	0.124012
0.194	0.003191
0.195	-0.058973
0.196	-0.039845
0.197	-0.235901
0.198	-0.11763
0.199	-0.262679
0.2	-0.350984
0.201	-0.518348
0.202	-0.18075
0.203	0.11413
0.204	0.495401
0.205	0.666272
0.206	-0.149828
0.207	-0.274474
0.208	0.191595
0.209	-0.291689
0.21	-0.025181
0.211	0.092452
0.212	-0.032832
0.213	0.094365
0.214	0.397852
0.215	-0.04654
0.216	0.065036
0.217	-0.100734
0.218	3.128e-06
0.219	0.199565
0.22	0.102972
0.221	0.234313
0.222	0.15876
0.223	-0.028688
0.224	0.092771
0.225	0.013392
0.226	0.022956
0.227	0.175975
0.228	-0.012111
0.229	0.009567
0.23	-0.041758
0.231	-0.234944
0.232	-0.182663
0.233	0.312098
0.234	-0.241958
0.235	-0.291689
0.236	-0.540982
0.237	-0.715041
0.238	-0.089895
0.239	0.468623
0.24	-0.316873
0.241	0.085757
0.242	-0.130382
0.243	-0.206253
0.244	0.106479
0.245	0.425905
0.246	0.088945
0.247	0.18777
0.248	0.142183
0.249	-0.003185
0.25	0.235588
0.251	-0.118586
0.252	0.052603
0.253	0.168005
0.254	0.221243
0.255	0.229531
0.256	0.142502
0.257	0.046228
0.258	0.018812
0.259	0.029332
0.26	-0.14664
0.261	-0.116036
0.262	0.252484
0.263	-0.218367
0.264	-0.099459
0.265	-0.321017
0.266	-0.25981
0.267	0.152384
0.268	-0.503365
0.269	-0.291689
0.27	0.070455
0.271	0.24834
0.272	-0.585931
0.273	0.270336
0.274	-0.429087
0.275	0.035707
0.276	-0.021993
0.277	-0.194139
0.278	0.124331
0.279	0.219968
0.28	0.044952
0.281	0.186176
0.282	0.196377
0.283	-0.018487
0.284	0.072368
0.285	-0.17565
0.286	0.15079
0.287	0.127519
0.288	0.124968
0.289	0.203709
0.29	0.135807
0.291	0.143458
0.292	0.050053
0.293	-0.053872
0.294	-0.040483
0.295	0.092771
0.296	0.017537
0.297	0.079382
0.298	-0.06248
0.299	-0.311135
0.3	-0.22028
0.301	-0.136439
0.302	-0.44152
0.303	0.384463
0.304	-0.463197
0.305	-0.322611
0.306	-0.322611
0.307	0.201797
0.308	0.012117
0.309	-0.222512
0.31	-0.155885
0.311	-0.204978
0.312	0.058979
0.313	0.357684
0.314	-0.060248
0.315	0.309866
0.316	0.089264
0.317	-0.020081
0.318	0.150472
0.319	-0.135801
0.32	0.203709
0.321	0.162586
0.322	0.168324
0.323	0.256309
0.324	0.151747
0.325	0.01148
0.326	0.024869
0.327	-0.01243
0.328	0.062167
0.329	0.187451
0.33	-0.098184
0.331	-0.043671
0.332	-0.139945
0.333	-0.21773
0.334	-0.282444
0.335	-0.234307
0.336	-0.352259
0.337	-0.836499
0.338	-0.378718
0.339	0.369798
0.34	0.178206
0.341	-0.199878
0.342	-0.08352
0.343	-0.088301
0.344	-0.235263
0.345	-0.118905
0.346	0.138039
0.347	0.371074
0.348	-0.176606
0.349	0.327718
0.35	0.026144
0.351	0.022
0.352	0.062805
0.353	-0.140583
0.354	0.293289
0.355	0.138039
0.356	0.274162
0.357	0.112217
0.358	0.085439
0.359	-0.046859
0.36	0.105522
0.361	0.014667
0.362	-0.043033
0.363	0.159079
0.364	0.158441
0.365	-0.17565
0.366	-0.021675
0.367	-0.254709
0.368	0.21933
0.369	-0.147596
0.37	-0.318786
0.371	0.182669
0.372	-0.394339
0.373	0.036983
0.374	0.460972
0.375	-0.262679
0.376	0.024231
0.377	-0.118905
0.378	-0.059292
0.379	-0.029007
0.38	0.359278
0.381	0.233675
0.382	0.040171
0.383	0.207535
0.384	-0.115717
0.385	-0.024225
0.386	-0.087664
0.387	0.065355
0.388	0.264598
0.389	0.031882
0.39	0.194146
0.391	0.13517
0.392	0.068224
0.393	0.07715
0.394	0.104885
0.395	-0.114123
0.396	0.080338
0.397	0.109029
0.398	-0.010836
0.399	-0.036339
0.4	-0.277343
0.401	-0.137395
0.402	0.211679
0.403	-0.456822
0.404	-0.327393
0.405	-0.52823
0.406	-0.327393
0.407	-0.065667
0.408	0.318155
0.409	-0.299659
0.41	-0.065667
0.411	-0.036339
0.412	-0.144408
0.413	-0.009242
0.414	0.230806
0.415	0.116042
0.416	0.042721
0.417	0.355134
0.418	-0.089895
0.419	0.167686
0.42	-0.101372
0.421	-0.019762
0.422	0.18777
0.423	0.065674
0.424	0.280537
0.425	0.184901
0.426	0.09564
0.427	-0.058016
0.428	-0.020081
0.429	-0.01753
0.43	0.057704
0.431	0.146646
0.432	-0.123687
0.433	-0.094677
0.434	-0.300934
0.435	-0.215179
0.436	0.351627
0.437	-0.501771
0.438	-0.638212
0.439	-0.055785
0.44	-0.761584
0.441	0.102653
0.442	0.241645
0.443	-0.475311
0.444	0.012117
0.445	-0.148234
0.446	-0.118905
0.447	0.018812
0.448	0.191914
0.449	0.059935
0.45	0.162267
0.451	0.218055
0.452	3.128e-06
0.453	0.112536
0.454	-0.108066
0.455	0.163223
0.456	0.144096
0.457	0.122099
0.458	0.233675
0.459	0.094683
0.46	0.199246
0.461	0.099147
0.462	-0.008285
0.463	-0.13867
0.464	0.10361
0.465	-0.072043
0.466	-0.045265
0.467	-0.032195
0.468	-0.193502
0.469	-0.217411
0.47	-0.015618
0.471	-0.563297
0.472	-0.35194
0.473	-0.252478
0.474	-0.28085
0.475	-0.200515
0.476	0.39307
0.477	-0.108066
0.478	0.051966
0.479	-0.079057
0.48	-0.151103
0.481	0.14569
0.482	0.323574
0.483	-0.168955
0.484	0.246746
0.485	0.182669
0.486	-0.030282
0.487	0.121462
0.488	-0.193183
0.489	0.224431
0.49	0.14824
0.491	0.12975
0.492	0.201159
0.493	0.058342
0.494	0.15079
0.495	-0.123687
0.496	-0.016893
0.497	-0.197008
0.498	0.149515
0.499	0.228894
0.5	-0.253434
0.501	-0.054191
0.502	-0.30189
0.503	-0.350027
0.504	0.423355
0.505	-0.726517
0.506	-0.226656
0.507	-0.526636
0.508	0.234951
0.509	-0.258216
0.51	-0.071087
0.511	-0.201472
0.512	0.017218
0.513	-0.100415
0.514	-0.193821
0.515	0.133576
0.516	0.306997
0.517	-0.083838
0.518	0.312416
0.519	-0.001591
0.52	0.03507
0.521	-0.01753
0.522	-0.138989
0.523	0.187132
0.524	0.070137
0.525	0.250571
0.526	0.284044
0.527	0.004785
0.528	0.163861
0.529	-0.039208
0.53	0.196696
0.531	-0.173737
0.532	0.010842
0.533	0.040808
0.534	-0.065349
0.535	-0.067899
0.536	-0.170868
0.537	-0.290095
0.538	-0.16768
0.539	-0.500177
0.54	-0.396252
0.541	-0.289776
0.542	0.166411
0.543	-0.527911
0.544	0.241008
0.545	0.103928
0.546	-0.144408
0.547	-0.022631
0.548	-0.343014
0.549	0.401996
0.55	0.213592
0.551	-0.037614
0.552	0.350352
0.553	-0.086389
0.554	0.139314
0.555	0.044634
0.556	-0.081926
0.557	0.11923
0.558	0.172787
0.559	0.288188
0.56	0.08767
0.561	0.144415
0.562	-0.046859
0.563	-0.027732
0.564	0.033157
0.565	-0.068855
0.566	0.127519
0.567	0.122737
0.568	-0.100097
0.569	-0.130063
0.57	-0.222512
0.571	0.202434
0.572	-0.296789
0.573	-0.217092
0.574	0.006379
0.575	-0.100415
0.576	0.029969
0.577	0.039214
0.578	-0.57573
0.579	0.000959
0.58	0.029969
0.581	-0.198921
0.582	-0.129744
0.583	0.105203
0.584	0.310504
0.585	-0.052597
0.586	0.40104
0.587	0.089902
0.588	0.233994
0.589	0.029332
0.59	0.030926
0.591	0.225068
0.592	0.123374
0.593	0.258222
0.594	0.17725
0.595	-0.116992
0.596	0.149515
0.597	-0.017849
0.598	3.128e-06
0.599	0.065036
0.6	0.233994
0.601	-0.083838
0.602	-0.166405
0.603	-0.25439
0.604	-0.253434
0.605	-0.079057
0.606	-0.503683
0.607	-0.312091
0.608	0.102016
0.609	-0.464472
0.61	-0.377443
0.611	0.270017
0.612	-0.239726
0.613	-0.071406
0.614	0.04814
0.615	-0.204659
0.616	0.100422
0.617	0.211998
0.618	0.116042
0.619	0.140589
0.62	0.251846
0.621	-0.04909
0.622	0.133576
0.623	-0.118586
0.624	0.054516
0.625	0.166411
0.626	0.070137
0.627	0.22985
0.628	0.083207
0.629	0.110623
0.63	0.01403
0.631	0.10616
0.632	0.160673
0.633	0.034114
0.634	0.017218
0.635	0.015305
0.636	-0.120818
0.637	-0.190633
0.638	-0.197646
0.639	-0.168636
0.64	-0.508784
0.641	-0.421117
0.642	0.081932
0.643	-0.378718
0.644	0.031244
0.645	0.225706
0.646	-0.552458
0.647	-0.055785
0.648	-0.026456
0.649	-0.226975
0.65	-0.066305
0.651	0.437063
0.652	-0.033151
0.653	0.193189
0.654	0.10074
0.655	0.03762
0.656	0.049097
0.657	-0.134845
0.658	0.145371
0.659	0.109985
0.66	0.236863
0.661	0.191914
0.662	0.158122
0.663	-0.123049
0.664	0.143139
0.665	0.021043
0.666	-0.134845
0.667	0.16131
0.668	0.160035
0.669	-0.148871
0.67	0.000641
0.671	-0.361185
0.672	-0.180431
0.673	0.126244
0.674	-0.373618
0.675	-0.328987
0.676	-0.401352
0.677	0.102653
0.678	-0.172462
0.679	0.310504
0.68	-0.046859
0.681	-0.069493
0.682	-0.09659
0.683	-0.243233
0.684	0.066949
0.685	0.317517
0.686	-0.011473
0.687	0.226981
0.688	0.159398
0.689	-0.040802
0.69	0.146965
0.691	-0.199878
0.692	0.147602
0.693	0.177887
0.694	0.144733
0.695	0.251528
0.696	0.163861
0.697	0.136764
0.698	0.034432
0.699	-0.080013
0.7	0.040808
0.701	0.14569
0.702	-0.063436
0.703	0.019449
0.704	-0.074593
0.705	-0.300615
0.706	-0.116992
0.707	-0.120499
0.708	-0.14122
0.709	0.34302
0.71	-0.467023
0.711	0.256947
0.712	-0.327074
0.713	0.117955
0.714	-0.055147
0.715	-0.027094
0.716	-0.164492
0.717	-0.092764
0.718	0.18235
0.719	0.328675
0.72	-0.113167
0.721	0.307316
0.722	0.002553
0.723	0.014667
0.724	0.091814
0.725	-0.10456
0.726	0.279581
0.727	0.056429
0.728	0.235269
0.729	0.199884
0.73	0.110942
0.731	0.153022
0.732	0.072368
0.733	0.007973
0.734	-0.110617
0.735	0.128794
0.736	-0.060886
0.737	-0.008285
0.738	0.022318
0.739	-0.331219
0.74	-0.163854
0.741	-0.032195
0.742	-0.422392
0.743	-0.027732
0.744	-0.225699
0.745	0.465435
0.746	-0.437694
0.747	-0.041758
0.748	-0.297427
0.749	-0.087345
0.75	-0.194777
0.751	-0.274155
0.752	0.071412
0.753	0.310504
0.754	-0.189995
0.755	0.405822
0.756	0.001278
0.757	0.02455
0.758	0.037939
0.759	-0.121137
0.76	0.303809
0.761	0.097234
0.762	0.217098
0.763	0.213911
0.764	0.049097
0.765	-0.013067
0.766	0.103291
0.767	0.048778
0.768	-0.044309
0.769	0.231763
0.77	0.029332
0.771	-0.152378
0.772	-0.08352
0.773	-0.21773
0.774	-0.239726
0.775	-0.015936
0.776	-0.350984
0.777	0.250571
0.778	-0.235582
0.779	0.394983
0.78	0.226025
0.781	-0.301252
0.782	0.065036
0.783	-0.101053
0.784	-0.159073
0.785	-0.075231
0.786	0.143777
0.787	0.356728
0.788	-0.207847
0.789	0.38255
0.79	-0.003185
0.791	0.057385
0.792	0.05356
0.793	-0.104241
0.794	0.32198
0.795	0.076831
0.796	0.233357
0.797	0.193827
0.798	0.076512
0.799	-0.024862
0.8	0.030926
0.801	-0.069812
0.802	-0.020081
0.803	0.176612
0.804	0.018812
0.805	-0.25726
0.806	-0.102966
0.807	-0.344289
0.808	0.292333
0.809	-0.40199
0.81	-0.450127
0.811	0.179481
0.812	-0.216136
0.813	-0.152378
0.814	0.37203
0.815	-0.500496
0.816	-0.010198
0.817	-0.104878
0.818	-0.189358
0.819	-0.029325
0.82	0.199884
0.821	0.079063
0.822	-0.034745
0.823	0.362466
0.824	-0.088939
0.825	0.222837
0.826	-0.108704
0.827	0.027419
0.828	0.171193
0.829	0.027419
0.83	0.259179
0.831	0.096277
0.832	0.065355
0.833	0.052603
0.834	-0.065986
0.835	0.083207
0.836	-0.032513
0.837	0.077788
0.838	0.012117
0.839	-0.131019
0.84	-0.199559
0.841	-0.230481
0.842	-0.096271
0.843	-0.30189
0.844	-0.524086
0.845	-0.472761
0.846	-0.302209
0.847	0.123693
0.848	0.565535
0.849	-0.188401
0.85	0.079382
0.851	-0.137395
0.852	-0.129106
0.853	0.102653
0.854	0.474042
0.855	0.035707
0.856	0.076831
0.857	0.201159
0.858	-0.091808
0.859	0.189683
0.86	-0.156203
0.861	0.149196
0.862	0.215504
0.863	0.027419
0.864	0.249934
0.865	0.089264
0.866	0.306678
0.867	-0.184894
0.868	0.038258
0.869	-0.269055
0.87	0.012117
0.871	0.302853
0.872	-0.046859
0.873	-0.127831
0.874	-0.274793
0.875	-0.394658
0.876	-0.051641
0.877	-0.417929
0.878	-0.237813
0.879	-0.337276
0.88	0.117636
0.881	0.181394
0.882	-0.22283
0.883	0.042721
0.884	-0.116992
0.885	-0.06758
0.886	-0.020399
0.887	0.035707
0.888	0.24037
0.889	-0.075869
0.89	0.285638
0.891	0.068543
0.892	0.08512
0.893	-0.032832
0.894	-0.098503
0.895	0.20626
0.896	0.089264
0.897	0.177569
0.898	0.210404
0.899	-0.077463
0.9	0.054835
0.901	0.156847
0.902	0.03507
0.903	-0.030601
0.904	0.061848
0.905	-0.079057
0.906	-0.005416
0.907	-0.093402
0.908	-0.253434
0.909	-0.133888
0.91	-0.195415
0.911	-0.392426
0.912	-0.221874
0.913	-0.136757
0.914	0.215823
0.915	-0.122093
0.916	0.061529
0.917	-0.261404
0.918	-0.077144
0.919	-0.108066
0.92	-0.286588
0.921	0.162586
0.922	0.313692
0.923	-0.247377
0.924	0.358322
0.925	0.082569
0.926	0.054516
0.927	0.121781
0.928	-0.223468
0.929	0.263323
0.93	0.155253
0.931	0.194146
0.932	0.217736
0.933	-0.00701
0.934	0.003829
0.935	0.126562
0.936	-0.052597
0.937	-0.081607
0.938	0.229212
0.939	0.125287
0.94	-0.130063
0.941	-0.119224
0.942	-0.212629
0.943	-0.057698
0.944	-0.360228
0.945	-0.485194
0.946	-0.073956
0.947	-0.460966
0.948	0.131663
0.949	0.297114
0.95	-0.318786
0.951	-0.119224
0.952	-0.05961
0.953	-0.152697
0.954	-0.136439
0.955	0.175018
0.956	0.140589
0.957	-0.029644
0.958	0.335369
0.959	0.032201
0.96	0.054197
0.961	-0.040164
0.962	0.060892
0.963	0.157804
0.964	0.038258
0.965	0.227937
0.966	0.089902
0.967	0.077469
0.968	0.211679
0.969	0.000641
0.97	-0.037295
0.971	0.123374
0.972	0.186176
0.973	-0.140902
0.974	-0.036339
0.975	-0.18075
0.976	-0.312091
0.977	0.130069
0.978	-0.109341
0.979	-0.521854
0.98	0.434194
0.981	-0.516435
0.982	0.296158
0.983	0.416342
0.984	-0.283719
0.985	-0.051959
0.986	-0.092446
0.987	-0.235263
0.988	0.042083
0.989	0.294883
0.99	0.20626
0.991	-0.068218
0.992	0.362466
0.993	-0.040483
0.994	0.109985
0.995	0.001916
0.996	-0.084476
0.997	0.250571
0.998	0.120824
0.999	0.273205
1	0.130388
1.001	0.002872
1.002	0.16928
1.003	-0.073318
1.004	-0.016893
1.005	0.044315
1.006	0.141545
1.007	-0.108066
1.008	-0.167042
1.009	-0.142496
1.01	-0.235263
1.011	0.07715
1.012	-0.374893
1.013	-0.426537
1.014	-0.010198
1.015	-0.175331
1.016	0.161948
1.017	0.129113
1.018	-0.451721
1.019	-0.069493
1.02	-0.036339
1.021	0.055154
1.022	-0.011792
1.023	0.210085
1.024	0.048778
1.025	0.178525
1.026	0.195102
1.027	-0.00191
1.028	0.096277
1.029	-0.141858
1.03	0.195421
1.031	0.149834
1.032	0.131344
1.033	0.220286
1.034	0.055154
1.035	0.243239
1.036	-0.077781
1.037	0.143777
1.038	-0.067899
1.039	0.038577
1.04	0.281813
1.041	-0.052597
1.042	-0.072043
1.043	-0.227612
1.044	-0.375212
1.045	-0.149509
1.046	-0.624505
1.047	-0.435144
1.048	0.149834
1.049	0.170236
1.05	0.184582
1.051	-0.051003
1.052	-0.455228
1.053	-0.014024
1.054	-0.086389
1.055	-0.167361
1.056	0.073962
1.057	0.341426
1.058	-0.102647
1.059	0.270974
1.06	0.109985
1.061	0.021362
1.062	-0.006691
1.063	-0.14919
1.064	0.188726
1.065	0.102016
1.066	0.184582
1.067	0.159716
1.068	-0.001591
1.069	0.081613
1.07	0.094683
1.071	-0.047815
1.072	0.004147
1.073	0.076831
1.074	-0.074593
1.075	-0.051003
1.076	-0.165448
1.077	-0.237495
1.078	-0.182982
1.079	-0.050047
1.08	-0.427493
1.081	-0.349071
1.082	-0.169274
1.083	0.429093
1.084	-0.116355
1.085	0.056429
1.086	-0.288501
1.087	-0.169593
1.088	-0.047178
1.089	-0.402309
1.09	0.259179
1.091	0.288188
1.092	-0.15716
1.093	0.287551
1.094	0.051328
1.095	0.053241
1.096	0.004147
1.097	-0.215817
1.098	0.143777
1.099	0.064717
1.1	0.143458
1.101	0.217736
1.102	0.029013
1.103	0.070774
1.104	0.034432
1.105	0.00351
1.106	-0.171505
1.107	0.0271
1.108	0.276074
1.109	-0.212629
1.11	0.009886
1.111	-0.345564
1.112	-0.464791
1.113	0.168961
1.114	-0.438332
1.115	-0.083838
1.116	-0.39147
1.117	0.264917
1.118	0.135807
1.119	-0.216773
1.12	-0.125919
1.121	0.022
1.122	-0.160348
1.123	-0.073956
1.124	0.191914
1.125	0.26938
1.126	-0.039208
1.127	0.234632
1.128	0.020087
1.129	-0.066943
1.13	0.023912
1.131	0.032838
1.132	0.188407
1.133	0.109348
1.134	0.184901
1.135	0.125925
1.136	0.141227
1.137	0.112536
1.138	0.009567
1.139	0.130388
1.14	0.013073
1.141	0.113492
1.142	-0.005735
1.143	0.001916
1.144	-0.216136
1.145	-0.286269
1.146	-0.36501
1.147	0.125925
1.148	-0.576686
1.149	-0.503046
1.15	-0.300934
1.151	0.314648
1.152	-0.340464
1.153	0.280219
1.154	-0.001591
1.155	-0.211673
1.156	0.039214
1.157	-0.187126
1.158	0.488707
1.159	0.065036
1.16	0.06918
1.161	0.232082
1.162	-0.03347
1.163	0.138995
1.164	-0.064711
1.165	-0.019124
1.166	0.16673
1.167	0.311779
1.168	0.280537
1.169	0.046865
1.17	0.098828
1.171	-0.018487
1.172	0.057385
1.173	0.138039
1.174	-0.055466
1.175	0.125606
1.176	-0.01498
1.177	-0.094996
1.178	-0.123368
1.179	-0.267142
1.18	0.245152
1.181	-0.303484
1.182	-0.113805
1.183	0.060573
1.184	-0.167361
1.185	-0.026456
1.186	0.074919
1.187	-0.389238
1.188	-0.018487
1.189	-0.106472
1.19	-0.139945
1.191	-0.098184
1.192	0.097553
1.193	0.277668
1.194	-0.173737
1.195	0.153978
1.196	0.015943
1.197	-0.010198
1.198	0.042083
1.199	0.110942
1.2	0.145052
1.201	0.155572
1.202	0.136445
1.203	0.085757
1.204	0.123374
1.205	0.123374
1.206	-0.066624
1.207	-0.012748
1.208	0.079382
1.209	-0.066624
1.21	0.057066
1.211	0.013711
1.212	-0.388282
1.213	-0.26778
1.214	-0.160667
1.215	-0.529505
1.216	-0.195096
1.217	-0.631518
1.218	0.170236
1.219	-0.376168
1.22	0.314329
1.221	0.040489
1.222	-0.165767
1.223	-0.068218
1.224	-0.155885
1.225	0.211998
1.226	0.231444
1.227	0.118911
1.228	0.112536
1.229	0.189364
1.23	-0.019124
1.231	0.150472
1.232	-0.104878
1.233	0.052922
1.234	0.113811
1.235	0.11413
1.236	0.138039
1.237	-0.185213
1.238	0.144096
1.239	-0.034426
1.24	-0.027094
1.241	0.153659
1.242	0.001597
1.243	0.005423
1.244	-0.047178
1.245	-0.043671
1.246	-0.239726
1.247	-0.229206
1.248	-0.026138
1.249	-0.306034
1.25	-0.400396
1.251	-0.065349
1.252	0.162267
1.253	-0.338551
1.254	0.102653
1.255	-0.203703
1.256	-0.015936
1.257	-0.171187
1.258	-0.137395
1.259	0.106479
1.26	0.262685
1.261	0.039852
1.262	0.246746
1.263	0.128156
1.264	-0.048134
1.265	0.09309
1.266	-0.197327
1.267	0.115405
1.268	0.21678
1.269	0.314967
1.27	0.131982
1.271	0.154616
1.272	0.102334
1.273	0.083207
1.274	0.159079
1.275	-0.045902
1.276	0.12465
1.277	0.109985
1.278	-0.153972
1.279	-0.150784
1.28	-0.283719
1.281	-0.292008
1.282	0.145371
1.283	-0.40996
1.284	-0.180113
1.285	-0.569992
1.286	0.288826
1.287	-0.581149
1.288	0.038577
1.289	-0.245464
1.29	-0.008923
1.291	0.013392
1.292	-0.358634
1.293	0.181713
1.294	0.317836
1.295	-0.211992
1.296	0.329631
1.297	0.064717
1.298	0.07715
1.299	0.129113
1.3	-0.114442
1.301	0.15876
1.302	0.087033
1.303	0.162586
1.304	0.243877
1.305	0.060254
1.306	0.139633
1.307	-0.019124
1.308	3.128e-06
1.309	-0.024225
1.31	0.042083
1.311	0.036026
1.312	0.049734
1.313	-0.091171
1.314	-0.244827
1.315	-0.117949
1.316	-0.211992
1.317	-0.335044
1.318	-0.066305
1.319	-0.309541
1.32	0.442801
1.321	0.367567
1.322	-0.333769
1.323	-0.108704
1.324	0.071412
1.325	-0.230481
1.326	-0.040164
1.327	0.140589
1.328	0.168643
1.329	-0.10966
1.33	0.326124
1.331	0.001916
1.332	-0.030919
1.333	0.055472
1.334	-0.020399
1.335	0.181075
1.336	0.056429
1.337	0.233675
1.338	0.11923
1.339	0.04814
1.34	0.080019
1.341	0.17725
1.342	0.012117
1.343	-0.04654
1.344	0.165136
1.345	-0.053235
1.346	0.063442
1.347	-0.180113
1.348	-0.253434
1.349	0.022
1.35	-0.225381
1.351	-0.480093
1.352	-0.417929
1.353	0.459378
1.354	0.854358
1.355	-0.193183
1.356	0.182988
1.357	-0.461285
1.358	-0.020081
1.359	-0.239089
1.36	-0.160985
1.361	0.212317
1.362	0.069818
1.363	0.082251
1.364	0.318792
1.365	0.059935
1.366	0.006379
1.367	0.045271
1.368	-0.08607
1.369	0.215504
1.37	0.273843
1.371	0.193827
1.372	0.174381
1.373	0.07715
1.374	0.093727
1.375	0.022956
1.376	0.036026
1.377	0.022318
1.378	0.097871
1.379	-0.12815
1.38	-0.184894
1.381	-0.171505
1.382	-0.160667
1.383	0.365017
1.384	-0.825342
1.385	-0.17565
1.386	-0.147277
1.387	0.191914
1.388	0.132938
1.389	0.278944
1.39	-0.401033
1.391	0.128475
1.392	-0.015936
1.393	-0.145046
1.394	0.067268
1.395	0.18522
1.396	0.343658
1.397	0.025187
1.398	0.252803
1.399	0.071412
1.4	0.054516
1.401	0.007654
1.402	-0.01243
1.403	0.197015
1.404	0.068543
1.405	0.241964
1.406	0.184582
1.407	-0.065986
1.408	0.159398
1.409	0.093727
1.41	-0.118268
1.411	0.278944
1.412	0.059617
1.413	-0.004141
1.414	0.009567
1.415	-0.345245
1.416	-0.156203
1.417	-0.226656
1.418	-0.255028
1.419	-0.265548
1.42	-0.475311
1.421	0.051328
1.422	-0.039527
1.423	0.100103
1.424	-0.255028
1.425	0.016261
1.426	-0.133569
1.427	-0.073
1.428	0.080657
1.429	0.178206
1.43	0.130069
1.431	0.158122
1.432	0.157804
1.433	3.128e-06
1.434	0.096596
1.435	-0.028369
1.436	0.106479
1.437	0.207854
1.438	0.208172
1.439	0.184582
1.44	0.022956
1.441	0.051647
1.442	0.130707
1.443	0.004466
1.444	0.060573
1.445	0.11413
1.446	-0.04399
1.447	-0.007967
1.448	-0.040164
1.449	-0.322611
1.45	-0.251203
1.451	-0.079375
1.452	-0.335363
1.453	-0.490613
1.454	-0.847976
1.455	0.153659
1.456	-0.254072
1.457	0.164498
1.458	-0.140264
1.459	-0.142814
1.46	-0.064711
1.461	-0.296789
1.462	0.343976
1.463	0.261729
1.464	-0.076187
1.465	0.253759
1.466	0.012755
1.467	-0.055466
1.468	0.080338
1.469	-0.197008
1.47	0.08512
1.471	0.020406
1.472	0.015624
1.473	0.257903
1.474	0.080976
1.475	0.056429
1.476	0.048459
1.477	-0.01243
1.478	-0.101053
1.479	0.226662
1.48	-0.01243
1.481	-0.03347
1.482	0.007335
1.483	-0.343333
1.484	-0.245464
1.485	-0.048134
1.486	-0.327393
1.487	-0.128469
1.488	-0.89675
1.489	0.26938
1.49	-0.138033
1.491	0.095321
1.492	-0.205616
1.493	-0.048134
1.494	-0.170549
1.495	-0.124006
1.496	0.132938
1.497	0.310185
1.498	-0.079375
1.499	0.316242
1.5	0.042721
1.501	0.029969
1.502	0.08512
1.503	-0.122412
1.504	0.237182
1.505	0.188089
1.506	0.233038
1.507	0.124331
1.508	0.126881
1.509	0.152384
1.51	0.025187
1.511	-0.000953
1.512	-0.057379
1.513	0.205941
1.514	-0.089258
1.515	-0.10456
1.516	-0.064392
1.517	-0.217092
1.518	-0.268417
1.519	0.026781
1.52	-0.297427
1.521	-0.380312
1.522	-0.588163
1.523	0.573186
1.524	-0.196052
1.525	0.12975
1.526	-0.011792
1.527	-0.08065
1.528	-0.197008
1.529	-0.14664
1.53	0.221561
1.531	0.302534
1.532	-0.122093
1.533	0.320705
1.534	0.032201
1.535	0.121462
1.536	0.081932
1.537	-0.034745
1.538	0.236863
1.539	0.042083
1.54	0.186813
1.541	0.142821
1.542	0.153022
1.543	-0.01243
1.544	0.033157
1.545	0.055472
1.546	-0.202428
1.547	0.077788
1.548	0.028057
1.549	-0.084476
1.55	-0.180113
1.551	-0.302846
1.552	-0.193502
1.553	-0.589119
1.554	-0.387963
1.555	0.255353
1.556	-0.376168
1.557	-0.081607
1.558	-0.087345
1.559	-0.555009
1.56	0.046546
1.561	-0.019124
1.562	-0.185851
1.563	-0.008923
1.564	0.10361
1.565	0.215823
1.566	0.018812
1.567	0.247702
1.568	0.084163
1.569	-0.016574
1.57	0.040808
1.571	0.121781
1.572	0.078744
1.573	0.168324
1.574	0.034114
1.575	-0.038252
1.576	0.146008
1.577	0.19032
1.578	0.055472
1.579	-0.127831
1.58	0.099784
1.581	0.031882
1.582	0.06408
1.583	0.055154
1.584	-0.225699
1.585	0.144415
1.586	-0.193183
1.587	-0.524086
1.588	-0.267142
1.589	-0.09404
1.59	0.545132
1.591	0.561709
1.592	-0.463835
1.593	0.52728
1.594	-0.426855
1.595	-0.053872
1.596	-0.021993
1.597	-0.131657
1.598	0.340789
1.599	-0.153972
1.6	0.183626
1.601	0.298071
1.602	0.005423
1.603	0.032838
1.604	-0.01498
1.605	-0.140902
1.606	0.224112
1.607	0.240051
1.608	0.219649
1.609	0.272249
1.61	-0.277025
1.611	0.177569
1.612	0.084482
1.613	0.00351
1.614	0.035707
1.615	0.249296
1.616	-0.055147
1.617	-0.214223
1.618	-0.13867
1.619	-0.356722
1.62	-0.333131
1.621	-0.041758
1.622	-0.422074
1.623	-0.23622
1.624	-0.079694
1.625	-0.137076
1.626	0.001916
1.627	-0.277981
1.628	0.046228
1.629	-0.21773
1.63	-0.006054
1.631	-0.127831
1.632	0.302534
1.633	0.292651
1.634	-0.009879
1.635	0.518035
1.636	0.102016
1.637	0.209129
1.638	0.059617
1.639	0.121781
1.64	0.173424
1.641	0.158441
1.642	-0.062161
1.643	0.06408
1.644	0.148559
1.645	0.088308
1.646	0.064399
1.647	-0.210079
1.648	0.073325
1.649	-0.00191
1.65	0.088945
1.651	-0.037614
1.652	-0.319105
1.653	0.083207
1.654	-0.246421
1.655	-0.292008
1.656	-0.208485
1.657	-0.358953
1.658	0.964977
1.659	-0.092764
1.66	0.319748
1.661	-0.375212
1.662	0.097871
1.663	-0.248652
1.664	-0.305716
1.665	0.152065
1.666	0.286594
1.667	-0.023906
1.668	0.19032
1.669	0.173106
1.67	-0.009242
1.671	0.071412
1.672	-0.023268
1.673	0.001278
1.674	0.223155
1.675	0.461291
1.676	0.05866
1.677	-0.133569
1.678	0.211998
1.679	-0.043352
1.68	0.150472
1.681	-0.020718
1.682	0.2324
1.683	-0.047496
1.684	-0.168955
1.685	-0.102647
1.686	-0.198921
1.687	-0.05451
1.688	-0.078419
1.689	-0.208485
1.69	-0.224743
1.691	-0.371067
1.692	0.038258
1.693	0.236545
1.694	-0.05706
1.695	0.062805
1.696	0.012755
1.697	-0.137714
1.698	-0.074593
1.699	0.139633
1.7	0.253122
1.701	-0.106154
1.702	0.169599
1.703	-0.100097
1.704	0.068543
1.705	0.047184
1.706	-0.108066
1.707	0.066311
1.708	0.1272
1.709	0.294564
1.71	0.196377
1.711	-0.169274
1.712	0.155891
1.713	0.032201
1.714	-0.052278
1.715	0.028694
1.716	0.086076
1.717	-0.003822
1.718	0.11668
1.719	-0.080013
1.72	-0.411235
1.721	-0.22825
1.722	-0.421436
1.723	-0.29392
1.724	-0.203384
1.725	-0.627692
1.726	0.059935
1.727	0.172149
1.728	-0.03857
1.729	-0.091489
1.73	0.096596
1.731	-0.214223
1.732	0.198927
1.733	0.104247
1.734	0.35354
1.735	-0.013705
1.736	0.138039
1.737	0.075556
1.738	0.000641
1.739	0.199246
1.74	-0.011473
1.741	0.036664
1.742	0.230488
1.743	0.189045
1.744	-0.048772
1.745	0.089583
1.746	0.014349
1.747	0.145371
1.748	0.015624
1.749	0.058023
1.75	0.070137
1.751	0.002872
1.752	0.009567
1.753	-0.198921
1.754	-0.184576
1.755	-0.3309
1.756	-0.390513
1.757	-0.297427
1.758	-0.143771
1.759	-0.093721
1.76	0.012117
1.761	0.144733
1.762	-0.385732
1.763	0.105841
1.764	-0.246102
1.765	-0.030919
1.766	0.028057
1.767	-0.19669
1.768	0.144096
1.769	0.189683
1.77	-0.038252
1.771	0.011798
1.772	0.007335
1.773	0.0746
1.774	0.079063
1.775	0.19829
1.776	0.148559
1.777	0.206578
1.778	0.187451
1.779	0.173424
1.78	0.116999
1.781	0.131663
1.782	0.027738
1.783	0.043996
1.784	0.016899
1.785	0.096277
1.786	0.069818
1.787	-0.256622
1.788	-0.228569
1.789	0.089902
1.79	-0.293602
1.791	-0.000634
1.792	-0.292645
1.793	-0.061523
1.794	-0.08352
1.795	0.013711
1.796	0.05611
1.797	-0.436419
1.798	0.157485
1.799	-0.275431
1.8	-0.008285
1.801	0.344295
1.802	-0.133888
1.803	0.255991
1.804	0.240689
1.805	0.122418
1.806	0.071731
1.807	-0.079057
1.808	0.090539
1.809	0.166411
1.81	0.115724
1.811	0.228575
1.812	0.105841
1.813	-0.029644
1.814	0.174381
1.815	0.06408
1.816	-0.052278
1.817	-0.019762
1.818	-0.006691
1.819	0.010523
1.82	0.133257
1.821	-0.125919
1.822	0.283407
1.823	-0.270968
1.824	-0.563935
1.825	-0.356403
1.826	-0.354809
1.827	-0.037933
1.828	0.046228
1.829	0.109985
1.83	-0.185213
1.831	0.029969
1.832	-0.181388
1.833	-0.004141
1.834	0.053878
1.835	0.28787
1.836	0.076512
1.837	0.163223
1.838	0.132938
1.839	-0.030601
1.84	0.073962
1.841	-0.029007
1.842	0.06918
1.843	0.209766
1.844	0.206578
1.845	0.013711
1.846	-0.107429
1.847	0.13517
1.848	0.126244
1.849	0.017218
1.85	0.177569
1.851	0.197652
1.852	-0.050366
1.853	-0.010198
1.854	-0.18075
1.855	-0.084157
1.856	-0.363735
1.857	-0.202109
1.858	-0.314642
1.859	-0.040483
1.86	-0.280212
1.861	0.055154
1.862	-0.168636
1.863	0.222199
1.864	-0.049409
1.865	-0.242595
1.866	-0.241958
1.867	-0.456822
1.868	0.38255
1.869	0.191914
1.87	-0.060248
1.871	0.206578
1.872	0.180438
1.873	0.028694
1.874	0.10871
1.875	-0.010836
1.876	-0.062161
1.877	0.119868
1.878	0.145052
1.879	0.149834
