3.76	-0.150146
3.761	-0.358634
3.762	0.255353
3.763	0.354815
3.764	-0.090214
3.765	0.238776
3.766	0.094046
3.767	0.045271
3.768	0.119868
3.769	-0.100415
3.77	0.10871
3.771	0.187132
3.772	0.156847
3.773	0.171512
3.774	0.110304
3.775	0.059617
3.776	0.019768
3.777	0.179481
3.778	-0.05451
3.779	0.154935
3.78	0.245152
3.781	-0.033789
3.782	-0.052916
3.783	-0.350346
3.784	0.013711
3.785	-0.258535
3.786	-0.235582
3.787	-0.129744
3.788	-0.207847
3.789	0.167686
3.79	0.060254
3.791	-0.263954
3.792	-0.254709
3.793	0.112217
3.794	-0.282444
3.795	-0.170868
3.796	0.094683
3.797	0.360553
3.798	0.118593
3.799	0.533975
3.8	0.061211
3.801	-0.038889
3.802	0.030926
3.803	0.058979
3.804	0.093408
3.805	0.113811
3.806	0.205941
3.807	0.074281
3.808	0.026781
3.809	0.211679
3.81	0.212317
3.811	-0.064073
3.812	0.01658
3.813	0.013392
3.814	-0.007329
3.815	0.186176
3.816	0.057385
3.817	-0.270011
3.818	-0.143452
3.819	-0.443114
3.82	-0.496351
3.821	-0.242595
3.822	-0.647457
3.823	0.297752
3.824	-0.49922
3.825	0.262685
3.826	-0.447895
3.827	0.0797
3.828	-0.020081
3.829	-0.29392
3.83	0.244833
3.831	0.052922
3.832	0.161948
3.833	0.204666
3.834	0.066949
3.835	0.054516
3.836	0.077788
3.837	-0.057379
3.838	0.093408
3.839	0.3325
3.84	0.142183
3.841	0.168961
3.842	0.039852
3.843	-0.091808
3.844	0.11923
3.845	-0.071724
3.846	0.036345
3.847	0.311141
3.848	0.009886
3.849	-0.065349
3.85	-0.139945
3.851	-0.212629
3.852	-0.034107
3.853	-0.095634
3.854	-0.332175
3.855	-0.257578
3.856	-0.271286
3.857	0.100103
3.858	-0.220918
3.859	-0.204978
3.86	-0.032195
3.861	-0.059929
3.862	-0.215817
3.863	-0.043033
3.864	0.1798
3.865	0.25886
3.866	0.034751
3.867	0.43515
3.868	-0.128788
3.869	-0.119224
3.87	0.10361
3.871	-0.124643
3.872	0.10074
3.873	0.160035
3.874	0.210404
3.875	0.063442
3.876	-0.010198
3.877	0.104247
3.878	0.020087
3.879	0.071093
3.88	-0.108385
3.881	0.062805
3.882	-0.035701
3.883	0.015305
3.884	-0.137395
3.885	-0.270649
3.886	-0.679336
3.887	-0.064073
3.888	-0.50464
3.889	0.080657
3.89	0.121781
3.891	0.426224
3.892	-0.099778
3.893	0.313373
3.894	-0.247058
3.895	-0.072681
3.896	-0.183619
3.897	-0.050047
3.898	0.45619
3.899	-0.039208
3.9	0.114767
3.901	0.26396
3.902	-0.0255
3.903	0.1272
3.904	-0.105516
3.905	0.015624
3.906	0.148878
3.907	0.084482
3.908	0.389882
3.909	0.117317
3.91	0.183626
3.911	0.004466
3.912	-0.019124
3.913	-0.072362
3.914	-0.154928
3.915	0.179481
3.916	0.159079
3.917	-0.068218
3.918	-0.154928
3.919	-0.336957
3.92	0.091496
3.921	-0.412191
3.922	-0.086389
3.923	-0.135163
3.924	-0.076187
3.925	0.126881
3.926	-0.116036
3.927	-0.117949
3.928	-0.055785
3.929	-0.074275
3.93	-0.058335
3.931	-0.055147
3.932	0.169918
3.933	0.14824
3.934	0.369161
3.935	0.102016
3.936	-0.031557
3.937	-0.000634
3.938	0.055154
3.939	0.110623
3.94	0.074281
3.941	0.252484
3.942	0.227937
3.943	0.196696
3.944	0.112536
3.945	0.201478
3.946	-0.082882
3.947	-0.01753
3.948	0.022
3.949	0.049734
3.95	0.236226
3.951	-0.016893
3.952	-0.231438
3.953	-0.265548
3.954	-0.239089
3.955	-0.350984
3.956	-0.378399
3.957	-0.24132
3.958	-0.106472
3.959	0.49317
3.96	-0.028688
3.961	0.298708
3.962	-0.666903
3.963	-0.125281
3.964	-0.099459
3.965	0.018493
3.966	0.261091
3.967	-0.097865
3.968	0.086395
3.969	0.450771
3.97	-0.021356
3.971	0.030607
3.972	-0.071087
3.973	-0.148234
3.974	0.068224
3.975	0.168324
3.976	0.657984
3.977	0.034432
3.978	0.34557
3.979	0.227618
3.98	0.072368
3.981	-0.047178
3.982	-0.202109
3.983	0.110623
3.984	-0.140902
3.985	0.22188
3.986	-0.188082
3.987	-0.313366
3.988	-0.294239
3.989	-0.332494
3.99	0.093727
3.991	-0.353215
3.992	0.142183
3.993	0.033476
3.994	-0.273199
3.995	-0.084795
3.996	-0.14409
3.997	-0.30444
3.998	-0.023268
3.999	0.076194
4	0.123693
4.001	0.102334
4.002	0.235588
4.003	-0.06248
4.004	-0.007329
4.005	0.120505
4.006	-0.068537
4.007	0.044315
4.008	0.289782
4.009	0.15876
4.01	0.141227
4.011	0.020406
4.012	-0.045265
4.013	0.22188
4.014	-0.156522
4.015	0.03762
4.016	0.246746
4.017	-0.101691
4.018	-0.005097
4.019	-0.1782
4.02	-0.269692
4.021	0.078106
4.022	-0.442476
4.023	-0.286907
4.024	-0.100415
4.025	-0.010198
4.026	-0.009561
4.027	-0.145683
4.028	-0.34397
4.029	-0.1307
4.03	-0.028688
4.031	-0.240045
4.032	0.046865
4.033	0.101378
4.034	0.231444
4.035	0.120824
4.036	-0.051641
4.037	0.197334
4.038	0.162267
4.039	0.09564
4.04	-0.043671
4.041	0.226662
4.042	0.072368
4.043	0.177887
4.044	0.051647
4.045	0.142502
4.046	0.450452
4.047	-0.019124
4.048	0.051647
4.049	-0.01243
4.05	-0.011154
4.051	0.203709
4.052	-0.096909
4.053	-0.169911
4.054	0.143458
4.055	-0.445345
4.056	-0.309541
4.057	-0.405815
4.058	0.185857
4.059	0.001916
4.06	-0.039845
4.061	0.004147
4.062	-0.398802
4.063	0.076194
4.064	-0.149509
4.065	-0.147915
4.066	0.025187
4.067	0.032838
4.068	0.271611
4.069	0.0271
4.07	0.267148
4.071	-0.133569
4.072	0.032201
4.073	0.065992
4.074	0.040808
4.075	0.13517
4.076	0.159079
4.077	0.051328
4.078	0.083207
4.079	0.139633
4.08	0.036664
4.081	0.013073
4.082	-0.115717
4.083	0.055472
4.084	0.183626
4.085	0.042402
4.086	0.004466
4.087	0.010523
4.088	-0.221874
4.089	-0.422392
4.09	-0.268736
4.091	-0.340464
4.092	-0.347796
4.093	-0.167361
4.094	0.093408
4.095	0.102016
4.096	-0.282763
4.097	-0.12815
4.098	-0.166405
4.099	-0.006054
4.1	0.073643
4.101	0.138039
4.102	0.044315
4.103	0.226025
4.104	0.391795
4.105	-0.089258
4.106	0.259497
4.107	-0.053235
4.108	0.088626
4.109	0.132938
4.11	0.177569
4.111	0.171193
4.112	0.094683
4.113	0.160354
4.114	-0.035064
4.115	0.067586
4.116	-0.125281
4.117	0.064399
4.118	0.085757
4.119	-0.029644
4.12	-0.010836
4.121	-0.205935
4.122	-0.132294
4.123	-0.194458
4.124	-0.144408
4.125	-0.096909
4.126	-0.05961
4.127	-0.183619
4.128	0.072049
4.129	-0.111892
4.13	-0.325799
4.131	0.065036
4.132	-0.272561
4.133	-0.260766
4.134	0.117636
4.135	0.102972
4.136	-0.023587
4.137	0.199565
4.138	0.107435
4.139	-0.159073
4.14	-0.025181
4.141	-0.086707
4.142	0.088945
4.143	0.244514
4.144	0.180119
4.145	0.138995
4.146	0.152703
4.147	0.053878
4.148	0.058979
4.149	0.105522
4.15	-0.079694
4.151	0.159398
4.152	0.078425
4.153	-0.026775
4.154	-0.116355
4.155	-0.087345
4.156	-0.340464
4.157	-0.237176
4.158	-0.474355
4.159	-0.444708
4.16	-0.598683
4.161	0.14569
4.162	-0.371386
4.163	0.512616
4.164	-0.009879
4.165	-0.137076
4.166	0.020087
4.167	-0.443432
4.168	0.392432
4.169	0.17725
4.17	-0.051959
4.171	0.257585
4.172	-0.01498
4.173	0.091177
4.174	-0.022631
4.175	0.015943
4.176	0.026144
4.177	0.134213
4.178	0.327718
4.179	0.15876
4.18	0.01658
4.181	0.081294
4.182	0.054516
4.183	0.196377
4.184	-0.030919
4.185	0.220605
4.186	0.146327
4.187	0.038258
4.188	-0.053872
4.189	-0.378081
4.19	0.08512
4.191	-0.332175
4.192	-0.066943
4.193	-0.217411
4.194	-0.431318
4.195	0.262366
4.196	-0.365967
4.197	-0.028688
4.198	-0.113486
4.199	0.046228
4.2	-0.185532
4.201	-0.060248
4.202	0.188089
4.203	0.028375
4.204	0.03762
4.205	0.292014
4.206	0.182669
4.207	0.063442
4.208	0.170236
4.209	0.064717
4.21	0.007016
4.211	0.128794
4.212	0.155572
4.213	0.058342
4.214	0.124968
4.215	0.175018
4.216	0.171193
4.217	0.024231
4.218	0.000959
4.219	0.067268
4.22	-0.053235
4.221	-0.06758
4.222	-0.074912
4.223	-0.244508
4.224	-0.075869
4.225	-0.461922
4.226	-0.435144
4.227	-0.307628
4.228	0.292014
4.229	0.288507
4.23	-0.546401
4.231	0.322936
4.232	-0.529505
4.233	-0.260447
4.234	0.046228
4.235	-0.113486
4.236	0.215186
4.237	0.120824
4.238	0.113811
4.239	0.200521
4.24	-0.076825
4.241	0.05866
4.242	0.081613
4.243	-0.050366
4.244	0.12465
4.245	0.22188
4.246	0.155891
4.247	0.104885
4.248	-0.074593
4.249	0.15621
4.25	0.052603
4.251	0.05866
4.252	0.046546
4.253	0.114448
4.254	-0.01753
4.255	-0.091808
4.256	-0.125281
4.257	-0.244827
4.258	-0.177244
4.259	-0.26236
4.26	-0.161304
4.261	-0.097228
4.262	-0.318467
4.263	0.099147
4.264	-0.079694
4.265	-0.112848
4.266	-0.185213
4.267	0.014667
4.268	-0.060886
4.269	-0.01498
4.27	0.177887
4.271	0.233038
4.272	0.12975
4.273	0.111579
4.274	-0.041439
4.275	0.054835
4.276	0.224431
4.277	0.112217
4.278	0.118274
4.279	0.12975
4.28	0.091177
4.281	0.065036
4.282	0.054835
4.283	0.161948
4.284	0.062167
4.285	0.058979
4.286	0.089902
4.287	-0.027094
4.288	0.091496
4.289	-0.161304
4.29	0.09022
4.291	-0.188401
4.292	-0.540982
4.293	-0.299977
4.294	-0.372661
4.295	-0.06503
4.296	-0.395295
4.297	-0.760627
4.298	0.458422
4.299	-0.431637
4.3	-0.346839
4.301	0.109985
4.302	-0.266823
4.303	0.154297
4.304	0.38255
4.305	-0.088939
4.306	0.419848
4.307	0.100422
4.308	0.096915
4.309	0.039214
4.31	-0.18872
4.311	0.092771
4.312	0.175656
4.313	0.186176
4.314	0.14027
4.315	-0.130063
4.316	0.317517
4.317	-0.455865
4.318	0.291695
4.319	-0.12018
4.32	0.023594
4.321	0.206897
4.322	-0.116674
4.323	0.110942
4.324	-0.061204
4.325	-0.204978
4.326	-0.503683
4.327	-0.351621
4.328	-0.112848
4.329	-0.167361
4.33	-0.066624
4.331	0.212317
4.332	0.109667
4.333	-0.156522
4.334	-0.116992
4.335	-0.064711
4.336	-0.179475
4.337	0.138039
4.338	0.196377
4.339	0.013392
4.34	0.27448
4.341	0.166411
4.342	-0.044309
4.343	0.201478
4.344	0.082251
4.345	0.029332
4.346	0.197652
4.347	0.248659
4.348	0.202753
4.349	0.099147
4.35	0.01658
4.351	0.012755
4.352	0.013711
4.353	0.208172
4.354	0.272568
4.355	0.025825
4.356	0.017218
4.357	-0.064711
4.358	-0.160667
4.359	0.020406
4.36	-0.227931
4.361	-0.329625
4.362	-0.480412
4.363	-0.313685
4.364	0.162267
4.365	-0.112529
4.366	0.044952
4.367	-0.226656
4.368	0.083207
4.369	-0.300934
4.37	-0.077463
4.371	0.082888
4.372	0.19829
4.373	0.136126
4.374	0.228256
4.375	0.057385
4.376	0.030607
4.377	0.030607
4.378	-0.040802
4.379	0.08767
4.38	0.222518
4.381	0.167049
4.382	0.040808
4.383	0.105841
4.384	-0.000634
4.385	0.157166
4.386	0.01403
4.387	0.045271
4.388	-0.111892
4.389	-0.098821
4.39	0.066311
4.391	-0.200196
4.392	-0.087345
4.393	-0.245464
4.394	-0.277343
4.395	-0.064711
4.396	-0.073956
4.397	0.14824
4.398	0.153341
4.399	-0.182344
4.4	0.045909
4.401	-0.113486
4.402	-0.127194
4.403	-0.251203
4.404	-0.079057
4.405	0.364379
4.406	0.007335
4.407	0.239095
4.408	0.333775
4.409	-0.012111
4.41	0.191277
4.411	-0.10456
4.412	0.031563
4.413	0.080338
4.414	0.107435
4.415	0.358322
4.416	0.103291
4.417	-0.160985
4.418	0.10871
4.419	0.085439
4.42	-0.019443
4.421	0.013392
4.422	0.177569
4.423	0.0746
4.424	0.177887
4.425	-0.153972
4.426	-0.239089
4.427	0.38
4.428	0.012755
4.429	-0.130063
4.43	-0.220918
4.431	-0.344608
4.432	-0.062161
4.433	-0.136439
4.434	-0.216455
4.435	-0.082563
4.436	0.058342
4.437	-0.176287
4.438	0.018493
4.439	0.152703
4.44	0.187132
4.441	0.152384
4.442	-0.29934
4.443	0.086395
4.444	0.065992
4.445	0.110942
4.446	0.111579
4.447	0.076194
4.448	0.220605
4.449	0.013711
4.45	0.232082
4.451	0.265236
4.452	0.134851
4.453	-0.112848
4.454	0.123693
4.455	0.115724
4.456	0.159716
4.457	0.067905
4.458	-0.060248
4.459	-0.084157
4.46	-0.153016
4.461	-0.518029
4.462	-0.327393
4.463	-0.443114
4.464	-0.116355
4.465	-0.182982
4.466	-0.437694
4.467	0.299984
4.468	-0.399121
4.469	-0.308585
4.47	0.016261
4.471	-0.18872
4.472	-0.001272
4.473	0.297752
4.474	-0.177562
4.475	0.229212
4.476	0.376812
4.477	-0.104241
4.478	0.112217
4.479	-0.044627
4.48	0.005423
4.481	0.192552
4.482	0.140589
4.483	0.17725
4.484	-0.00191
4.485	0.024231
4.486	0.172468
4.487	0.061211
4.488	0.004147
4.489	0.011798
4.49	0.085757
4.491	0.055791
4.492	-0.021675
4.493	-0.095952
4.494	-0.251521
4.495	-0.234626
4.496	-0.206891
4.497	-0.313048
4.498	-0.119224
4.499	-0.350984
4.5	0.155891
4.501	-0.067261
4.502	-0.192545
4.503	-0.166086
4.504	0.165136
4.505	-0.082563
4.506	0.083845
4.507	0.06663
4.508	0.310504
4.509	-0.183938
4.51	0.122737
4.511	-0.080013
4.512	0.044315
4.513	0.200203
4.514	0.082569
4.515	0.097553
4.516	0.196377
4.517	0.153341
4.518	0.213592
4.519	-0.031876
4.52	0.133257
4.521	-0.071087
4.522	0.180119
4.523	0.14569
4.524	0.007654
4.525	0.106479
4.526	-0.235263
4.527	-0.247377
4.528	0.236545
4.529	-0.215179
4.53	-0.412191
4.531	-0.190633
4.532	-0.350665
4.533	0.206578
4.534	-0.257578
4.535	0.147602
4.536	-0.82311
4.537	-0.163536
4.538	-0.279575
4.539	-0.158116
4.54	0.389244
4.541	-0.070449
4.542	-0.090852
4.543	0.377131
4.544	0.155572
4.545	0.103928
4.546	-0.129425
4.547	-0.049728
4.548	0.243877
4.549	0.059617
4.55	0.10616
4.551	0.123374
4.552	0.013711
4.553	0.285
4.554	0.109029
4.555	-0.079694
4.556	-0.021037
4.557	0.182669
4.558	0.228256
4.559	-0.019762
4.56	0.241326
4.561	-0.286588
4.562	-0.407728
4.563	-0.305716
4.564	-0.4361
4.565	-0.005735
4.566	-0.223149
4.567	0.051647
4.568	0.021681
4.569	-0.244508
4.57	-0.191589
4.571	-0.129744
4.572	-0.115398
4.573	-0.14919
4.574	0.133257
4.575	0.00606
4.576	0.14824
4.577	0.141864
4.578	0.077788
4.579	0.096596
4.58	0.132938
4.581	-0.032195
4.582	0.093727
4.583	0.116999
4.584	0.20881
4.585	0.02455
4.586	0.00606
4.587	0.250252
4.588	0.105841
4.589	-0.04399
4.59	0.051328
4.591	-0.020399
4.592	0.06663
4.593	0.019768
4.594	-0.142496
4.595	-0.183301
4.596	-0.272243
4.597	-0.391789
4.598	-0.168955
4.599	-0.06758
4.6	-0.256622
4.601	-0.102966
4.602	-0.204659
4.603	-0.507828
4.604	-0.161304
4.605	-0.078419
4.606	-0.295833
4.607	0.169918
4.608	-0.160985
4.609	0.265236
4.61	0.040171
4.611	0.256628
4.612	-0.005416
4.613	0.039852
4.614	0.051328
4.615	0.11413
4.616	0.262048
4.617	0.070455
4.618	0.096277
4.619	0.148559
4.62	0.192233
4.621	0.215823
4.622	-0.092127
4.623	0.19574
4.624	0.105522
4.625	0.090539
4.626	0.070137
4.627	0.007654
4.628	-0.264911
4.629	-0.155566
4.63	-0.123368
4.631	-0.372342
4.632	-0.367879
4.633	-0.371067
4.634	-0.245783
4.635	0.01913
4.636	0.049734
4.637	-0.175012
4.638	-0.234307
4.639	0.151109
4.64	-0.016255
4.641	0.036664
4.642	0.064399
4.643	0.193508
4.644	0.142183
4.645	0.089583
4.646	0.189364
4.647	0.154935
4.648	0.211679
4.649	0.095321
4.65	0.061848
4.651	0.061529
4.652	0.126244
4.653	0.168643
4.654	-0.040483
4.655	0.062167
4.656	-0.007329
4.657	0.067586
4.658	0.159398
4.659	0.105841
4.66	0.047503
4.661	-0.104241
4.662	-0.139945
4.663	-0.171187
4.664	-0.299021
4.665	-0.343333
4.666	-0.172462
4.667	-0.409003
4.668	0.503371
4.669	-0.082563
4.67	0.274799
4.671	0.109667
4.672	-0.301571
4.673	0.331544
4.674	-0.503365
4.675	0.328356
4.676	0.079382
4.677	-0.068537
4.678	0.162904
4.679	0.055791
4.68	0.125925
4.681	-0.064073
4.682	0.115724
4.683	0.003191
4.684	0.237182
4.685	0.05356
4.686	0.208172
4.687	0.106479
4.688	0.107435
4.689	0.031563
4.69	-0.040802
4.691	0.003829
4.692	-0.06758
4.693	0.178525
4.694	0.098509
4.695	-0.185213
4.696	-0.041121
4.697	-0.223149
4.698	-0.381906
4.699	-0.272561
4.7	-0.116992
4.701	-0.492845
4.702	-0.218686
4.703	0.153659
4.704	-0.067261
4.705	-0.097865
4.706	-0.045584
4.707	-0.213267
4.708	0.094683
4.709	0.000641
4.71	0.180438
4.711	0.32198
4.712	-0.036976
4.713	0.25886
4.714	-0.145683
4.715	0.176931
4.716	0.154616
4.717	-0.09659
4.718	0.251528
4.719	0.13517
4.72	0.067586
4.721	-0.009242
4.722	0.153978
4.723	0.227937
4.724	0.11413
4.725	-0.002547
4.726	0.046546
4.727	-0.020399
4.728	0.045271
4.729	-0.00191
4.73	0.088626
4.731	-0.178519
4.732	-0.318148
4.733	-0.315917
4.734	-0.119224
4.735	-0.451402
4.736	0.15621
4.737	0.131982
4.738	-0.438013
4.739	-0.061842
4.74	-0.176925
4.741	-0.184257
4.742	-0.178519
4.743	0.190639
4.744	0.238776
4.745	0.08512
4.746	0.319748
4.747	-0.040802
4.748	0.090539
4.749	0.039214
4.75	0.094365
4.751	0.020724
4.752	0.126244
4.753	0.230806
4.754	0.167686
4.755	-0.076506
4.756	0.038258
4.757	0.101697
4.758	-0.163536
4.759	0.257585
4.76	0.156847
4.761	-0.140583
4.762	0.090539
4.763	-0.083838
4.764	-0.236538
4.765	-0.096909
4.766	-0.589119
4.767	-0.149828
4.768	-0.172462
4.769	-0.614622
4.77	0.24834
4.771	-0.300296
4.772	0.049734
4.773	-0.069493
4.774	0.112536
4.775	-0.263635
4.776	0.022
4.777	0.073006
4.778	0.460016
4.779	0.084482
4.78	0.31401
4.781	0.117955
4.782	-0.109979
4.783	-0.031238
4.784	-0.022631
4.785	0.220286
4.786	0.20881
4.787	0.136445
4.788	0.1798
4.789	-0.185851
4.79	0.20084
4.791	0.005741
4.792	0.073643
4.793	0.085439
4.794	0.013073
4.795	0.0271
4.796	0.017855
4.797	-0.118586
4.798	-0.175331
4.799	-0.226656
4.8	-0.312091
4.801	-0.339188
4.802	-0.295195
4.803	-0.187445
4.804	-0.076506
4.805	-0.011154
4.806	-0.257578
4.807	-0.147596
4.808	0.060254
4.809	-0.196371
4.81	-0.0781
4.811	0.052285
4.812	0.302534
4.813	-0.100097
4.814	0.310822
4.815	0.087989
4.816	-0.081288
4.817	0.181394
4.818	-0.098184
4.819	0.170236
4.82	0.112217
4.821	0.433875
4.822	0.085439
4.823	0.113811
4.824	0.152384
4.825	-0.019443
4.826	0.059298
4.827	0.007335
4.828	0.052603
4.829	0.086395
4.83	-0.073956
4.831	0.023912
4.832	-0.320699
4.833	-0.298065
4.834	-0.161942
4.835	-0.406772
4.836	-0.255028
4.837	-0.180113
4.838	0.11126
4.839	-0.06503
4.84	-0.215817
4.841	0.021681
4.842	-0.277662
4.843	-0.0781
4.844	0.044315
4.845	-0.015618
4.846	0.238457
4.847	0.04559
4.848	0.181394
4.849	-0.055147
4.85	-0.080969
4.851	-0.056423
4.852	0.025825
4.853	0.21933
4.854	0.11413
4.855	0.205303
4.856	-0.02295
4.857	0.081613
4.858	0.16928
4.859	0.09022
4.86	0.055154
4.861	-0.030601
4.862	0.049734
4.863	0.042721
4.864	0.044315
4.865	-0.005097
4.866	-0.302846
4.867	-0.334407
4.868	-0.352896
4.869	-0.187764
4.87	-0.037295
4.871	0.550233
4.872	-0.43355
4.873	0.199246
4.874	-0.403903
4.875	-0.05961
4.876	-0.194458
4.877	-0.235263
4.878	0.108391
4.879	0.000959
4.88	0.144415
4.881	0.124331
4.882	0.29839
4.883	0.084801
4.884	0.014667
4.885	0.219968
4.886	0.120187
4.887	-0.006054
4.888	0.25089
4.889	0.183944
4.89	-0.058973
4.891	0.152384
4.892	0.109985
4.893	0.144415
4.894	-0.064711
4.895	0.112854
4.896	0.080976
4.897	0.057704
4.898	0.160992
4.899	-0.204659
4.9	0.073643
4.901	-0.181707
4.902	-0.328987
4.903	-0.210398
4.904	-0.140902
4.905	0.29297
4.906	-0.092127
4.907	0.125606
4.908	-0.232713
4.909	0.149196
4.91	-0.392745
4.911	-0.053235
4.912	0.036664
4.913	0.154297
4.914	-0.002547
4.915	0.172149
4.916	0.058979
4.917	-0.056741
4.918	0.130388
4.919	-0.05451
4.92	-0.051322
4.921	0.214867
4.922	0.301578
4.923	0.18522
4.924	-0.07013
4.925	0.145052
4.926	0.017855
4.927	0.065355
4.928	0.092133
4.929	0.280219
4.93	-0.13612
4.931	-0.030282
4.932	-0.060567
4.933	-0.234626
4.934	-0.149828
4.935	-0.177881
4.936	-0.381587
4.937	-0.174056
4.938	-0.602189
4.939	0.258541
4.94	-0.087345
4.941	0.068543
4.942	-0.155885
4.943	-0.003185
4.944	-0.179794
4.945	-0.100415
4.946	0.177569
4.947	0.159716
4.948	-0.09659
4.949	0.31401
4.95	0.161629
4.951	0.291057
4.952	0.057066
4.953	-0.001591
4.954	0.088945
4.955	0.102016
4.956	0.173424
4.957	-0.05451
4.958	0.193508
4.959	0.130069
4.96	0.10074
4.961	-0.124643
4.962	-0.012748
4.963	0.211041
4.964	-0.002547
4.965	0.075237
4.966	-0.096909
4.967	-0.11508
4.968	-0.410278
4.969	-0.351621
4.97	-0.250884
4.971	0.061211
4.972	-0.295514
4.973	0.149834
4.974	-0.078419
4.975	0.026463
4.976	-0.173737
4.977	-0.005416
4.978	-0.242277
4.979	-0.002547
4.98	0.155891
4.981	0.150153
4.982	0.007335
4.983	0.329631
4.984	-0.100734
4.985	0.110942
4.986	0.089902
4.987	0.041446
4.988	0.094683
4.989	0.116042
4.99	0.225068
4.991	0.081932
4.992	0.076831
4.993	0.107435
4.994	0.139951
4.995	0.071412
4.996	-0.123368
4.997	0.191595
4.998	-0.021037
4.999	0.08512
5	-0.005416
5.001	-0.228569
5.002	-0.20721
5.003	-0.492845
5.004	-0.329306
5.005	-0.856583
5.006	-0.874435
5.007	0.208491
5.008	0.349715
5.009	-0.06758
5.01	-0.129425
5.011	0.010842
5.012	-0.294239
5.013	0.105203
5.014	0.018174
5.015	0.39562
5.016	0.01403
5.017	0.318792
5.018	-0.125281
5.019	0.122737
5.02	0.073006
5.021	-0.11508
5.022	0.208172
5.023	0.195421
5.024	0.169599
5.025	0.207216
5.026	-0.179475
5.027	0.102016
5.028	0.027419
5.029	0.013392
5.03	0.088308
5.031	0.007973
5.032	-0.061204
5.033	-0.009242
5.034	-0.155885
5.035	-0.15716
5.036	-0.258216
5.037	-0.196052
5.038	-0.14919
5.039	0.018812
5.04	-0.41506
5.041	0.500821
5.042	0.067268
5.043	-0.050684
5.044	0.047503
5.045	-0.013386
5.046	-0.206572
5.047	0.019768
5.048	0.322618
5.049	0.02455
5.05	0.183307
5.051	0.207216
5.052	-0.025181
5.053	0.154297
5.054	0.00606
5.055	-0.084476
5.056	0.09022
5.057	0.174062
5.058	0.262048
5.059	0.10616
5.06	0.032201
5.061	0.011798
5.062	0.199246
5.063	0.033476
5.064	0.043358
5.065	0.189364
5.066	-0.065349
5.067	-0.020081
5.068	-0.142496
5.069	-0.005416
5.07	-0.278937
5.071	-0.361822
5.072	-0.106154
5.073	-0.285951
5.074	-0.118905
5.075	0.163542
5.076	-0.23622
5.077	-0.216455
5.078	-0.079694
5.079	-0.087345
5.08	-0.077144
5.081	0.093408
5.082	0.06918
5.083	0.208172
5.084	0.056748
5.085	0.260773
5.086	0.1747
5.087	-0.037295
5.088	0.02455
5.089	0.143139
5.09	0.12465
5.091	0.14027
5.092	0.088308
5.093	0.01913
5.094	0.194464
5.095	0.040808
5.096	0.013392
5.097	0.036983
5.098	-0.043352
5.099	0.113811
5.1	-0.008923
5.101	-0.440882
5.102	0.025187
5.103	-0.439926
5.104	-0.227931
5.105	-0.508147
5.106	-0.356403
5.107	-0.042077
5.108	0.043677
5.109	-0.335044
5.11	0.415066
5.111	-0.196371
5.112	-0.289138
5.113	-0.051959
5.114	-0.224743
5.115	0.267467
5.116	0.291695
5.117	-0.087026
5.118	0.375218
5.119	0.181394
5.12	-0.01753
5.121	0.131982
5.122	-0.193821
5.123	0.071093
5.124	0.172787
5.125	0.209129
5.126	0.144096
5.127	0.032201
5.128	-0.040483
5.129	0.146965
5.13	0.087351
5.131	-0.095315
5.132	0.130069
5.133	0.207216
5.134	-0.014024
5.135	-0.15174
5.136	-0.195096
5.137	0.081932
5.138	-0.351302
5.139	-0.154291
5.14	-0.133251
5.141	-0.083201
5.142	-0.117949
5.143	0.10361
5.144	-0.143771
5.145	-0.373618
5.146	-0.039527
5.147	0.096596
5.148	0.012436
5.149	0.073325
5.15	0.109029
5.151	0.106479
5.152	-0.0781
5.153	0.277987
5.154	-0.229206
5.155	-0.012748
5.156	0.18522
5.157	-0.042396
5.158	0.14569
5.159	0.123693
5.16	0.1747
5.161	0.10361
5.162	0.021681
5.163	0.09022
5.164	-0.05961
5.165	0.073962
5.166	0.13517
5.167	0.001597
5.168	-0.021356
5.169	-0.135163
5.17	-0.259172
5.171	-0.231438
5.172	-0.414741
5.173	-0.29137
5.174	-0.443751
5.175	0.109029
5.176	0.328675
5.177	0.545132
5.178	-0.301571
5.179	-0.011473
5.18	0.082888
5.181	-0.453634
5.182	0.331544
5.183	0.149196
5.184	0.001597
5.185	0.128794
5.186	0.26683
5.187	-0.001272
5.188	0.027419
5.189	0.015305
5.19	-0.184257
5.191	0.593907
5.192	0.125287
5.193	0.488707
5.194	0.124012
5.195	0.101378
5.196	0.211679
5.197	-0.14122
5.198	0.358003
5.199	-0.125281
5.2	0.099784
5.201	-0.108704
5.202	-0.149509
5.203	-0.156841
5.204	-0.300934
5.205	-0.248334
5.206	-0.359591
5.207	-0.414741
5.208	0.016899
5.209	-0.232394
5.21	0.26396
5.211	0.005104
5.212	0.259497
5.213	-0.630243
5.214	0.20881
5.215	-0.379993
5.216	0.035389
5.217	0.437382
5.218	-0.346202
5.219	-0.105835
5.22	-0.045584
5.221	-0.113167
5.222	0.377449
5.223	-0.085432
5.224	0.097234
5.225	0.214229
5.226	-0.153016
5.227	0.24834
5.228	0.005741
5.229	0.120824
5.23	0.250571
5.231	0.062486
5.232	0.035707
5.233	-0.079375
5.234	0.061211
5.235	-0.156841
5.236	0.150472
5.237	-0.233988
5.238	-0.303165
5.239	-0.328031
5.24	-0.414104
5.241	-0.069812
5.242	-0.255984
5.243	-0.263635
5.244	0.042083
5.245	0.005423
5.246	-0.187764
5.247	-0.022631
5.248	-0.029007
5.249	-0.068218
5.25	0.011798
5.251	0.070455
5.252	0.357684
5.253	-0.160348
5.254	0.157166
5.255	-0.062161
5.256	0.124968
5.257	0.286913
5.258	-0.013705
5.259	0.113492
5.26	-0.026138
5.261	0.191277
5.262	0.262048
5.263	0.161948
5.264	0.14569
5.265	-0.062798
5.266	0.287551
5.267	-0.019124
5.268	0.016899
5.269	0.174381
5.27	-0.315279
5.271	-0.139308
5.272	-0.42303
5.273	-0.223787
5.274	-0.337913
5.275	-0.357678
5.276	-0.568716
5.277	0.252165
5.278	-0.194777
5.279	-0.240683
5.28	-0.133251
5.281	-0.133888
5.282	-0.104878
5.283	-0.056741
5.284	0.112536
5.285	0.129113
5.286	0.092452
5.287	0.383506
5.288	0.050372
5.289	0.047503
5.29	0.151428
5.291	0.035389
5.292	0.157804
5.293	0.083845
5.294	0.25886
5.295	-0.036658
5.296	-0.059292
5.297	-0.028688
5.298	0.099147
5.299	-0.061523
5.3	-0.033789
5.301	0.079063
5.302	0.037939
5.303	0.313373
5.304	-0.284038
5.305	-0.085432
5.306	-0.158116
5.307	-0.378399
5.308	-0.20976
5.309	-0.044309
5.31	-0.227931
5.311	0.220924
5.312	0.130707
5.313	-0.23335
5.314	-0.137395
5.315	-0.139308
5.316	-0.170868
5.317	-0.079057
5.318	0.101059
5.319	0.057066
5.32	0.158122
5.321	0.292651
5.322	-0.060567
5.323	0.031563
5.324	0.15876
5.325	0.015624
5.326	0.023275
5.327	0.100422
5.328	0.242283
5.329	0.102972
5.33	0.018493
5.331	0.138039
5.332	0.038577
5.333	-0.254072
5.334	0.092452
5.335	0.132301
5.336	0.103291
5.337	0.137401
5.338	-0.274793
5.339	-0.038252
5.34	-0.328987
5.341	-0.465748
5.342	-0.2308
5.343	-0.108704
5.344	-0.57573
5.345	0.350352
5.346	-0.29137
5.347	0.204347
5.348	-0.414741
5.349	0.036983
5.35	-0.208485
5.351	-0.204341
5.352	0.007654
5.353	0.090539
5.354	-0.089258
5.355	0.507834
5.356	-0.023268
5.357	-0.033789
5.358	0.034751
5.359	-0.081288
5.36	0.130707
5.361	0.159716
5.362	0.264279
5.363	0.184901
5.364	-0.063117
5.365	0.20626
5.366	0.110942
5.367	0.05611
5.368	0.129113
5.369	0.370117
5.37	-0.107748
5.371	-0.100734
5.372	-0.030601
5.373	-0.257578
5.374	0.038895
5.375	-0.556602
5.376	-0.291051
5.377	-0.247377
5.378	-0.992387
5.379	0.351309
5.38	-0.170549
5.381	-0.188401
5.382	-0.100415
5.383	0.046546
5.384	-0.224743
5.385	-0.038889
5.386	0.102334
5.387	0.318473
5.388	-0.040483
5.389	0.316242
5.39	0.054835
5.391	0.141227
5.392	0.188407
5.393	-0.091489
5.394	0.146646
5.395	0.23782
5.396	0.186813
5.397	0.145371
5.398	-0.097865
5.399	0.202115
5.4	0.055472
5.401	-0.023268
5.402	0.088308
5.403	0.028375
5.404	-0.027094
5.405	-0.045584
5.406	-0.165767
5.407	-0.129425
5.408	-0.466704
5.409	-0.041758
5.41	-0.086389
5.411	-0.14122
5.412	0.048459
5.413	0.16928
5.414	0.251846
5.415	-0.240364
5.416	-0.15716
5.417	-0.003822
5.418	-0.39147
5.419	0.026463
5.42	0.233038
5.421	0.172787
5.422	-0.035064
5.423	0.277668
5.424	-0.006373
5.425	0.146327
5.426	0.070137
5.427	-0.110298
5.428	0.161629
5.429	0.130069
5.43	0.21933
5.431	0.155253
5.432	-0.154291
5.433	0.089902
5.434	0.05866
5.435	-0.0255
5.436	-0.003185
5.437	0.333138
5.438	0.031244
5.439	-0.077144
5.44	-0.185213
5.441	-0.25184
5.442	-0.099459
5.443	-0.382544
5.444	-0.277662
5.445	-0.178519
5.446	-0.224743
5.447	0.145052
5.448	-0.04654
5.449	-0.281488
5.45	0.070774
5.451	-0.153972
5.452	-0.093402
5.453	0.01658
5.454	0.201797
5.455	0.293927
5.456	-0.17023
5.457	0.386694
5.458	0.082888
5.459	-0.10711
5.46	0.180119
5.461	0.004466
5.462	0.177569
5.463	0.329312
5.464	0.009248
5.465	0.144733
5.466	-0.026775
5.467	0.038258
5.468	0.126562
5.469	0.016899
5.47	0.185857
5.471	0.129431
5.472	-0.046859
5.473	-0.047496
5.474	-0.241001
5.475	-0.12815
5.476	-0.437057
5.477	-0.124006
5.478	-0.402309
5.479	-0.474355
5.48	-0.025181
5.481	-0.409322
5.482	0.26141
5.483	-0.198602
5.484	-0.160985
5.485	-0.005735
5.486	-0.260766
5.487	0.159398
5.488	0.372986
5.489	-0.168636
5.49	0.328356
5.491	0.095002
5.492	-0.020081
5.493	0.214867
5.494	-0.066305
5.495	-0.005735
5.496	0.065992
5.497	0.151428
5.498	0.250252
5.499	0.087351
5.5	0.038258
5.501	-0.01243
5.502	0.069818
5.503	-0.011154
5.504	0.174381
5.505	0.181075
5.506	-0.099459
5.507	-0.085751
5.508	-0.264592
5.509	-0.126875
5.51	-0.597726
5.511	0.080019
5.512	-0.12815
5.513	-0.244508
5.514	0.020724
5.515	0.08512
5.516	-0.169274
5.517	-0.133251
5.518	0.027738
5.519	-0.266504
5.52	-0.092764
5.521	0.098828
5.522	0.021362
5.523	0.132301
5.524	0.025187
5.525	0.192233
5.526	-0.015618
5.527	0.112217
5.528	0.064717
5.529	0.072368
5.53	0.205622
5.531	0.142502
5.532	0.121781
5.533	0.045909
5.534	0.245152
5.535	-0.055785
5.536	-0.021993
5.537	0.042721
5.538	-0.032195
5.539	0.115086
5.54	-0.010198
5.541	-0.098184
5.542	-0.070449
5.543	-0.382544
5.544	-0.31241
5.545	-0.468935
5.546	-0.191589
5.547	0.099784
5.548	0.336007
5.549	-0.180431
5.55	0.364379
5.551	-0.276706
5.552	-0.238132
5.553	0.134213
5.554	-0.328668
5.555	0.339513
5.556	0.201478
5.557	-0.163536
5.558	0.391795
5.559	0.038258
5.56	0.071412
5.561	0.014667
5.562	-0.146321
5.563	0.143139
5.564	0.1798
5.565	0.132619
5.566	0.033157
5.567	-0.006691
5.568	0.168643
5.569	0.03252
5.57	0.162904
5.571	0.070455
5.572	0.193827
5.573	0.044315
5.574	-0.14664
5.575	-0.126237
5.576	0.072368
5.577	-0.401033
5.578	-0.318467
5.579	0.020087
5.58	-0.195733
5.581	-0.095952
5.582	-0.069812
5.583	-0.100415
5.584	-0.013386
5.585	-0.357359
5.586	-0.005735
5.587	-0.020718
5.588	0.035389
5.589	0.05611
5.59	0.147921
5.591	0.028694
5.592	-0.200515
5.593	0.177887
5.594	0.091814
5.595	0.086395
5.596	0.110304
5.597	0.011798
5.598	0.124012
5.599	0.052603
5.6	0.226662
5.601	0.079382
5.602	0.042402
5.603	0.005423
5.604	0.042402
5.605	-0.006373
5.606	-0.023587
5.607	0.140908
5.608	-0.104241
5.609	-0.124643
5.61	-0.161623
5.611	-0.34397
5.612	-0.496351
5.613	-0.307309
5.614	0.113492
5.615	-0.004779
5.616	-0.076187
5.617	0.450452
5.618	0.08512
5.619	-0.059929
5.62	0.181713
5.621	-0.315917
5.622	0.314967
5.623	0.204028
5.624	-0.134845
5.625	0.190639
5.626	0.247383
5.627	-0.04399
5.628	0.19287
5.629	0.048778
5.63	-0.226018
5.631	0.195102
5.632	0.020724
5.633	0.309547
5.634	0.347483
5.635	0.002872
5.636	0.045909
5.637	0.038258
5.638	-0.004141
5.639	0.230806
