0	-0.155885
0.001	-0.129744
0.002	-0.123368
0.003	-0.193502
0.004	0.096915
0.005	0.037939
0.006	0.099784
0.007	0.043677
0.008	0.12975
0.009	0.131025
0.01	0.201478
0.011	-0.258854
0.012	0.061211
0.013	0.407097
0.014	-0.061523
0.015	0.026463
0.016	0.181075
0.017	-0.097546
0.018	0.066949
0.019	-0.053235
0.02	0.255672
0.021	0.118593
0.022	0.302215
0.023	0.132301
0.024	-0.029644
0.025	0.046228
0.026	-0.192227
0.027	-0.275112
0.028	0.392114
0.029	-0.304122
0.03	-0.387007
0.031	0.089902
0.032	-0.248334
0.033	0.233675
0.034	0.227618
0.035	-0.711853
0.036	-0.042077
0.037	-0.130382
0.038	-0.134845
0.039	-0.095634
0.04	0.122418
0.041	0.080976
0.042	0.154297
0.043	0.093408
0.044	0.038577
0.045	-0.003822
0.046	0.09309
0.047	-0.044946
0.048	-0.140902
0.049	0.222518
0.05	0.225706
0.051	-0.005416
0.052	0.119549
0.053	0.107116
0.054	0.113811
0.055	0.010204
0.056	0.279262
0.057	-0.073318
0.058	0.245152
0.059	-0.169911
0.06	0.210085
0.061	-0.022631
0.062	-0.435781
0.063	0.030607
0.064	-0.285632
0.065	-0.252478
0.066	-0.180113
0.067	-0.458415
0.068	-0.015299
0.069	-0.153972
0.07	-0.211035
0.071	-0.006054
0.072	0.123374
0.073	-0.027094
0.074	-0.003504
0.075	0.080657
0.076	0.200203
0.077	0.068543
0.078	0.220286
0.079	-0.194139
0.08	0.039533
0.081	0.207216
0.082	-0.013386
0.083	0.276074
0.084	0.14569
0.085	0.015305
0.086	-0.057698
0.087	0.107435
0.088	0.146646
0.089	0.085439
0.09	0.402952
0.091	-0.126556
0.092	0.129431
0.093	-0.049728
0.094	-0.158754
0.095	-0.285951
0.096	-0.083201
0.097	-0.603146
0.098	-0.081288
0.099	-0.14122
0.1	-0.445983
0.101	0.073643
0.102	-0.540982
0.103	-0.127512
0.104	-0.439926
0.105	-0.100415
0.106	-0.157479
0.107	-0.146321
0.108	0.229212
0.109	0.132619
0.11	0.194464
0.111	0.004147
0.112	-0.040802
0.113	0.254078
0.114	3.128e-06
0.115	0.130707
0.116	0.225387
0.117	0.008929
0.118	0.108391
0.119	0.007654
0.12	-0.029325
0.121	0.203391
0.122	0.14824
0.123	0.017855
0.124	0.152065
0.125	0.121143
0.126	-0.01498
0.127	-0.157797
0.128	-0.021356
0.129	-0.179475
0.13	-0.317511
0.131	-0.087983
0.132	-0.242277
0.133	-0.228569
0.134	-0.303165
0.135	-0.138989
0.136	-0.205616
0.137	-0.162898
0.138	-0.04909
0.139	-0.06758
0.14	0.023275
0.141	0.102016
0.142	0.015624
0.143	0.133576
0.144	0.130069
0.145	0.054197
0.146	0.151428
0.147	0.080338
0.148	0.160673
0.149	0.06663
0.15	0.052285
0.151	0.201797
0.152	0.122737
0.153	0.1747
0.154	0.050372
0.155	0.011161
0.156	0.263004
0.157	0.083207
0.158	-0.626098
0.159	0.317517
0.16	0.019768
0.161	-0.042077
0.162	-0.110298
0.163	-0.393701
0.164	-0.072681
0.165	-0.175968
0.166	-0.248334
0.167	-0.362141
0.168	0.01403
0.169	0.116999
0.17	0.019449
0.171	0.011161
0.172	0.432919
0.173	-0.283082
0.174	-0.112211
0.175	0.119868
0.176	0.04814
0.177	0.227618
0.178	0.19032
0.179	0.222199
0.18	0.001278
0.181	0.270974
0.182	0.120187
0.183	-0.074275
0.184	0.42208
0.185	-0.043352
0.186	0.164179
0.187	-0.140902
0.188	0.123374
0.189	0.182988
0.19	0.102016
0.191	0.192552
0.192	0.130388
0.193	-0.081607
0.194	0.139633
0.195	0.015305
0.196	0.098509
0.197	-0.173737
0.198	-0.318786
0.199	-0.121137
0.2	-0.191589
0.201	-0.231119
0.202	-0.2834
0.203	-0.284038
0.204	-0.053553
0.205	0.016899
0.206	-0.210716
0.207	0.034432
0.208	-0.036976
0.209	0.026463
0.21	-0.004141
0.211	0.127838
0.212	0.16673
0.213	-0.093402
0.214	0.104885
0.215	0.133895
0.216	0.267148
0.217	0.247702
0.218	-0.142496
0.219	0.305084
0.22	0.22985
0.221	0.186813
0.222	0.087033
0.223	0.093408
0.224	0.162267
0.225	0.050053
0.226	0.10074
0.227	0.07715
0.228	0.009567
0.229	0.0271
0.23	-0.194777
0.231	0.033795
0.232	-0.489657
0.233	0.204347
0.234	-0.032832
0.235	-0.524405
0.236	0.324849
0.237	-0.124962
0.238	-0.050047
0.239	-0.163217
0.24	-0.205616
0.241	-0.016574
0.242	-0.20721
0.243	0.120824
0.244	0.14824
0.245	0.030288
0.246	0.218692
0.247	0.159398
0.248	-0.113167
0.249	0.026463
0.25	-0.035701
0.251	0.167686
0.252	-0.013386
0.253	0.059935
0.254	0.24037
0.255	0.03762
0.256	0.095959
0.257	0.05356
0.258	0.203709
0.259	0.067268
0.26	0.075237
0.261	-0.034107
0.262	-0.009561
0.263	0.03252
0.264	-0.078738
0.265	-0.092127
0.266	-0.34142
0.267	-0.253434
0.268	-0.264273
0.269	-0.122093
0.27	-0.343651
0.271	-0.029325
0.272	-0.347158
0.273	-0.028688
0.274	-0.221874
0.275	-0.019762
0.276	0.007016
0.277	0.044634
0.278	0.015943
0.279	0.204347
0.28	0.126881
0.281	0.152384
0.282	0.215504
0.283	-0.080013
0.284	0.103928
0.285	0.061211
0.286	-0.080969
0.287	0.299346
0.288	0.1272
0.289	-0.131019
0.29	0.169918
0.291	0.017218
0.292	0.297114
0.293	0.069499
0.294	-0.064392
0.295	0.03252
0.296	0.063761
0.297	0.124968
0.298	-0.128788
0.299	-0.11508
0.3	-0.334088
0.301	-0.17565
0.302	-0.260766
0.303	-0.209441
0.304	-0.136439
0.305	0.065992
0.306	-0.348752
0.307	-0.272561
0.308	-0.105835
0.309	-0.102009
0.31	-0.079375
0.311	0.021362
0.312	0.119549
0.313	0.177569
0.314	0.105203
0.315	0.089902
0.316	-0.19127
0.317	0.105203
0.318	-0.141858
0.319	0.013392
0.32	0.182988
0.321	-0.00701
0.322	0.191277
0.323	0.106479
0.324	0.323574
0.325	-0.166724
0.326	0.20084
0.327	0.084163
0.328	0.156847
0.329	0.225706
0.33	-0.105835
0.331	-0.002866
0.332	-0.062161
0.333	-0.336319
0.334	-0.359591
0.335	-0.37043
0.336	-0.050684
0.337	-0.358634
0.338	-0.034107
0.339	-0.137395
0.34	0.048778
0.341	-0.280212
0.342	-0.249609
0.343	-0.042077
0.344	-0.163536
0.345	0.080976
0.346	0.281175
0.347	-0.082244
0.348	0.214229
0.349	-0.093083
0.35	-0.184894
0.351	0.329312
0.352	0.021681
0.353	0.35099
0.354	0.234632
0.355	0.165455
0.356	0.06408
0.357	0.19287
0.358	0.089902
0.359	-0.14122
0.36	0.325168
0.361	-0.026138
0.362	0.357047
0.363	0.077788
0.364	-0.021993
0.365	-0.072043
0.366	-0.202109
0.367	-0.04654
0.368	-0.425261
0.369	-0.041758
0.37	-0.285632
0.371	-0.073
0.372	-0.285632
0.373	-0.074593
0.374	-0.25184
0.375	-0.087664
0.376	-0.123049
0.377	-0.060248
0.378	0.031244
0.379	0.082888
0.38	0.061848
0.381	0.16673
0.382	0.190639
0.383	0.290101
0.384	-0.213267
0.385	0.152384
0.386	0.153341
0.387	0.029969
0.388	0.089264
0.389	0.183944
0.39	-0.074912
0.391	0.131982
0.392	0.012755
0.393	0.114767
0.394	0.050372
0.395	0.042083
0.396	0.09022
0.397	0.141864
0.398	0.051328
0.399	0.017218
0.4	-0.288501
0.401	-0.063436
0.402	-0.360228
0.403	-0.37043
0.404	-0.245783
0.405	-0.578599
0.406	0.230488
0.407	0.044634
0.408	-0.076825
0.409	-0.23622
0.41	-0.135163
0.411	-0.103603
0.412	-0.003185
0.413	0.151109
0.414	0.068224
0.415	0.067268
0.416	-0.072043
0.417	0.059935
0.418	-0.049409
0.419	-0.166086
0.42	0.072687
0.421	0.104566
0.422	0.189045
0.423	0.191595
0.424	0.013711
0.425	0.251528
0.426	-0.027732
0.427	-0.068537
0.428	0.189683
0.429	0.117955
0.43	0.173424
0.431	-0.045584
0.432	0.025506
0.433	0.048459
0.434	-0.184576
0.435	0.043677
0.436	-0.54672
0.437	-0.171187
0.438	-0.251203
0.439	-0.289457
0.44	-0.194458
0.441	0.080338
0.442	0.008292
0.443	-0.360866
0.444	-0.026775
0.445	-0.041758
0.446	0.022318
0.447	0.094683
0.448	0.078425
0.449	0.072368
0.45	-0.076506
0.451	0.467667
0.452	-0.068537
0.453	0.113811
0.454	0.08767
0.455	-0.057379
0.456	-0.063755
0.457	0.193189
0.458	0.231444
0.459	0.061529
0.46	0.134213
0.461	0.029332
0.462	0.170874
0.463	-0.064392
0.464	0.317836
0.465	-0.147915
0.466	0.034432
0.467	0.018493
0.468	-0.364373
0.469	-0.190633
0.47	-0.262679
0.471	-0.052278
0.472	-0.24387
0.473	-0.310179
0.474	0.089902
0.475	-0.198921
0.476	-0.127194
0.477	-0.064073
0.478	0.016899
0.479	-0.208166
0.48	-0.068855
0.481	0.151109
0.482	0.241645
0.483	0.036664
0.484	0.062486
0.485	-0.329625
0.486	0.226343
0.487	-0.011792
0.488	-0.019124
0.489	0.144415
0.49	0.100103
0.491	0.044952
0.492	0.094683
0.493	-0.267461
0.494	0.16673
0.495	0.142502
0.496	0.040489
0.497	0.242283
0.498	-0.158116
0.499	0.165773
0.5	0.023275
0.501	0.047184
0.502	-0.369473
0.503	-0.214861
0.504	-0.277662
0.505	-0.221874
0.506	-0.182982
0.507	-0.250246
0.508	0.036345
0.509	-0.137395
0.51	-0.021675
0.511	-0.182663
0.512	-0.0781
0.513	-0.016255
0.514	-0.069174
0.515	0.152065
0.516	0.156529
0.517	0.04304
0.518	0.157166
0.519	-0.382544
0.52	0.222837
0.521	0.109985
0.522	0.166092
0.523	0.26396
0.524	-0.041439
0.525	0.25089
0.526	0.378406
0.527	0.027738
0.528	0.031244
0.529	-0.110298
0.53	0.09309
0.531	0.256628
0.532	-0.159391
0.533	0.052285
0.534	0.065992
0.535	-0.115717
0.536	-0.310497
0.537	-0.17023
0.538	-0.269692
0.539	-0.315279
0.54	-0.203065
0.541	-0.181069
0.542	-0.023268
0.543	-0.043352
0.544	-0.140902
0.545	-0.015299
0.546	-0.215179
0.547	-0.079057
0.548	0.05866
0.549	0.10074
0.55	0.25089
0.551	0.002553
0.552	0.145371
0.553	0.251209
0.554	0.001916
0.555	0.012755
0.556	0.116999
0.557	0.16928
0.558	0.059617
0.559	0.131982
0.56	0.204984
0.561	-0.105197
0.562	0.144415
0.563	0.170555
0.564	0.138039
0.565	0.176293
0.566	0.224431
0.567	-0.176606
0.568	0.156529
0.569	-0.091808
0.57	-0.20976
0.571	-0.225062
0.572	-0.387963
0.573	-0.002547
0.574	-0.200515
0.575	-0.289457
0.576	0.079382
0.577	-0.261404
0.578	-0.216773
0.579	-0.042715
0.58	0.020087
0.581	-0.131019
0.582	-0.065986
0.583	0.130069
0.584	0.201797
0.585	0.030607
0.586	0.190001
0.587	0.046865
0.588	-0.029007
0.589	0.034114
0.59	0.101059
0.591	0.002553
0.592	0.170236
0.593	0.002872
0.594	-0.14409
0.595	0.17725
0.596	0.081932
0.597	0.19829
0.598	0.031563
0.599	-0.073
0.6	0.209766
0.601	0.009886
0.602	0.110942
0.603	-0.184894
0.604	-0.340145
0.605	-0.077144
0.606	-0.446939
0.607	-0.154928
0.608	-0.235263
0.609	-0.334725
0.61	0.183944
0.611	-0.214223
0.612	-0.098503
0.613	-0.135163
0.614	-0.248652
0.615	-0.082244
0.616	0.093727
0.617	0.099465
0.618	0.107435
0.619	0.117317
0.62	0.107116
0.621	0.076831
0.622	0.088626
0.623	-0.007648
0.624	0.194464
0.625	-0.005735
0.626	0.35896
0.627	0.102334
0.628	-0.036339
0.629	0.326762
0.63	-0.175012
0.631	0.212635
0.632	0.088945
0.633	0.081613
0.634	0.392751
0.635	-0.110298
0.636	-0.130063
0.637	-0.146321
0.638	0.083845
0.639	-0.344927
0.64	-0.52568
0.641	0.095321
0.642	-0.233669
0.643	-0.123049
0.644	0.078106
0.645	-0.207529
0.646	-0.298065
0.647	-0.001591
0.648	0.096915
0.649	-0.095634
0.65	-0.055147
0.651	0.070137
0.652	0.220605
0.653	0.062805
0.654	0.352584
0.655	-0.016574
0.656	0.029332
0.657	0.102972
0.658	0.163861
0.659	0.054835
0.66	0.014986
0.661	0.303809
0.662	-0.944887
0.663	0.088626
0.664	0.161629
0.665	0.099147
0.666	0.052603
0.667	0.007654
0.668	-0.00701
0.669	0.026781
0.67	0.104247
0.671	-0.09914
0.672	-0.296152
0.673	-0.179156
0.674	-0.261723
0.675	-0.05451
0.676	-0.58625
0.677	0.065674
0.678	-0.046221
0.679	-0.061204
0.68	-0.185851
0.681	-0.120499
0.682	-0.098503
0.683	0.043677
0.684	0.093408
0.685	0.022956
0.686	0.132619
0.687	0.095002
0.688	-0.133569
0.689	0.14824
0.69	0.041764
0.691	0.009567
0.692	0.091814
0.693	0.2273
0.694	0.124968
0.695	0.109348
0.696	0.120824
0.697	-0.255666
0.698	0.155572
0.699	0.145371
0.7	-0.067899
0.701	0.233038
0.702	0.087033
0.703	-0.19924
0.704	-0.077144
0.705	-0.179475
0.706	-0.074593
0.707	-0.173418
0.708	-0.047815
0.709	-0.336319
0.71	-0.219324
0.711	-0.193183
0.712	0.026781
0.713	-0.073
0.714	-0.329625
0.715	-0.027094
0.716	-0.077463
0.717	0.0271
0.718	0.047503
0.719	0.052922
0.72	0.249296
0.721	0.165455
0.722	0.231125
0.723	-0.238132
0.724	-0.082882
0.725	0.010204
0.726	0.081294
0.727	0.04814
0.728	0.153978
0.729	0.121462
0.73	0.088308
0.731	-0.00446
0.732	-0.055147
0.733	0.060573
0.734	0.011798
0.735	-0.000316
0.736	0.213911
0.737	0.041127
0.738	0.007654
0.739	-0.334407
0.74	-0.275112
0.741	-0.241958
0.742	-0.41506
0.743	-0.042396
0.744	-0.53365
0.745	0.207854
0.746	-0.134207
0.747	0.095321
0.748	-0.134207
0.749	-0.113486
0.75	-0.129106
0.751	0.031244
0.752	0.099147
0.753	0.160035
0.754	-0.010836
0.755	0.067905
0.756	0.193508
0.757	-0.034426
0.758	0.117636
0.759	0.036983
0.76	0.130707
0.761	0.155891
0.762	0.372667
0.763	-0.014661
0.764	0.062805
0.765	0.24834
0.766	-0.097228
0.767	0.162586
0.768	-0.064073
0.769	0.154616
0.77	-0.04654
0.771	-0.124643
0.772	-0.083201
0.773	-0.302209
0.774	-0.119224
0.775	-0.266504
0.776	-0.215498
0.777	-0.244508
0.778	-0.146959
0.779	0.012117
0.78	-0.164811
0.781	-0.148871
0.782	-0.337594
0.783	-0.119543
0.784	-0.000316
0.785	-0.092446
0.786	0.087033
0.787	0.095321
0.788	0.157804
0.789	0.153022
0.79	0.262048
0.791	-0.155247
0.792	-0.085114
0.793	0.087033
0.794	0.095959
0.795	-0.024544
0.796	0.073006
0.797	0.504327
0.798	0.373624
0.799	0.0746
0.8	0.07715
0.801	0.203391
0.802	-0.155247
0.803	0.179163
0.804	0.205303
0.805	-0.010198
0.806	-0.031876
0.807	-0.268417
0.808	-0.220918
0.809	-0.394976
0.81	-0.343333
0.811	-0.017849
0.812	0.004466
0.813	-0.121774
0.814	-0.12815
0.815	-0.34397
0.816	0.136445
0.817	-0.407409
0.818	0.049097
0.819	-0.167999
0.82	0.084482
0.821	0.34844
0.822	-0.046221
0.823	0.093727
0.824	0.152703
0.825	0.04304
0.826	0.159398
0.827	0.006379
0.828	0.141227
0.829	0.248977
0.83	0.326124
0.831	0.020087
0.832	-0.207847
0.833	-0.076825
0.834	0.171512
0.835	0.203072
0.836	-0.003185
0.837	0.131025
0.838	0.144415
0.839	-0.165448
0.84	-0.14919
0.841	-0.014661
0.842	-0.219324
0.843	-0.314642
0.844	-0.000634
0.845	-0.200196
0.846	-0.05706
0.847	-0.268736
0.848	0.098509
0.849	-0.22028
0.85	-0.252159
0.851	0.052285
0.852	-0.008285
0.853	0.068543
0.854	0.012755
0.855	0.147602
0.856	0.066311
0.857	0.11126
0.858	-0.131976
0.859	0.233675
0.86	0.303809
0.861	0.200521
0.862	0.111579
0.863	0.095321
0.864	0.206578
0.865	0.297752
0.866	0.153978
0.867	-0.008923
0.868	0.127519
0.869	0.093408
0.87	0.110304
0.871	0.052922
0.872	-0.106154
0.873	-0.112529
0.874	-0.250565
0.875	-0.362141
0.876	-0.396889
0.877	-0.66531
0.878	-0.194139
0.879	-0.213904
0.88	0.038895
0.881	0.357047
0.882	0.146008
0.883	-0.145046
0.884	0.180438
0.885	-0.094996
0.886	-0.229206
0.887	0.080976
0.888	0.176931
0.889	-0.017849
0.89	0.431962
0.891	-0.118586
0.892	-0.203384
0.893	0.070455
0.894	-0.021675
0.895	-0.172781
0.896	0.247065
0.897	0.150153
0.898	0.127519
0.899	0.142183
0.9	0.086076
0.901	0.210085
0.902	-0.016255
0.903	0.15621
0.904	0.096596
0.905	0.049734
0.906	0.052603
0.907	0.063123
0.908	-0.087345
0.909	-0.530781
0.91	-0.308266
0.911	-0.232713
0.912	-0.125919
0.913	-0.205935
0.914	-0.298383
0.915	-0.072043
0.916	-0.17565
0.917	-0.22028
0.918	-0.042715
0.919	0.088626
0.92	-0.00191
0.921	0.055154
0.922	0.036983
0.923	0.152065
0.924	0.073006
0.925	0.022
0.926	0.249296
0.927	-0.020399
0.928	0.149834
0.929	0.362466
0.93	0.09564
0.931	0.29839
0.932	0.161629
0.933	0.170874
0.934	0.233357
0.935	0.075237
0.936	0.186813
0.937	0.021681
0.938	0.293289
0.939	0.051328
0.94	0.006379
0.941	-0.028688
0.942	-0.245146
0.943	-0.213267
0.944	-0.258854
0.945	-0.698464
0.946	0.17725
0.947	-0.627692
0.948	0.332819
0.949	0.233994
0.95	-0.771147
0.951	0.224749
0.952	-0.226975
0.953	-0.141858
0.954	-0.073956
0.955	0.002553
0.956	0.189045
0.957	0.160992
0.958	-0.076187
0.959	0.186176
0.96	0.138039
0.961	0.127519
0.962	-0.037295
0.963	0.080976
0.964	0.250571
0.965	0.082569
0.966	0.051009
0.967	-0.010198
0.968	0.182669
0.969	0.233994
0.97	0.050691
0.971	0.178206
0.972	0.219649
0.973	0.14027
0.974	0.041764
0.975	0.016261
0.976	-0.123687
0.977	-0.3835
0.978	-0.132932
0.979	-0.368836
0.98	-0.174693
0.981	-0.282444
0.982	-0.242277
0.983	-0.255984
0.984	-0.016255
0.985	-0.38605
0.986	-0.016893
0.987	-0.005735
0.988	0.007016
0.989	-0.009879
0.99	0.057066
0.991	0.249934
0.992	0.00351
0.993	-0.118586
0.994	-0.055466
0.995	-0.01243
0.996	0.335688
0.997	-0.062161
0.998	-0.025819
0.999	0.073962
1	-0.037295
1.001	0.38
1.002	-0.227293
1.003	0.202434
1.004	0.051328
1.005	0.127838
1.006	0.167049
1.007	0.114767
1.008	0.097553
1.009	-0.154291
1.01	-0.345883
1.011	-0.252159
1.012	-0.171505
1.013	-0.413785
1.014	0.244196
1.015	-0.043352
1.016	0.046228
1.017	0.20881
1.018	-0.81004
1.019	0.05356
1.02	-0.072362
1.021	0.010523
1.022	-0.213904
1.023	0.173743
1.024	0.062167
1.025	0.09022
1.026	0.275437
1.027	-0.568716
1.028	0.138039
1.029	0.254078
1.03	0.039852
1.031	0.326443
1.032	0.110623
1.033	0.288188
1.034	0.010523
1.035	-0.113167
1.036	0.409328
1.037	0.096596
1.038	-0.204659
1.039	0.241326
1.04	0.018174
1.041	0.09819
1.042	-0.069174
1.043	0.033476
1.044	0.142183
1.045	-0.32835
1.046	-0.09659
1.047	-0.187764
1.048	-0.313366
1.049	-0.215817
1.05	-0.341739
1.051	-0.250565
1.052	-0.175968
1.053	-0.303484
1.054	-0.108385
1.055	0.081294
1.056	-0.014661
1.057	-0.008604
1.058	0.042083
1.059	0.21678
1.06	0.097553
1.061	0.1798
1.062	0.017855
1.063	0.319748
1.064	0.272249
1.065	0.086076
1.066	0.182669
1.067	0.312735
1.068	0.156529
1.069	0.01403
1.07	0.201159
1.071	0.03762
1.072	0.075237
1.073	0.082569
1.074	0.055154
1.075	-0.144408
1.076	-0.053872
1.077	-0.065986
1.078	-0.339507
1.079	-0.085751
1.08	-0.245783
1.081	-0.513566
1.082	0.347164
1.083	-0.502727
1.084	-0.022312
1.085	0.197015
1.086	-0.509422
1.087	0.338557
1.088	-0.388282
1.089	-0.164811
1.09	0.031882
1.091	-0.090533
1.092	-0.062161
1.093	0.175337
1.094	0.224431
1.095	-0.25439
1.096	0.262366
1.097	-0.027413
1.098	-0.037933
1.099	0.398489
1.1	0.024231
1.101	0.070455
1.102	-0.04399
1.103	0.150472
1.104	0.405184
1.105	0.090539
1.106	0.113173
1.107	0.113811
1.108	-0.055785
1.109	0.213273
1.11	-0.241001
1.111	0.13517
1.112	-0.126556
1.113	-0.46511
1.114	-0.194777
1.115	-0.229206
1.116	-0.153016
1.117	-0.252478
1.118	-0.243233
1.119	-0.131657
1.12	-0.138989
1.121	-0.179794
1.122	0.033476
1.123	0.040171
1.124	-0.027094
1.125	0.064717
1.126	0.03762
1.127	0.136764
1.128	0.159716
1.129	0.582749
1.13	0.232082
1.131	0.117955
1.132	0.168643
1.133	0.109985
1.134	0.256628
1.135	0.105203
1.136	0.375218
1.137	-0.134207
1.138	0.083526
1.139	0.152065
1.14	0.164179
1.141	0.001597
1.142	0.122737
1.143	0.24834
1.144	-0.333769
1.145	-0.104878
1.146	-0.244189
1.147	0.157485
1.148	-0.19924
1.149	-0.504002
1.15	-0.249927
1.151	-0.45714
1.152	0.579243
1.153	0.062805
1.154	-0.165767
1.155	-0.093083
1.156	-0.280212
1.157	-0.030282
1.158	0.082569
1.159	0.110942
1.16	0.152065
1.161	0.180438
1.162	0.081294
1.163	0.171193
1.164	0.363423
1.165	-0.315279
1.166	0.136445
1.167	0.453959
1.168	0.005104
1.169	0.182032
1.17	-0.158435
1.171	0.297114
1.172	0.328993
1.173	-0.045902
1.174	0.173424
1.175	0.229531
1.176	-0.066943
1.177	0.18235
1.178	-0.013705
1.179	-0.020081
1.18	-0.269374
1.181	-0.398483
1.182	0.042402
1.183	-0.356722
1.184	-0.233669
1.185	-0.267142
1.186	-0.179794
1.187	-0.105197
1.188	-0.210716
1.189	-0.072681
1.19	0.019768
1.191	-0.018487
1.192	0.101378
1.193	-0.01243
1.194	0.132619
1.195	0.129431
1.196	-0.014342
1.197	0.195421
1.198	0.157485
1.199	0.197971
1.2	0.230806
1.201	-0.063117
1.202	-0.014342
1.203	0.307635
1.204	0.154616
1.205	0.223474
1.206	0.034432
1.207	0.215823
1.208	0.015624
1.209	0.065674
1.21	0.080976
1.211	-0.023906
1.212	-0.050047
1.213	0.014667
1.214	-0.411235
1.215	-0.116674
1.216	-0.424624
1.217	-0.077144
1.218	0.044952
1.219	-0.306353
1.22	0.593588
1.221	-0.566485
1.222	-0.19127
1.223	0.124331
1.224	-0.386688
1.225	0.006698
1.226	-0.031238
1.227	0.015624
1.228	0.143777
1.229	0.041446
1.23	-0.080332
1.231	0.046865
1.232	0.056748
1.233	0.083526
1.234	0.15621
1.235	0.044315
1.236	0.306678
1.237	0.003191
1.238	0.008292
1.239	0.29042
1.24	0.104566
1.241	0.265873
1.242	-0.021037
1.243	0.084482
1.244	0.017855
1.245	0.090539
1.246	-0.053872
1.247	-0.021356
1.248	-0.338551
1.249	-0.26778
1.25	-0.101372
1.251	-0.395295
1.252	-0.156522
1.253	-0.386369
1.254	-0.048453
1.255	-0.25439
1.256	-0.164173
1.257	-0.090533
1.258	0.039852
1.259	-0.124325
1.26	0.155253
1.261	0.026463
1.262	0.170236
1.263	0.091814
1.264	0.030607
1.265	0.223155
1.266	-0.049409
1.267	0.163223
1.268	0.193508
1.269	-0.110298
1.27	0.293608
1.271	0.31401
1.272	0.01658
1.273	0.004147
1.274	0.187132
1.275	0.177569
1.276	0.07715
1.277	0.356728
1.278	0.05611
1.279	-0.061842
1.28	-0.027094
1.281	-0.196371
1.282	-0.293602
1.283	-0.074593
1.284	-0.474674
1.285	0.452365
1.286	0.500821
1.287	-0.018487
1.288	0.207535
1.289	0.409647
1.29	-0.649051
1.291	-0.008285
1.292	-0.077463
1.293	-0.135482
1.294	0.243877
1.295	0.223793
1.296	0.052922
1.297	0.312735
1.298	0.458103
1.299	-0.065349
1.3	0.11923
1.301	0.146965
1.302	0.097553
1.303	0.285957
1.304	0.367886
1.305	-0.185213
1.306	0.039852
1.307	0.236545
1.308	0.228894
1.309	0.123374
1.31	-0.055147
1.311	0.109985
1.312	0.001597
1.313	0.174062
1.314	-0.189358
1.315	-0.044946
1.316	-0.35194
1.317	-0.297108
1.318	-0.066943
1.319	-0.402627
1.32	-0.024225
1.321	-0.401033
1.322	-0.150465
1.323	-0.222193
1.324	0.003191
1.325	-0.197646
1.326	0.052603
1.327	-0.023587
1.328	0.050372
1.329	0.002553
1.33	0.114448
1.331	0.078744
1.332	-0.155247
1.333	0.10616
1.334	0.323255
1.335	0.073006
1.336	0.131982
1.337	0.187451
1.338	0.344933
1.339	-0.091171
1.34	0.040489
1.341	0.19574
1.342	0.031244
1.343	0.021681
1.344	-0.014661
1.345	0.022
1.346	0.186495
1.347	-0.069812
1.348	0.005423
1.349	-0.252159
1.35	-0.229525
1.351	-0.331219
1.352	-0.518985
1.353	-0.04654
1.354	-0.460647
1.355	0.070774
1.356	-0.240683
1.357	-0.521854
1.358	-0.064392
1.359	-0.184894
1.36	0.093408
1.361	0.020724
1.362	0.002872
1.363	0.19032
1.364	0.153022
1.365	0.344614
1.366	0.088945
1.367	0.105203
1.368	0.106479
1.369	0.139314
1.37	0.18522
1.371	-0.086389
1.372	0.052603
1.373	-0.045902
1.374	0.01403
1.375	0.268105
1.376	0.302215
1.377	0.136126
1.378	-0.146321
1.379	-0.020399
1.38	0.063123
1.381	-0.076506
1.382	-0.031876
1.383	-0.056423
1.384	-0.396889
1.385	-0.347796
1.386	-0.233669
1.387	-0.397527
1.388	-0.114761
1.389	-0.328031
1.39	-0.065986
1.391	-0.299659
1.392	-0.2308
1.393	-0.030282
1.394	0.076831
1.395	-0.084795
