4.568	0.047821
4.569	0.01913
4.57	0.049097
4.571	-0.071406
4.572	-0.068537
4.573	-0.032832
4.574	-0.118268
4.575	0.077788
4.576	-0.018805
4.577	-0.042396
4.578	-0.074593
4.579	-0.007329
4.58	-0.05451
4.581	-0.022312
4.582	-0.004779
4.583	-0.006373
4.584	-0.089895
4.585	-0.025181
4.586	-0.05706
4.587	-0.051003
4.588	-0.082563
4.589	-0.015299
4.59	-0.029644
4.591	0.020406
4.592	-0.016574
4.593	-0.029644
4.594	-0.056104
4.595	0.022956
4.596	-0.003504
4.597	0.028694
4.598	0.025187
4.599	-0.05706
4.6	0.024869
4.601	0.041764
4.602	0.046228
4.603	0.051328
4.604	0.019449
4.605	-0.065986
4.606	0.065355
4.607	0.007016
4.608	-0.072681
4.609	-0.030282
4.61	0.060573
4.611	-0.042715
4.612	-0.048453
4.613	-0.052916
4.614	-0.051959
4.615	0.045909
4.616	-0.099459
4.617	0.016899
4.618	0.007973
4.619	0.003829
4.62	-0.030601
4.621	-0.050684
4.622	0.007016
4.623	-0.023906
4.624	0.031563
4.625	0.031563
4.626	-0.06248
4.627	0.084482
4.628	0.029013
4.629	-0.131019
4.63	-0.017849
4.631	0.09022
4.632	0.055472
4.633	0.000322
4.634	-0.009242
4.635	0.083845
4.636	-0.011792
4.637	0.038895
4.638	0.030288
4.639	-0.093083
4.64	0.017537
4.641	0.162904
4.642	0.01913
4.643	-0.076825
4.644	0.030926
4.645	0.006698
4.646	-0.040483
4.647	-0.0781
4.648	-0.070449
4.649	0.061529
4.65	-0.057379
4.651	-0.058973
4.652	-0.019124
4.653	0.004466
4.654	-0.047815
4.655	-0.071087
4.656	-0.007329
4.657	0.007654
4.658	0.012436
4.659	0.01403
4.66	-0.113167
4.661	0.04304
4.662	0.065036
4.663	-0.011792
4.664	0.016899
4.665	0.020406
4.666	0.076512
4.667	-0.05706
4.668	-0.00446
4.669	0.059617
4.67	-0.014661
4.671	0.02455
4.672	-0.039527
4.673	-0.092446
4.674	-0.026138
4.675	-0.088301
4.676	0.096277
4.677	-0.018805
4.678	-0.020718
4.679	-0.062161
4.68	-0.003822
4.681	-0.058973
4.682	-0.075231
4.683	0.029651
4.684	-0.028688
4.685	-0.063117
4.686	-0.006054
4.687	-0.036339
4.688	-0.036339
4.689	-0.071087
4.69	0.006698
4.691	-0.002866
4.692	0.031563
4.693	0.008929
4.694	-0.021037
4.695	0.008292
4.696	-0.02295
4.697	0.065355
4.698	0.007654
4.699	-0.003822
4.7	-0.037295
4.701	-0.055466
4.702	3.128e-06
4.703	0.049097
4.704	0.070455
4.705	0.038258
4.706	-0.042396
4.707	0.013711
4.708	0.043358
4.709	-0.048134
4.71	-0.002547
4.711	0.082569
4.712	-0.016255
4.713	-0.061204
4.714	-0.0255
4.715	-0.071087
4.716	0.050372
4.717	-0.063436
4.718	0.028375
4.719	-0.006054
4.72	0.0271
4.721	-0.028369
4.722	-0.045902
4.723	-0.02295
4.724	0.001597
4.725	0.020724
4.726	0.049734
4.727	-0.044946
4.728	0.06918
4.729	0.049415
4.73	-0.088939
4.731	-0.066305
4.732	0.056429
4.733	0.019449
4.734	-0.029325
4.735	-0.009561
4.736	0.046228
4.737	-0.009242
4.738	0.032838
4.739	-0.000634
4.74	-0.108385
4.741	0.01913
4.742	0.082569
4.743	-0.037614
4.744	-0.078738
4.745	0.045909
4.746	-0.007329
4.747	-0.055147
4.748	-0.082882
4.749	-0.06248
4.75	0.05356
4.751	-0.065349
4.752	-0.053235
4.753	-0.017211
4.754	0.011798
4.755	-0.032832
4.756	-0.070768
4.757	-0.002547
4.758	0.006379
4.759	-0.002228
4.76	0.021362
4.761	-0.114761
4.762	0.057066
4.763	0.122737
4.764	-0.047496
4.765	-0.050366
4.766	-0.001591
4.767	0.055791
4.768	-0.033151
4.769	-0.006691
4.77	0.089264
4.771	-0.026775
4.772	0.007973
4.773	-0.029007
4.774	-0.090852
4.775	-0.041758
4.776	0.012117
4.777	0.094365
4.778	-0.074275
4.779	0.008292
4.78	-0.029325
4.781	-0.009879
4.782	-0.07013
4.783	-0.052597
4.784	0.041127
4.785	-0.030919
4.786	-0.067899
4.787	-0.029325
4.788	-0.002228
4.789	-0.013386
4.79	-0.052597
4.791	0.000322
4.792	0.005104
4.793	0.003191
4.794	0.01913
4.795	-0.047496
4.796	0.020087
4.797	-0.024862
4.798	0.135488
4.799	-0.016893
4.8	0.066311
4.801	0.009886
4.802	-0.046221
4.803	0.014986
4.804	0.053241
4.805	0.054197
4.806	0.019768
4.807	-0.038889
4.808	0.000322
4.809	0.046228
4.81	-0.123368
4.811	-0.008285
4.812	0.038577
4.813	-0.043671
4.814	-0.073
4.815	-0.01498
4.816	-0.051641
4.817	-0.005097
4.818	-0.059292
4.819	0.011161
4.82	-0.021356
4.821	-0.014024
4.822	-0.065667
4.823	-0.050366
4.824	-0.049409
4.825	-0.004141
4.826	0.004785
4.827	0.024869
4.828	-0.013705
4.829	0.029332
4.83	0.009567
4.831	-0.133251
4.832	-0.069812
4.833	0.087989
4.834	-0.000316
4.835	-0.038252
4.836	-0.000316
4.837	0.031882
4.838	0.017855
4.839	0.03252
4.84	0.049734
4.841	-0.050366
4.842	0.050372
4.843	0.055154
4.844	-0.061842
4.845	-0.022631
4.846	0.073643
4.847	-0.035064
4.848	-0.063755
4.849	-0.074593
4.85	-0.071087
4.851	0.039214
4.852	-0.070449
4.853	-0.023268
4.854	0.009248
4.855	0.029332
4.856	-0.038889
4.857	-0.080969
4.858	-0.001591
4.859	0.020406
4.86	0.021681
4.861	0.023912
4.862	-0.103603
4.863	0.049734
4.864	0.04559
4.865	0.052922
4.866	-0.055147
4.867	0.011798
4.868	0.109029
4.869	-0.011473
4.87	-0.015299
4.871	0.110942
4.872	-0.016574
4.873	0.046228
4.874	0.013073
4.875	-0.106472
4.876	-0.042715
4.877	0.098509
4.878	0.093727
4.879	-0.077781
4.88	0.051009
4.881	-0.003504
4.882	0.021362
4.883	-0.087983
4.884	-0.058016
4.885	0.028375
4.886	-0.027732
4.887	-0.083201
4.888	-0.030919
4.889	-0.00191
4.89	0.010204
4.891	-0.051003
4.892	0.017218
4.893	0.023594
4.894	0.010204
4.895	0.011798
4.896	-0.059292
4.897	-0.000316
4.898	0.078425
4.899	0.110942
4.9	-0.006373
4.901	0.017537
4.902	0.024869
4.903	-0.047496
4.904	-0.026456
4.905	0.074281
4.906	0.047184
4.907	0.040489
4.908	-0.059292
4.909	-0.040483
4.91	0.021043
4.911	-0.125281
4.912	0.076194
4.913	0.038258
4.914	-0.047815
4.915	-0.062161
4.916	-0.004779
4.917	-0.024544
4.918	-0.018168
4.919	-0.044946
4.92	0.020087
4.921	-0.055147
4.922	-0.014024
4.923	-0.075869
4.924	-0.014342
4.925	-0.029325
4.926	-0.005416
4.927	0.014349
4.928	0.004147
4.929	-0.008923
4.93	0.01913
4.931	0.03507
4.932	-0.029644
4.933	-0.043671
4.934	0.025506
4.935	-0.003822
4.936	-0.063755
4.937	-0.004779
4.938	0.01403
4.939	0.028375
4.94	0.012117
4.941	0.014986
4.942	-0.064711
4.943	0.042721
4.944	0.049415
4.945	-0.080969
4.946	-0.037295
4.947	0.081613
4.948	-0.03857
4.949	-0.056104
4.95	-0.026775
4.951	-0.039208
4.952	0.034114
4.953	-0.035701
4.954	-0.007648
4.955	0.008929
4.956	0.007016
4.957	-0.044309
4.958	-0.05706
4.959	-0.003504
4.96	0.017855
4.961	0.005423
4.962	0.029969
4.963	-0.103922
4.964	0.073643
4.965	0.138676
4.966	-0.031557
4.967	-0.06758
4.968	0.03507
4.969	0.060254
4.97	-0.022312
4.971	-0.026456
4.972	0.091177
4.973	-0.030601
4.974	0.020087
4.975	0.012117
4.976	-0.101372
4.977	-0.006691
4.978	0.105203
4.979	0.04814
4.98	-0.10456
4.981	0.040171
4.982	-0.000953
4.983	-0.016893
4.984	-0.082882
4.985	-0.071406
4.986	0.028057
4.987	-0.033151
4.988	-0.064711
4.989	-0.025819
4.99	0.029013
4.991	-0.018487
4.992	-0.08607
4.993	0.00351
4.994	0.017218
4.995	-0.008923
4.996	0.076512
4.997	-0.094677
4.998	-0.004779
4.999	0.062805
5	0.088626
5.001	-0.029644
5.002	0.005741
5.003	0.067586
5.004	-0.048453
5.005	-0.01243
5.006	0.083207
5.007	0.057066
5.008	0.039214
5.009	-0.058654
5.01	-0.077463
5.011	0.005423
5.012	-0.064711
5.013	0.084801
5.014	0.007973
5.015	-0.080013
5.016	-0.058973
5.017	0.013711
5.018	-0.043671
5.019	-0.074912
5.02	0.008292
5.021	0.034114
5.022	-0.087345
5.023	-0.003822
5.024	-0.053872
5.025	-0.01753
5.026	-0.071406
5.027	0.01403
5.028	-0.011473
5.029	0.012436
5.03	0.022
5.031	-0.02295
5.032	-0.000634
5.033	0.021681
5.034	0.061529
5.035	0.033476
5.036	0.034751
5.037	-0.012748
5.038	-0.008604
5.039	0.014667
5.04	0.066311
5.041	0.033157
5.042	0.015305
5.043	-0.060248
5.044	0.073006
5.045	0.020724
5.046	-0.071087
5.047	-0.040483
5.048	0.082888
5.049	-0.048134
5.05	-0.051003
5.051	-0.018805
5.052	-0.061523
5.053	-0.000634
5.054	-0.023268
5.055	0.001597
5.056	-0.030282
5.057	0.011161
5.058	-0.024862
5.059	-0.040164
5.06	-0.035382
5.061	0.030607
5.062	0.012436
5.063	0.005423
5.064	-0.031238
5.065	0.071412
5.066	0.076831
5.067	-0.061523
5.068	-0.045265
5.069	0.110623
5.07	0.043358
5.071	-0.026456
5.072	0.014667
5.073	0.085757
5.074	0.000641
5.075	0.016899
5.076	-0.00701
5.077	-0.08065
5.078	0.026144
5.079	0.081294
5.08	0.046865
5.081	-0.091808
5.082	0.065674
5.083	0.001597
5.084	-0.040802
5.085	-0.075231
5.086	-0.062798
5.087	0.016899
5.088	-0.040802
5.089	-0.04399
5.09	-0.037614
5.091	0.030288
5.092	-0.034107
5.093	-0.076825
5.094	-0.000634
5.095	0.044952
5.096	0.000322
5.097	0.033157
5.098	-0.11508
5.099	0.030926
5.1	0.066311
5.101	0.073006
5.102	-0.032832
5.103	-0.030919
5.104	0.105203
5.105	0.00861
5.106	-0.041121
5.107	0.083207
5.108	0.002553
5.109	0.02455
5.11	-0.055147
5.111	-0.076187
5.112	-0.045584
5.113	-0.022631
5.114	0.101378
5.115	-0.043671
5.116	-0.036976
5.117	-0.026775
5.118	0.017855
5.119	-0.061204
5.12	-0.066943
5.121	0.034114
5.122	0.020724
5.123	-0.085432
5.124	0.006379
5.125	-0.039208
5.126	-0.026456
5.127	-0.077781
5.128	-0.000953
5.129	0.002872
5.13	0.013711
5.131	0.024231
5.132	-0.021993
5.133	-0.015618
5.134	0.097553
5.135	0.093727
5.136	-0.001272
5.137	0.021681
5.138	-0.027732
5.139	-0.002547
5.14	-0.000634
5.141	0.06663
5.142	0.049734
5.143	0.049415
5.144	-0.05706
5.145	0.022318
5.146	0.001278
5.147	-0.090214
5.148	0.004147
5.149	0.067905
5.15	-0.063755
5.151	-0.066624
5.152	-0.011473
5.153	-0.050366
5.154	0.005104
5.155	-0.068218
5.156	0.020406
5.157	-0.026775
5.158	-0.026775
5.159	-0.043671
5.16	-0.03347
5.161	-0.04654
5.162	0.007654
5.163	-0.010517
5.164	0.04559
5.165	-0.033151
5.166	0.062167
5.167	0.041446
5.168	-0.11508
5.169	-0.066305
5.17	0.038577
5.171	0.035389
5.172	-0.049728
5.173	-0.005735
5.174	0.034432
5.175	0.015305
5.176	0.019768
5.177	-0.004779
5.178	-0.066624
5.179	0.028694
5.18	0.082251
5.181	-0.016893
5.182	-0.09404
5.183	0.03762
5.184	-0.007329
5.185	-0.060886
5.186	-0.067261
5.187	-0.08607
5.188	0.050372
5.189	-0.043671
5.19	-0.04654
5.191	-0.020081
5.192	-0.00446
5.193	-0.010198
5.194	-0.081607
5.195	0.008929
5.196	0.01658
5.197	-0.00191
5.198	0.034114
5.199	-0.138351
5.2	0.070774
5.201	0.104885
5.202	-0.021993
5.203	-0.062161
5.204	0.026463
5.205	0.095321
5.206	-0.006373
5.207	-0.037614
5.208	0.090539
5.209	-0.019443
5.21	0.021362
5.211	-0.017849
5.212	-0.103922
5.213	-0.074593
5.214	0.045271
5.215	0.062805
5.216	-0.039845
5.217	-0.031876
5.218	-0.034107
5.219	0.014349
5.22	-0.089258
5.221	-0.041439
5.222	0.028057
5.223	-0.025819
5.224	-0.098503
5.225	-0.023906
5.226	0.004466
5.227	-0.013067
5.228	-0.065986
5.229	-0.003504
5.23	0.010842
5.231	0.013711
5.232	0.029969
5.233	-0.053872
5.234	0.014667
5.235	-0.019124
5.236	0.146646
5.237	-0.033789
5.238	0.055154
5.239	0.01658
5.24	-0.03347
5.241	0.015943
5.242	0.056429
5.243	0.048778
5.244	0.049097
5.245	-0.060886
5.246	-0.006373
5.247	0.013392
5.248	-0.142814
5.249	0.040171
5.25	0.044315
5.251	-0.050366
5.252	-0.065349
5.253	-0.039208
5.254	-0.049409
5.255	0.004466
5.256	-0.049728
5.257	0.058023
5.258	-0.060248
5.259	-0.001591
5.26	-0.042077
5.261	-0.048134
5.262	-0.044946
5.263	-0.016893
5.264	0.00606
5.265	0.040489
5.266	-0.001272
5.267	0.033157
5.268	-0.045265
5.269	-0.042077
5.27	-0.04654
5.271	0.044315
5.272	0.022956
5.273	-0.083201
5.274	-0.00701
5.275	0.026781
5.276	0.021681
5.277	0.0271
5.278	0.007654
5.279	-0.06248
5.28	0.055154
5.281	0.060254
5.282	-0.030601
5.283	-0.036976
5.284	0.022318
5.285	-0.024225
5.286	-0.026775
5.287	-0.063117
5.288	-0.075869
5.289	0.057704
5.29	-0.077463
5.291	-0.008604
5.292	0.013392
5.293	0.020406
5.294	-0.019762
5.295	-0.076187
5.296	-0.017849
5.297	-0.016574
5.298	0.027738
5.299	0.028057
5.3	-0.065667
5.301	0.075237
5.302	0.005104
5.303	-0.023268
5.304	-0.044627
5.305	0.034114
5.306	0.063442
5.307	-0.009879
5.308	-0.061842
5.309	0.092133
5.31	-0.018805
5.311	0.044634
5.312	3.128e-06
5.313	-0.125919
5.314	-0.056104
5.315	0.12465
5.316	0.05611
5.317	-0.069493
5.318	0.019768
5.319	0.000322
5.32	0.012436
5.321	-0.084157
5.322	-0.047178
5.323	0.023275
5.324	-0.016255
5.325	-0.066305
5.326	-0.019124
5.327	0.010523
5.328	-0.016893
5.329	-0.044627
5.33	-0.006373
5.331	-0.000953
5.332	0.016261
5.333	0.025825
5.334	-0.066305
5.335	0.016899
5.336	0.044315
5.337	0.093727
5.338	-0.007967
5.339	0.051328
5.34	0.004466
5.341	-0.046221
5.342	-0.01243
5.343	0.072368
5.344	0.041127
5.345	0.026781
5.346	-0.06248
5.347	-0.065349
5.348	0.015624
5.349	-0.127512
5.35	0.055791
5.351	-0.00701
5.352	-0.023268
5.353	-0.060567
5.354	0.001278
5.355	-0.045902
5.356	-0.040164
5.357	-0.03857
5.358	0.03762
5.359	-0.08065
5.36	0.010842
5.361	-0.068218
5.362	-0.032513
5.363	-0.060886
5.364	-0.021993
5.365	0.003191
5.366	0.01913
5.367	-0.018487
5.368	0.030926
5.369	0.00606
5.37	0.010204
5.371	0.016261
5.372	0.047184
5.373	0.011798
5.374	-0.050047
5.375	0.003191
5.376	0.033476
5.377	0.034432
5.378	0.027419
5.379	0.033157
5.38	-0.073637
5.381	0.044634
5.382	0.040171
5.383	-0.052597
5.384	-0.022312
5.385	0.042402
5.386	-0.047815
5.387	-0.050684
5.388	-0.050047
5.389	-0.064392
5.39	0.057704
5.391	-0.063755
5.392	-0.003504
5.393	-0.00701
5.394	0.017537
5.395	-0.009879
5.396	-0.072681
5.397	-0.023587
5.398	0.009567
5.399	0.045909
5.4	0.027419
5.401	-0.051959
5.402	0.051966
5.403	0.08512
5.404	-0.074593
5.405	-0.025819
5.406	0.095002
5.407	0.0271
5.408	0.007973
5.409	-0.014342
5.41	0.099784
5.411	-0.024544
5.412	0.01658
5.413	-0.008604
5.414	-0.09404
5.415	-0.042396
5.416	0.110623
5.417	0.035389
5.418	-0.063436
5.419	0.029013
5.42	-0.015936
5.421	-0.044946
5.422	-0.087345
5.423	-0.051641
5.424	0.022318
5.425	-0.01498
5.426	-0.077144
5.427	-0.0255
5.428	0.044952
5.429	-0.037933
5.43	-0.072043
5.431	-0.038889
5.432	0.010204
5.433	3.128e-06
5.434	0.036345
5.435	-0.077144
5.436	-0.003185
5.437	0.011161
5.438	0.057066
5.439	-0.012111
5.44	-0.009879
5.441	0.063442
5.442	-0.034107
5.443	-0.004141
5.444	0.094683
5.445	0.006698
5.446	0.036664
5.447	-0.056104
5.448	-0.081607
5.449	0.030926
5.45	-0.059292
5.451	0.061848
5.452	-0.025181
5.453	-0.015618
5.454	-0.073637
5.455	0.028375
5.456	-0.056423
5.457	-0.060248
5.458	0.020087
5.459	0.011798
5.46	-0.089258
5.461	-0.000634
5.462	-0.033151
5.463	-0.015936
5.464	-0.068855
5.465	-0.010198
5.466	0.00861
5.467	0.01658
5.468	0.046546
5.469	0.009567
5.47	0.006379
5.471	0.070774
5.472	0.105522
5.473	0.010523
5.474	0.066311
5.475	-0.030282
5.476	0.005741
5.477	0.020087
5.478	0.050053
5.479	0.036026
5.48	0.055154
5.481	-0.055147
5.482	0.056429
5.483	0.055472
5.484	-0.050047
5.485	-0.006373
5.486	0.058979
5.487	-0.031876
5.488	-0.043033
5.489	-0.034426
5.49	-0.036658
5.491	0.01658
5.492	-0.052916
5.493	-0.001272
5.494	-0.024225
5.495	-0.005416
5.496	-0.036658
5.497	-0.060886
5.498	-0.027732
5.499	0.02455
5.5	0.010842
5.501	0.03252
5.502	-0.030919
5.503	0.059298
5.504	0.068543
5.505	-0.073
5.506	-0.049409
5.507	0.09819
5.508	0.010842
5.509	0.001597
5.51	-0.034426
5.511	0.075556
5.512	-0.015299
5.513	-0.007648
5.514	0.004785
5.515	-0.104878
5.516	-0.012748
5.517	0.085757
5.518	0.001278
5.519	-0.073637
5.52	0.052285
5.521	-0.01243
5.522	-0.040802
5.523	-0.072043
5.524	-0.060248
5.525	0.015305
5.526	-0.024544
5.527	-0.049728
5.528	-0.015299
5.529	0.028057
5.53	-0.038889
5.531	-0.110935
5.532	-0.011792
5.533	0.04559
5.534	0.002235
5.535	0.040171
5.536	-0.110617
5.537	0.006698
5.538	0.047503
5.539	0.089902
5.54	-0.018487
5.541	-0.001591
5.542	0.149834
5.543	-0.014661
5.544	-0.02295
5.545	0.089264
5.546	-0.000953
5.547	0.051647
5.548	-0.058335
5.549	-0.111254
5.55	-0.056423
5.551	-0.016574
5.552	0.089264
5.553	-0.068537
5.554	0.009248
5.555	-0.024225
5.556	0.014667
5.557	-0.070449
5.558	-0.03347
5.559	0.007654
5.56	0.017855
5.561	-0.061842
5.562	0.005423
5.563	-0.018168
5.564	-0.032195
5.565	-0.08065
5.566	0.010523
5.567	0.004466
5.568	0.035707
5.569	0.026781
5.57	-0.052278
5.571	-0.03602
5.572	0.047821
5.573	0.079382
5.574	0.013073
5.575	0.027738
5.576	-0.024862
5.577	-0.019443
5.578	-0.000316
5.579	0.062805
5.58	0.030926
5.581	0.028375
5.582	-0.039208
5.583	0.010523
5.584	0.013073
5.585	-0.122731
5.586	0.020406
5.587	0.03762
5.588	-0.049409
5.589	-0.044627
5.59	-0.030601
5.591	-0.031876
5.592	-0.036976
5.593	-0.042396
5.594	-0.022631
5.595	-0.039208
5.596	-0.029007
5.597	-0.035382
5.598	-0.055147
5.599	-0.063755
5.6	0.019449
5.601	-0.003504
5.602	0.022318
5.603	-0.012748
5.604	0.040171
5.605	0.006379
5.606	-0.103922
5.607	-0.025819
5.608	0.093727
5.609	-0.016255
5.61	-0.040164
5.611	-0.031876
5.612	0.057704
5.613	-0.013386
5.614	-0.00191
5.615	0.019768
5.616	-0.071087
5.617	0.051009
5.618	0.072368
5.619	-0.044946
5.62	-0.045584
5.621	0.060573
5.622	-0.0255
5.623	-0.03347
5.624	-0.079057
5.625	-0.046221
5.626	0.026144
5.627	-0.017211
5.628	-0.066305
5.629	-0.041121
5.63	0.030607
5.631	-0.023906
5.632	-0.090852
5.633	0.005423
5.634	0.049415
5.635	-0.008923
5.636	0.043677
5.637	-0.11508
5.638	0.06918
5.639	0.080338
5.64	-0.000634
5.641	-0.041121
5.642	0.029013
5.643	0.085757
5.644	0.005741
5.645	-0.022312
5.646	0.10361
5.647	0.012117
5.648	0.030607
5.649	-0.021675
5.65	-0.08065
5.651	-0.050684
5.652	0.132619
5.653	0.0797
5.654	-0.06758
5.655	0.068543
5.656	-0.005416
5.657	-0.007967
5.658	-0.053872
5.659	-0.056423
5.66	-0.016255
5.661	0.047184
5.662	-0.080969
5.663	-0.010198
5.664	-0.003822
5.665	-0.051003
5.666	-0.09404
5.667	0.024231
5.668	0.000322
5.669	-0.003504
5.67	0.031882
5.671	-0.105835
5.672	0.028057
5.673	0.077469
5.674	0.045909
5.675	0.0271
5.676	0.025506
5.677	0.016261
5.678	-0.010836
5.679	-0.010517
5.68	0.066311
5.681	0.031244
5.682	0.023275
5.683	-0.071087
5.684	-0.011473
5.685	-0.005735
5.686	-0.100097
5.687	0.041127
5.688	0.061211
5.689	-0.057698
5.69	-0.05961
5.691	-0.005097
5.692	-0.047496
5.693	-0.014661
5.694	-0.017849
5.695	-0.01243
5.696	-0.065349
5.697	-0.046221
5.698	-0.032195
5.699	-0.057698
5.7	-0.08352
5.701	0.021043
5.702	-0.003185
5.703	0.015943
5.704	0.006379
5.705	0.006698
5.706	-0.032513
5.707	0.040171
5.708	-0.004141
5.709	0.074281
5.71	0.015624
5.711	-0.058973
5.712	0.008929
5.713	0.023275
5.714	-0.005097
5.715	0.017855
5.716	0.004466
5.717	-0.071406
5.718	0.057704
5.719	0.043677
5.72	-0.069812
5.721	-0.049728
5.722	0.078744
5.723	-0.056741
5.724	-0.039208
5.725	-0.053553
5.726	-0.051959
5.727	0.029332
5.728	-0.035382
5.729	-0.044946
5.73	0.007973
5.731	0.038258
5.732	-0.019124
5.733	-0.086389
5.734	-0.003185
5.735	0.030926
5.736	0.00351
5.737	0.048459
5.738	-0.0781
5.739	0.059935
5.74	0.106479
5.741	-0.073
5.742	-0.019124
5.743	0.080338
5.744	0.024869
5.745	0.019768
5.746	-0.049728
5.747	0.103291
5.748	-0.009879
5.749	-0.016574
5.75	-0.010836
5.751	-0.089895
5.752	-0.033789
5.753	0.115405
5.754	0.036983
5.755	-0.092764
5.756	0.034114
5.757	-0.016255
5.758	-0.050684
5.759	-0.079694
5.76	-0.041439
5.761	0.021043
5.762	0.004147
5.763	-0.079375
5.764	-0.014342
5.765	-0.014661
5.766	-0.049728
5.767	-0.057698
5.768	-0.015299
5.769	0.018174
5.77	-0.014661
5.771	0.030607
5.772	-0.119543
5.773	0.026144
5.774	0.105841
5.775	0.002872
5.776	-0.030282
5.777	0.030926
5.778	0.030607
5.779	-0.04909
5.78	-0.019443
5.781	0.039214
5.782	0.019449
5.783	0.036983
5.784	-0.070449
5.785	-0.026456
5.786	-0.019762
5.787	-0.106791
5.788	0.043358
5.789	0.02455
5.79	-0.083201
5.791	-0.044946
5.792	0.000959
5.793	-0.052916
5.794	-0.006373
5.795	-0.014342
5.796	0.01148
5.797	-0.046221
5.798	-0.048134
5.799	-0.041439
5.8	-0.068855
5.801	-0.077144
5.802	0.002872
5.803	0.003829
5.804	0.019449
5.805	0.027419
5.806	-0.000316
5.807	0.031882
5.808	-0.092764
5.809	-0.002866
5.81	0.044634
5.811	-0.006373
5.812	-0.020399
5.813	-0.006054
5.814	0.014986
5.815	0.033795
5.816	0.022
5.817	0.024231
5.818	-0.044627
5.819	0.071412
5.82	0.043358
5.821	-0.044946
5.822	-0.052597
5.823	0.087033
5.824	-0.02805
5.825	-0.069812
5.826	-0.034426
5.827	-0.060886
5.828	0.021362
5.829	-0.05451
5.83	-0.020399
5.831	0.009886
5.832	-0.000316
5.833	-0.020718
5.834	-0.078738
5.835	-0.021993
5.836	0.012436
5.837	0.025187
5.838	0.037939
5.839	-0.070449
5.84	0.071731
5.841	-0.02805
5.842	-0.069812
5.843	-0.091171
5.844	0.069818
5.845	0.059935
5.846	-0.04399
5.847	-0.014024
5.848	0.087351
5.849	-0.040802
5.85	0.010204
5.851	0.001278
5.852	-0.114442
5.853	-0.043033
5.854	0.127838
5.855	0.013073
5.856	-0.077144
5.857	0.041764
5.858	-0.037933
5.859	-0.003185
5.86	-0.081926
5.861	-0.054191
5.862	0.028057
5.863	-0.047496
5.864	-0.092764
5.865	-0.011792
5.866	0.018174
5.867	-0.021356
5.868	-0.048453
5.869	0.004147
5.87	0.00351
5.871	0.017537
5.872	0.012436
5.873	-0.116355
5.874	0.061211
5.875	0.115724
5.876	0.004466
5.877	0.019449
5.878	0.067268
5.879	0.049415
5.88	-0.03857
5.881	-0.057698
5.882	0.079382
5.883	0.033476
5.884	0.044634
5.885	-0.067261
5.886	-0.078419
5.887	-0.003504
5.888	-0.072043
5.889	0.091177
5.89	0.024231
5.891	-0.047178
5.892	-0.019443
5.893	0.013073
5.894	-0.050366
5.895	-0.032513
5.896	-0.007648
5.897	0.053878
5.898	-0.073
5.899	0.01148
5.9	-0.050684
5.901	-0.033789
5.902	-0.053235
5.903	-0.013705
5.904	0.002872
5.905	0.037939
5.906	0.007654
5.907	0.017218
5.908	0.028057
5.909	-0.027732
5.91	0.059617
5.911	0.016899
5.912	0.04814
5.913	-0.021675
5.914	-0.005416
5.915	0.018493
5.916	0.051647
5.917	0.038258
5.918	0.019449
5.919	-0.063755
5.92	0.050372
5.921	0.038895
5.922	-0.050366
5.923	-0.039527
5.924	0.044315
5.925	-0.052916
5.926	-0.076825
5.927	-0.034107
5.928	-0.04909
5.929	0.042083
5.93	-0.073318
5.931	0.007973
5.932	-0.000634
5.933	-0.002228
5.934	-0.050366
5.935	-0.064073
5.936	-0.023587
5.937	-0.008923
5.938	0.01403
5.939	0.013073
5.94	-0.058973
5.941	0.069818
5.942	0.068862
5.943	-0.060886
5.944	-0.044946
5.945	0.099465
5.946	0.020406
5.947	-0.033151
5.948	-0.019124
5.949	0.059298
5.95	-0.022631
5.951	-0.003185
5.952	0.002235
5.953	-0.100734
5.954	-0.011792
5.955	0.115724
5.956	0.00351
5.957	-0.080332
5.958	0.039214
5.959	0.020087
5.96	-0.01243
5.961	-0.080332
5.962	-0.060567
5.963	0.052603
5.964	-0.058973
5.965	-0.058335
5.966	-0.02295
5.967	0.015305
5.968	-0.031876
5.969	-0.07555
5.97	-0.018168
5.971	0.007016
5.972	0.05356
5.973	0.035707
5.974	-0.113486
5.975	0.023594
5.976	0.009886
5.977	0.098828
5.978	-0.030601
5.979	-0.005097
5.98	0.109667
5.981	-0.017211
5.982	-0.002228
5.983	0.118274
5.984	-0.004779
5.985	0.051328
5.986	-0.029007
5.987	-0.087983
5.988	-0.006373
5.989	-0.081926
5.99	0.085757
5.991	-0.033151
5.992	-0.051959
5.993	-0.034745
5.994	0.01658
5.995	-0.063436
5.996	-0.064711
5.997	0.028375
5.998	0.001597
5.999	-0.063755
6	-0.025819
6.001	-0.027094
6.002	-0.035382
6.003	-0.051959
6.004	-0.005735
6.005	-0.012111
6.006	0.032201
6.007	0.014986
6.008	-0.047815
6.009	-0.075231
6.01	0.03252
6.011	0.016899
6.012	0.017537
6.013	0.076831
6.014	-0.038889
6.015	-0.044627
6.016	0.011161
6.017	0.040171
6.018	0.05866
6.019	0.018174
6.02	-0.072043
6.021	0.049097
6.022	0.023594
6.023	-0.052278
6.024	-0.017849
6.025	0.057066
6.026	-0.05451
6.027	-0.053235
6.028	-0.020081
6.029	-0.052278
6.03	0.002553
6.031	-0.101691
6.032	-0.003822
6.033	-0.016574
6.034	-0.013067
6.035	-0.066624
6.036	-0.045584
6.037	-0.024544
6.038	-0.010517
6.039	-0.001591
6.04	-0.002866
6.041	-0.007329
6.042	0.068862
6.043	0.046228
6.044	-0.066305
6.045	-0.040802
6.046	0.056429
6.047	0.03507
6.048	-0.02805
6.049	-0.02805
6.05	0.069499
6.051	-0.001591
6.052	0.02455
6.053	0.005423
6.054	-0.084157
6.055	0.010842
6.056	0.129431
6.057	0.018812
6.058	-0.049728
6.059	0.030926
6.06	0.013073
6.061	-0.046859
6.062	-0.08607
6.063	-0.05961
6.064	0.065674
6.065	-0.048772
6.066	-0.045902
6.067	-0.007648
6.068	0.024231
6.069	-0.021675
6.07	-0.073956
6.071	-0.00701
6.072	0.039214
6.073	0.025187
6.074	0.033476
6.075	-0.089577
6.076	0.03762
6.077	0.102972
6.078	-0.031876
6.079	-0.01498
6.08	0.022637
6.081	0.047503
6.082	-0.033789
6.083	0.005741
6.084	0.075237
6.085	-0.016255
6.086	0.016261
6.087	-0.016255
6.088	-0.101372
6.089	-0.016574
6.09	-0.002866
6.091	0.096277
6.092	-0.083838
6.093	-0.015299
6.094	-0.032195
6.095	0.010204
6.096	-0.061523
6.097	-0.062161
6.098	0.012436
6.099	-0.013386
6.1	-0.084795
6.101	-0.005416
6.102	-0.036339
6.103	-0.018805
6.104	-0.065986
6.105	-0.021037
6.106	0.005423
6.107	0.018812
6.108	0.000322
6.109	-0.078738
6.11	-0.002228
6.111	-0.037933
6.112	0.116361
6.113	-0.001591
6.114	0.014349
6.115	0.000322
6.116	-0.054191
6.117	-0.002228
6.118	0.044634
6.119	0.024869
6.12	0.027738
6.121	-0.07555
6.122	0.0271
6.123	-0.003504
6.124	-0.128469
6.125	0.030926
6.126	0.053241
6.127	-0.016255
6.128	-0.050684
6.129	-0.024225
6.13	-0.028369
6.131	0.01403
6.132	-0.062798
6.133	0.022318
6.134	-0.040164
6.135	0.007973
6.136	-0.075231
6.137	-0.029644
6.138	-0.050366
6.139	-0.027413
6.14	0.001278
6.141	0.035389
6.142	0.015624
6.143	0.021043
6.144	-0.003822
6.145	-0.131019
6.146	-0.06758
6.147	0.097234
6.148	0.021362
6.149	-0.023268
6.15	-0.011792
6.151	0.065674
6.152	0.011161
6.153	0.033157
6.154	0.018493
6.155	-0.082563
6.156	0.049097
6.157	0.071412
6.158	-0.037614
6.159	-0.056104
6.16	0.025506
6.161	-0.045584
6.162	-0.050366
6.163	-0.072043
6.164	-0.067261
6.165	0.054516
6.166	-0.030282
6.167	-0.027413
6.168	-0.018487
6.169	0.004147
6.17	-0.018168
6.171	-0.066305
6.172	-0.020718
6.173	0.010842
6.174	0.016261
6.175	0.025506
6.176	-0.102966
6.177	0.028694
6.178	-0.045902
6.179	0.022
6.18	-0.05451
6.181	0.013392
6.182	0.094365
6.183	-0.027094
6.184	-0.01753
6.185	0.09564
6.186	-0.015618
6.187	0.016261
6.188	-0.01243
6.189	-0.119224
6.19	-0.069493
6.191	0.082888
6.192	0.084163
6.193	-0.107748
6.194	0.002872
6.195	0.00861
6.196	-0.018805
6.197	-0.071087
6.198	-0.082244
6.199	0.023912
6.2	-0.034745
6.201	-0.081926
6.202	-0.045265
6.203	0.010523
6.204	-0.004779
6.205	-0.071087
6.206	-0.014024
6.207	0.007016
6.208	3.128e-06
6.209	0.015305
6.21	-0.065986
6.211	0.041127
6.212	0.070137
6.213	0.050691
6.214	-0.005416
6.215	0.044952
6.216	0.028375
6.217	-0.039208
6.218	0.004147
6.219	0.0797
6.22	0.041446
6.221	0.043677
6.222	-0.051322
6.223	-0.009879
6.224	-0.015936
6.225	-0.108385
6.226	0.073962
6.227	0.002872
6.228	-0.021356
6.229	-0.080013
6.23	-0.001272
6.231	-0.04654
6.232	-0.033151
6.233	-0.010836
6.234	0.018174
6.235	-0.036658
6.236	-0.006054
6.237	-0.046221
6.238	-0.027413
6.239	-0.053553
6.24	-0.001272
6.241	0.012755
6.242	0.022318
6.243	-0.014661
6.244	0.027419
6.245	0.046228
6.246	-0.040483
6.247	-0.034107
6.248	0.043996
6.249	0.020724
6.25	-0.04654
6.251	-0.013705
6.252	0.042402
6.253	0.03762
6.254	0.024869
6.255	0.043358
6.256	-0.058654
6.257	0.054835
6.258	0.054197
6.259	-0.066943
6.26	-0.037614
6.261	0.05611
6.262	-0.055785
6.263	-0.047815
6.264	-0.037614
6.265	-0.06758
6.266	0.035389
6.267	-0.052597
6.268	-0.028369
6.269	-0.003504
6.27	0.00351
6.271	-0.020081
6.272	-0.108704
6.273	-0.037295
6.274	-0.00701
6.275	0.018812
6.276	0.032201
6.277	-0.083838
6.278	0.050691
6.279	0.124331
6.28	-0.108066
6.281	-0.036658
6.282	0.04814
6.283	0.066311
6.284	-0.034107
6.285	-0.051959
6.286	0.099465
6.287	-0.013067
6.288	0.029651
6.289	0.005104
6.29	-0.108385
6.291	-0.032513
6.292	0.159079
6.293	0.033476
6.294	-0.077144
6.295	0.050691
6.296	0.017537
6.297	-0.0255
6.298	-0.070449
6.299	-0.048453
6.3	0.017537
6.301	-0.021356
6.302	-0.084795
6.303	-0.021993
6.304	0.013073
6.305	-0.008604
6.306	-0.073956
6.307	-0.015936
6.308	0.007335
6.309	0.011798
6.31	0.030607
6.311	-0.115398
6.312	0.013392
6.313	-0.004779
6.314	0.103928
6.315	-0.004141
6.316	0.040808
6.317	0.028057
6.318	-0.048772
6.319	0.003191
6.32	0.069499
6.321	0.047184
6.322	0.02455
6.323	-0.064392
6.324	-0.073
6.325	-0.026138
6.326	-0.083838
6.327	0.083207
6.328	-0.019762
6.329	-0.050684
6.33	-0.063436
6.331	0.003829
6.332	-0.070768
6.333	-0.042077
6.334	0.018812
6.335	0.025187
6.336	-0.067261
6.337	0.010523
6.338	-0.031876
6.339	-0.019124
6.34	-0.052597
6.341	-0.008285
6.342	0.009567
6.343	0.031563
6.344	-0.016893
6.345	-0.01243
6.346	-0.027094
6.347	-0.094996
6.348	-0.003822
6.349	0.061529
6.35	-0.009879
6.351	-0.052597
6.352	-0.008285
6.353	0.024869
6.354	0.048459
6.355	0.013392
6.356	0.014349
6.357	-0.07555
6.358	0.048778
6.359	0.033157
6.36	-0.065349
6.361	-0.059292
6.362	0.051966
6.363	-0.069174
6.364	-0.064711
6.365	-0.031876
6.366	-0.071087
6.367	0.039852
6.368	-0.065667
6.369	0.004785
6.37	-0.019762
6.371	0.006698
6.372	-0.017849
6.373	-0.073956
6.374	-0.026456
6.375	0.004466
6.376	0.011798
6.377	0.029013
6.378	-0.064711
6.379	0.059617
6.38	-0.029325
6.381	-0.076187
6.382	-0.010517
6.383	0.042402
6.384	0.052603
6.385	-0.035064
6.386	-0.019124
6.387	0.120187
6.388	-0.037614
6.389	-0.003185
6.39	0.011798
6.391	-0.110617
6.392	-0.026775
6.393	0.151428
6.394	0.006698
6.395	-0.105835
6.396	0.059298
6.397	-0.006373
6.398	-0.027094
6.399	-0.076506
6.4	-0.063117
6.401	0.028375
6.402	-0.039527
6.403	-0.060248
6.404	-0.021675
6.405	0.022
6.406	-0.004779
6.407	-0.077463
6.408	-0.024862
6.409	0.007654
6.41	0.023275
6.411	0.054197
6.412	-0.137714
6.413	0.033157
6.414	0.06408
6.415	-0.001591
6.416	3.128e-06
6.417	0.034751
6.418	0.065355
6.419	-0.047178
6.42	0.004466
6.421	0.09819
6.422	0.01658
6.423	0.034751
6.424	-0.044946
6.425	-0.075869
6.426	-0.005097
6.427	-0.063117
6.428	0.102972
6.429	-0.030601
6.43	-0.056741
6.431	-0.051641
6.432	0.020724
6.433	-0.060886
6.434	-0.051003
6.435	0.012755
6.436	0.012117
6.437	-0.074912
6.438	-0.01753
6.439	-0.009561
6.44	-0.022312
6.441	-0.052278
6.442	-0.002228
6.443	0.006698
6.444	0.036026
6.445	-0.003504
6.446	0.006379
6.447	0.009248
6.448	-0.109023
6.449	0.05866
6.45	-0.01498
6.451	-0.000953
6.452	-0.01243
6.453	-0.01753
6.454	0.003829
6.455	0.068224
6.456	0.050372
6.457	0.04304
6.458	-0.058335
6.459	0.064717
6.46	0.033795
6.461	-0.045584
6.462	-0.016574
6.463	0.063442
6.464	-0.016893
6.465	-0.056104
6.466	-0.037295
6.467	-0.04654
6.468	0.02455
6.469	-0.083201
6.47	0.018493
6.471	-0.019124
6.472	-0.010198
6.473	-0.039208
6.474	-0.056741
6.475	-0.019124
6.476	-0.01243
6.477	0.012755
6.478	0.029651
6.479	-0.067899
6.48	0.083207
6.481	0.047503
6.482	-0.04654
6.483	-0.088939
6.484	0.104566
6.485	0.029332
6.486	-0.048772
6.487	-0.015936
6.488	0.031882
6.489	-0.028688
6.49	0.017855
6.491	0.003829
6.492	-0.092446
6.493	0.017218
6.494	0.119868
6.495	0.011798
6.496	-0.090214
6.497	0.043677
6.498	-0.007329
6.499	-0.050684
6.5	-0.07555
6.501	-0.066305
6.502	0.061529
6.503	-0.055785
6.504	-0.053872
6.505	-0.025819
6.506	0.037301
6.507	-0.036976
6.508	-0.071406
6.509	-0.002866
6.51	0.012117
6.511	0.037301
6.512	0.005423
6.513	-0.132613
6.514	0.03252
6.515	0.039852
6.516	0.023275
6.517	0.004785
6.518	-0.015936
6.519	0.095959
6.52	-0.029644
6.521	0.007016
6.522	0.089264
6.523	-0.008923
6.524	0.010523
6.525	-0.027732
6.526	-0.111573
6.527	-0.035701
6.528	-0.051641
6.529	0.073325
6.53	-0.049409
6.531	-0.056423
6.532	-0.033151
6.533	0.014986
6.534	-0.087983
6.535	-0.051959
6.536	0.025187
6.537	-0.005416
6.538	-0.081926
6.539	-0.016574
6.54	0.004147
6.541	-0.029644
6.542	-0.064711
6.543	0.005423
6.544	0.025825
6.545	0.029651
6.546	0.035707
6.547	-0.023587
6.548	-0.028688
6.549	-0.013067
6.55	0.077469
6.551	-0.003185
6.552	0.035707
6.553	-0.015299
6.554	-0.032513
6.555	-0.022312
6.556	0.059298
6.557	0.054835
6.558	0.012755
6.559	-0.078419
6.56	0.036345
6.561	0.006379
6.562	-0.07013
6.563	-0.032513
6.564	0.070455
6.565	-0.040802
6.566	-0.064711
6.567	-0.01243
6.568	-0.05706
6.569	0.012117
6.57	-0.064073
6.571	0.011798
6.572	-0.0255
6.573	-0.002228
6.574	-0.073637
6.575	-0.044309
6.576	-0.043033
6.577	-0.019762
6.578	0.013392
6.579	0.014349
6.58	-0.020718
6.581	0.057066
6.582	-0.003822
6.583	-0.109341
6.584	-0.058973
6.585	0.115405
6.586	0.026144
6.587	-0.035382
6.588	-0.030282
6.589	0.057385
6.59	0.017855
6.591	0.01913
6.592	0.045909
6.593	-0.088301
6.594	0.048459
6.595	0.131663
6.596	-0.02805
6.597	-0.108385
6.598	0.039852
6.599	0.013392
6.6	-0.072681
6.601	-0.0781
6.602	-0.053553
6.603	0.048778
6.604	-0.05961
6.605	-0.029644
6.606	-0.020081
6.607	0.010523
6.608	-0.029325
6.609	-0.070449
6.61	-0.010198
6.611	0.02455
6.612	-0.00446
6.613	0.023275
6.614	-0.106791
6.615	0.053241
6.616	0.080019
6.617	0.027419
6.618	-0.096271
6.619	0.001916
6.62	0.082569
6.621	-0.009879
6.622	-0.00191
6.623	0.110304
6.624	-0.008285
6.625	0.035389
6.626	-0.001591
6.627	-0.117311
6.628	-0.003504
6.629	0.012117
6.63	0.105841
6.631	-0.045584
6.632	-0.0255
6.633	-0.006373
6.634	0.001916
6.635	-0.06758
6.636	-0.049409
6.637	0.027419
6.638	-0.003822
6.639	-0.077463
6.64	-0.014661
6.641	-0.008604
6.642	-0.006054
6.643	-0.067261
6.644	-0.00191
6.645	0.01658
6.646	0.010842
6.647	-0.003822
6.648	-0.044946
6.649	-0.001591
6.65	-0.02295
6.651	0.079063
6.652	-0.003504
6.653	-0.001272
6.654	0.016899
6.655	-0.059929
6.656	0.011798
6.657	0.073006
6.658	0.051328
6.659	0.026781
6.66	-0.046859
6.661	-0.007329
6.662	0.018174
6.663	-0.105197
6.664	0.003829
6.665	0.026144
6.666	-0.053553
6.667	-0.068218
6.668	-0.028688
6.669	-0.04399
6.67	-0.015936
6.671	-0.069493
6.672	0.007016
6.673	-0.044627
6.674	0.03252
6.675	-0.048453
6.676	-0.025819
6.677	-0.053235
6.678	0.001916
6.679	-0.000634
6.68	0.02455
6.681	-0.00701
6.682	0.033476
6.683	-0.020081
6.684	-0.105835
6.685	-0.064392
6.686	0.073006
6.687	0.017218
6.688	-0.067261
6.689	0.01148
6.69	0.023594
6.691	0.034751
6.692	0.028057
6.693	0.014986
6.694	-0.0781
6.695	0.070455
6.696	0.062805
6.697	-0.042715
6.698	-0.061204
6.699	0.067905
6.7	-0.008604
6.701	-0.064073
6.702	-0.073
6.703	-0.058973
6.704	0.066311
6.705	-0.064711
6.706	-0.025819
6.707	0.015305
6.708	0.007016
6.709	-0.014661
6.71	-0.063755
6.711	-0.011473
6.712	0.013392
6.713	0.016899
6.714	0.069818
6.715	-0.090533
6.716	0.05356
6.717	0.00351
6.718	-0.041758
6.719	-0.0255
6.72	0.028057
6.721	0.103291
6.722	-0.021675
6.723	-0.058973
6.724	0.114767
6.725	-0.026775
6.726	0.022956
6.727	-0.012748
6.728	-0.117311
6.729	-0.035701
6.73	0.104566
6.731	0.039214
6.732	-0.087983
6.733	0.029969
6.734	-0.000316
6.735	-0.021993
6.736	-0.087664
6.737	-0.058335
6.738	0.023912
6.739	-0.005097
6.74	-0.107429
6.741	-0.006054
6.742	-0.011792
6.743	-0.013386
6.744	-0.05451
6.745	-0.012748
6.746	0.003829
6.747	-0.000316
6.748	-0.001272
6.749	-0.05706
6.75	-0.0255
6.751	0.044634
6.752	0.028694
6.753	-0.016893
6.754	0.04814
6.755	0.035707
6.756	-0.048453
6.757	-0.011154
6.758	0.077788
6.759	0.048778
6.76	0.036026
6.761	-0.076187
6.762	-0.036339
6.763	-0.009561
6.764	-0.097865
6.765	0.070137
6.766	0.003829
6.767	-0.058335
6.768	-0.065349
6.769	0.007016
6.77	-0.050047
6.771	-0.010198
6.772	-0.011792
6.773	0.009567
6.774	-0.030919
6.775	-0.016574
6.776	-0.057698
6.777	-0.007329
6.778	-0.055147
6.779	0.005741
6.78	-0.007967
6.781	0.008929
6.782	0.01148
6.783	0.001597
6.784	0.004785
6.785	-0.042396
6.786	0.000322
6.787	0.048459
6.788	0.024231
6.789	-0.056423
6.79	0.009248
6.791	0.045271
6.792	0.031563
6.793	0.024231
6.794	0.008292
6.795	-0.068218
6.796	0.045271
6.797	0.039533
6.798	-0.051003
6.799	-0.000953
6.8	0.058342
6.801	-0.058016
6.802	-0.073
6.803	-0.030282
6.804	-0.053872
6.805	0.026144
6.806	-0.048453
6.807	-0.041121
6.808	-0.004141
6.809	-0.00446
6.81	-0.018805
6.811	-0.06758
6.812	-0.032195
6.813	0.036026
6.814	0.008292
6.815	0.033795
6.816	-0.079057
6.817	0.066949
6.818	0.056429
6.819	-0.129425
6.82	-0.041758
6.821	0.085439
6.822	0.05356
6.823	-0.016893
6.824	-0.029325
6.825	0.096915
6.826	0.002553
6.827	0.018174
6.828	0.009886
6.829	-0.09404
6.83	-0.010198
6.831	0.110942
6.832	0.022318
6.833	-0.066624
6.834	0.034114
6.835	-0.038252
6.836	-0.044946
6.837	-0.079375
6.838	-0.040802
6.839	0.013073
6.84	-0.001272
6.841	-0.085751
6.842	-0.011473
6.843	0.024231
6.844	-0.01243
6.845	-0.090852
6.846	0.005104
6.847	0.013711
6.848	0.024869
6.849	0.037939
6.85	-0.085114
6.851	0.010204
