4.108	0.027419
4.109	0.022956
4.11	0.010523
4.111	-0.039208
4.112	-0.020718
4.113	0.026463
4.114	0.031882
4.115	0.074919
4.116	0.001597
4.117	-0.077781
4.118	0.071093
4.119	0.022
4.12	-0.071406
4.121	-0.018805
4.122	0.048459
4.123	-0.056423
4.124	-0.036339
4.125	-0.050366
4.126	-0.051641
4.127	0.024231
4.128	-0.061842
4.129	-0.010198
4.13	-0.003185
4.131	0.001597
4.132	-0.045902
4.133	-0.023906
4.134	-0.01498
4.135	0.022956
4.136	0.025825
4.137	0.023594
4.138	-0.015936
4.139	0.049415
4.14	0.10871
4.141	-0.054829
4.142	-0.038889
4.143	0.071093
4.144	-0.008923
4.145	-0.019762
4.146	-0.013705
4.147	0.06918
4.148	-0.005097
4.149	0.032201
4.15	0.003829
4.151	-0.103922
4.152	0.007016
4.153	0.072049
4.154	0.031882
4.155	-0.062161
4.156	0.05866
4.157	-0.002866
4.158	-0.035064
4.159	-0.055466
4.16	-0.091171
4.161	0.00861
4.162	-0.017211
4.163	-0.071087
4.164	-0.014661
4.165	-0.002547
4.166	-0.02295
4.167	-0.090852
4.168	-0.013705
4.169	0.019768
4.17	-0.004141
4.171	0.03507
4.172	-0.124006
4.173	0.05356
4.174	0.057066
4.175	-0.022631
4.176	-0.01753
4.177	0.01913
4.178	0.068224
4.179	-0.032513
4.18	-0.012748
4.181	0.084482
4.182	-0.04399
4.183	0.050372
4.184	-0.043352
4.185	-0.075869
4.186	-0.059292
4.187	-0.031876
4.188	0.062167
4.189	-0.05706
4.19	-0.029644
4.191	-0.066943
4.192	0.019768
4.193	-0.089577
4.194	-0.058973
4.195	0.005423
4.196	-0.002866
4.197	-0.090214
4.198	-0.038889
4.199	-0.021675
4.2	-0.064711
4.201	-0.068537
4.202	-0.016574
4.203	-0.019762
4.204	0.026144
4.205	-0.008604
4.206	-0.080969
4.207	0.023275
4.208	-0.051959
4.209	0.027738
4.21	0.014986
4.211	0.022
4.212	-0.01498
4.213	-0.071406
4.214	-0.009561
4.215	0.022956
4.216	0.054197
4.217	0.033795
4.218	-0.064711
4.219	0.056748
4.22	0.019449
4.221	-0.120499
4.222	-0.009879
4.223	0.036026
4.224	-0.000316
4.225	-0.04399
4.226	-0.026138
4.227	-0.045902
4.228	0.012117
4.229	-0.034745
4.23	-0.03347
4.231	-0.005416
4.232	-0.013705
4.233	-0.040164
4.234	-0.016255
4.235	-0.045265
4.236	0.034114
4.237	0.027419
4.238	0.024869
4.239	0.012117
4.24	0.038577
4.241	0.059298
4.242	-0.088301
4.243	-0.050366
4.244	0.101697
4.245	-0.003822
4.246	-0.031557
4.247	-0.015618
4.248	0.04814
4.249	0.00351
4.25	0.019768
4.251	0.01658
4.252	-0.086389
4.253	0.034751
4.254	0.074919
4.255	-0.009242
4.256	-0.030919
4.257	0.037939
4.258	-0.079694
4.259	-0.044946
4.26	-0.076825
4.261	-0.088939
4.262	0.019768
4.263	-0.005735
4.264	-0.062798
4.265	-0.032513
4.266	0.031563
4.267	-0.016255
4.268	-0.098821
4.269	0.005104
4.27	0.051009
4.271	0.011161
4.272	0.029969
4.273	-0.132294
4.274	0.026463
4.275	0.061529
4.276	-0.008285
4.277	-0.020081
4.278	0.012755
4.279	0.081613
4.28	-0.020718
4.281	-0.020081
4.282	0.109985
4.283	-0.010198
4.284	0.029013
4.285	-0.035064
4.286	-0.083838
4.287	-0.068855
4.288	0.102972
4.289	0.073962
4.29	-0.031876
4.291	0.034751
4.292	-0.024862
4.293	0.036983
4.294	-0.073
4.295	-0.016255
4.296	0.002553
4.297	0.018493
4.298	-0.05451
4.299	-0.01753
4.3	0.001597
4.301	-0.023587
4.302	-0.075231
4.303	-0.002866
4.304	0.003191
4.305	0.033157
4.306	-0.005416
4.307	-0.068218
4.308	0.032201
4.309	0.008929
4.31	0.075875
4.311	0.011798
4.312	0.023912
4.313	-0.01753
4.314	-0.027413
4.315	0.003191
4.316	0.065036
4.317	0.055154
4.318	0.029013
4.319	-0.069174
4.32	0.050053
4.321	0.022637
4.322	-0.127194
4.323	0.035389
4.324	0.015624
4.325	-0.008604
4.326	-0.059292
4.327	-0.03347
4.328	-0.047496
4.329	0.004147
4.33	-0.053553
4.331	-0.04909
4.332	-0.013067
4.333	-0.017849
4.334	-0.029007
4.335	-0.055466
4.336	-0.0255
4.337	-0.002547
4.338	0.008292
4.339	0.045271
4.34	-0.003185
4.341	0.051328
4.342	-0.00701
4.343	-0.112529
4.344	-0.076825
4.345	0.106479
4.346	-0.016255
4.347	-0.025819
4.348	-0.028688
4.349	0.055154
4.35	0.007016
4.351	0.006698
4.352	0.001278
4.353	-0.077781
4.354	0.051966
4.355	0.066949
4.356	-0.047178
4.357	-0.052597
4.358	0.050053
4.359	-0.073637
4.36	-0.029963
4.361	-0.043671
4.362	-0.080969
4.363	0.031244
4.364	-0.006691
4.365	-0.059292
4.366	-0.008285
4.367	0.026463
4.368	-0.026456
4.369	-0.097228
4.37	-0.009879
4.371	0.042402
4.372	0.015305
4.373	0.057385
4.374	-0.098821
4.375	0.052603
4.376	0.073643
4.377	-0.051959
4.378	-0.03602
4.379	0.059617
4.38	0.103928
4.381	-0.030919
4.382	-0.025819
4.383	0.107435
4.384	-0.039845
4.385	0.036983
4.386	-0.015299
4.387	-0.089577
4.388	-0.056423
4.389	0.112536
4.39	0.056748
4.391	-0.029325
4.392	0.034432
4.393	0.03252
4.394	0.015943
4.395	-0.062161
4.396	-0.036658
4.397	-0.01243
4.398	0.02455
4.399	-0.055466
4.4	-0.049728
4.401	-0.009242
4.402	-0.058654
4.403	-0.077463
4.404	-0.035382
4.405	0.000322
4.406	0.001597
4.407	0.030288
4.408	-0.08352
4.409	0.03507
4.41	0.030288
4.411	0.080657
4.412	0.005104
4.413	0.030926
4.414	-0.019124
4.415	-0.016574
4.416	-0.011154
4.417	0.036026
4.418	0.01658
4.419	0.022318
4.42	-0.075231
4.421	0.002235
4.422	-0.023268
4.423	-0.126237
4.424	0.037301
4.425	-0.009879
4.426	-0.06503
4.427	-0.07555
4.428	-0.029644
4.429	-0.072681
4.43	-0.020399
4.431	-0.025181
4.432	-0.018168
4.433	-0.041121
4.434	-0.022631
4.435	-0.048134
4.436	-0.064392
4.437	-0.034745
4.438	0.011798
4.439	0.023594
4.44	0.016261
4.441	-0.006054
4.442	-0.002228
4.443	-0.002228
4.444	-0.099778
4.445	-0.046859
4.446	0.104885
4.447	-0.027094
4.448	-0.036339
4.449	-0.011473
4.45	0.074281
4.451	0.014667
4.452	0.011798
4.453	0.01148
4.454	-0.061842
4.455	0.069818
4.456	0.057385
4.457	-0.081926
4.458	-0.034426
4.459	0.058342
4.46	-0.067899
4.461	-0.0255
4.462	-0.07013
4.463	-0.058654
4.464	0.037301
4.465	0.010842
4.466	-0.056104
4.467	-0.009879
4.468	0.04304
4.469	-0.018168
4.47	-0.093402
4.471	-0.001591
4.472	0.034751
4.473	0.017855
4.474	0.026781
4.475	-0.094996
4.476	0.074919
4.477	0.09309
4.478	-0.056104
4.479	-0.035064
4.48	0.026463
4.481	0.079063
4.482	0.000322
4.483	-0.056423
4.484	0.12975
4.485	-0.044627
4.486	0.031563
4.487	-0.030919
4.488	-0.092446
4.489	-0.053872
4.49	0.115405
4.491	0.05866
4.492	-0.042715
4.493	0.043358
4.494	-0.01753
4.495	-0.032195
4.496	-0.069174
4.497	-0.047496
4.498	-0.008285
4.499	0.00861
4.5	-0.071406
4.501	-0.045265
4.502	0.000959
4.503	-0.038889
4.504	-0.076187
4.505	-0.011473
4.506	-0.021675
4.507	0.030607
4.508	0.036345
4.509	-0.089258
4.51	-0.003822
4.511	0.005741
4.512	0.035389
4.513	0.001278
4.514	0.044952
4.515	0.008292
4.516	-0.042396
4.517	0.007016
4.518	0.060892
4.519	0.011798
4.52	0.025825
4.521	-0.08352
4.522	0.003829
4.523	-0.018168
4.524	-0.113805
4.525	0.070137
4.526	0.000959
4.527	-0.055466
4.528	-0.040483
4.529	0.00606
4.53	-0.017211
4.531	-0.021037
4.532	-0.034745
4.533	-0.01753
4.534	-0.029963
4.535	-0.073956
4.536	-0.031876
4.537	-0.039845
4.538	-0.046859
4.539	0.000959
4.54	0.020087
4.541	0.021681
4.542	0.007654
4.543	0.023594
4.544	0.046546
4.545	-0.033789
4.546	-0.011473
4.547	0.089902
4.548	0.006698
4.549	-0.026138
4.55	0.003191
4.551	0.031882
4.552	0.015624
4.553	0.030288
4.554	0.028057
4.555	-0.075869
4.556	0.083526
4.557	0.049415
4.558	-0.020718
4.559	-0.059929
4.56	0.065355
4.561	-0.041439
4.562	-0.044309
4.563	-0.043033
4.564	-0.05706
4.565	0.028694
4.566	-0.035064
4.567	-0.043033
4.568	-0.001591
4.569	0.014667
4.57	-0.021993
4.571	-0.085432
4.572	-0.012748
4.573	0.02455
4.574	-0.003504
4.575	0.038258
4.576	-0.069812
4.577	0.052603
4.578	0.074919
4.579	-0.073637
4.58	-0.060886
4.581	0.046228
4.582	0.073006
4.583	-0.008285
4.584	-0.050047
4.585	0.104566
4.586	-0.052916
4.587	0.007654
4.588	-0.02295
4.589	-0.119543
4.59	-0.05451
4.591	0.099784
4.592	0.059298
4.593	-0.073
4.594	0.012755
4.595	-0.040802
4.596	-0.03347
4.597	-0.070449
4.598	-0.047178
4.599	0.033795
4.6	-0.01243
4.601	-0.088939
4.602	-0.018805
4.603	0.016899
4.604	-0.029963
4.605	-0.078738
4.606	-0.015618
4.607	0.010204
4.608	0.032838
4.609	0.029013
4.61	-0.116992
4.611	0.015305
4.612	0.046228
4.613	0.060892
4.614	0.006698
4.615	0.042721
4.616	0.023594
4.617	-0.043033
4.618	0.00861
4.619	0.05611
4.62	0.036026
4.621	0.043677
4.622	-0.082563
4.623	-0.016893
4.624	-0.009561
4.625	-0.133251
4.626	0.048459
4.627	0.038895
4.628	-0.056104
4.629	-0.039208
4.63	-0.003822
4.631	-0.049409
4.632	-0.017849
4.633	-0.01243
4.634	3.128e-06
4.635	-0.045584
4.636	-0.009561
4.637	-0.035701
4.638	-0.065349
4.639	-0.051959
4.64	-0.002228
4.641	0.010842
4.642	0.036664
4.643	0.017855
4.644	-0.005097
4.645	0.014349
4.646	0.049734
4.647	-0.005097
4.648	0.079382
4.649	0.010842
4.65	-0.053553
4.651	0.004466
4.652	0.014349
4.653	0.009886
4.654	0.003191
4.655	0.018493
4.656	-0.09659
4.657	0.068862
4.658	0.01913
4.659	-0.047815
4.66	-0.073637
4.661	0.03252
4.662	-0.053553
4.663	-0.074275
4.664	-0.061523
4.665	-0.069812
4.666	0.04304
4.667	-0.037295
4.668	-0.032832
4.669	-0.016255
4.67	0.048778
4.671	-0.009242
4.672	-0.063436
4.673	-0.000634
4.674	-0.002866
4.675	-0.002547
4.676	0.043358
4.677	-0.084795
4.678	0.057066
4.679	0.070137
4.68	-0.111892
4.681	-0.073637
4.682	0.086395
4.683	0.023275
4.684	-0.014024
4.685	-0.018168
4.686	0.105203
4.687	-0.03857
4.688	0.025825
4.689	0.018493
4.69	-0.100734
4.691	-0.036339
4.692	0.11923
4.693	0.052603
4.694	-0.067899
4.695	0.05611
4.696	-0.001591
4.697	-0.028369
4.698	-0.070449
4.699	-0.04654
4.7	0.023912
4.701	-0.008285
4.702	-0.085751
4.703	-0.032195
4.704	0.01913
4.705	-0.010836
4.706	-0.05451
4.707	0.005423
4.708	0.023594
4.709	0.023594
4.71	0.009886
4.711	-0.100734
4.712	0.020724
4.713	0.105841
4.714	0.063123
4.715	0.010842
4.716	0.015943
4.717	0.04304
4.718	-0.018805
4.719	0.002872
4.72	0.091177
4.721	0.064399
4.722	0.057385
4.723	-0.082563
4.724	-0.027094
4.725	0.000641
4.726	-0.084157
4.727	0.052603
4.728	0.001597
4.729	-0.055466
4.73	-0.045265
4.731	-0.01243
4.732	-0.0781
4.733	-0.022631
4.734	-0.023906
4.735	0.047503
4.736	-0.030601
4.737	-0.059292
4.738	-0.085432
4.739	-0.037295
4.74	-0.07555
4.741	-0.012111
4.742	0.004785
4.743	0.014667
4.744	0.033157
4.745	-0.028688
4.746	0.010523
4.747	-0.014661
4.748	-0.011473
4.749	0.053878
4.75	-0.012748
4.751	-0.035701
4.752	-0.010198
4.753	-0.006054
4.754	0.051966
4.755	0.051966
4.756	0.005423
4.757	-0.076187
4.758	0.071093
4.759	0.054516
4.76	-0.059929
4.761	-0.055785
4.762	0.034114
4.763	-0.066624
4.764	-0.044946
4.765	-0.062798
4.766	-0.041758
4.767	0.036026
4.768	-0.037614
4.769	-0.033151
4.77	0.002235
4.771	0.051009
4.772	0.006698
4.773	-0.044627
4.774	-0.012111
4.775	0.012436
4.776	0.017855
4.777	0.05866
4.778	-0.042396
4.779	0.074281
4.78	0.092452
4.781	-0.114442
4.782	-0.050047
4.783	0.116999
4.784	0.015624
4.785	-0.023906
4.786	-0.020081
4.787	0.098509
4.788	-0.019124
4.789	0.00861
4.79	-0.013386
4.791	-0.112848
4.792	-0.016574
4.793	0.094365
4.794	0.028375
4.795	-0.069174
4.796	0.055472
4.797	-0.008604
4.798	-0.053872
4.799	-0.070449
4.8	-0.043352
4.801	0.029013
4.802	-0.003185
4.803	-0.072043
4.804	-0.020718
4.805	0.03252
4.806	-0.033151
4.807	-0.073637
4.808	0.006379
4.809	0.009886
4.81	-0.011154
4.811	0.031882
4.812	-0.090214
4.813	0.021362
4.814	0.037301
4.815	0.00606
4.816	-0.047815
4.817	-0.008604
4.818	0.066311
4.819	-0.00701
4.82	-0.006373
4.821	0.069499
4.822	0.00861
4.823	0.043358
4.824	-0.056423
4.825	-0.069174
4.826	-0.029325
4.827	-0.065667
4.828	0.041127
4.829	-0.035701
4.83	-0.068218
4.831	-0.051959
4.832	0.008292
4.833	-0.063755
4.834	-0.01498
4.835	-0.023906
4.836	0.017855
4.837	-0.05961
4.838	-0.001272
4.839	-0.028688
4.84	-0.039845
4.841	-0.086389
4.842	-0.021037
4.843	-0.001591
4.844	0.001597
4.845	0.021362
4.846	-0.016893
4.847	-0.025181
4.848	-0.006691
4.849	-0.00446
4.85	0.056429
4.851	0.01658
4.852	-0.016574
4.853	-0.005097
4.854	0.015624
4.855	0.071412
4.856	0.04814
4.857	0.026781
4.858	-0.056741
4.859	0.051328
4.86	0.047503
4.861	-0.100734
4.862	-0.033151
4.863	0.096596
4.864	-0.048772
4.865	-0.048772
4.866	-0.045265
4.867	-0.050684
4.868	0.032838
4.869	-0.029644
4.87	-0.018805
4.871	0.04559
4.872	0.017537
4.873	-0.02805
4.874	-0.051003
4.875	-0.032832
4.876	0.041446
4.877	0.017855
4.878	0.06663
4.879	-0.058016
4.88	0.032201
4.881	0.065992
4.882	-0.106791
4.883	-0.073
4.884	0.100103
4.885	0.034751
4.886	-0.019762
4.887	-0.013386
4.888	0.088626
4.889	0.004785
4.89	0.012117
4.891	-0.009242
4.892	-0.101053
4.893	0.022318
4.894	0.057066
4.895	0.001597
4.896	-0.05451
4.897	0.053241
4.898	-0.031557
4.899	-0.060886
4.9	-0.098184
4.901	-0.072681
4.902	0.032838
4.903	0.001597
4.904	-0.068855
4.905	-0.036339
4.906	-0.009561
4.907	-0.019762
4.908	-0.080332
4.909	-0.007648
4.91	0.021043
4.911	0.000322
4.912	0.015943
4.913	-0.144408
4.914	0.014667
4.915	0.04304
4.916	-0.059292
4.917	-0.028688
4.918	0.030288
4.919	0.103928
4.92	-0.021675
4.921	-0.002866
4.922	0.1272
4.923	0.022318
4.924	0.048778
4.925	-0.053235
4.926	-0.05961
4.927	-0.070449
4.928	0.048778
4.929	0.06918
4.93	-0.05451
4.931	-0.003504
4.932	-0.06248
4.933	-0.003822
4.934	-0.084795
4.935	-0.01243
4.936	0.013392
4.937	0.004785
4.938	-0.044627
4.939	-0.023587
4.94	-0.024862
4.941	-0.016574
4.942	-0.090533
4.943	-0.008923
4.944	-0.017849
4.945	0.001597
4.946	0.062167
4.947	-0.0255
4.948	0.035707
4.949	0.018174
4.95	0.042402
4.951	0.016261
4.952	0.042083
4.953	-0.016893
4.954	-0.024225
4.955	0.045271
4.956	0.05356
4.957	0.047821
4.958	0.029013
4.959	-0.066624
4.96	0.061529
4.961	0.029969
4.962	-0.108066
4.963	0.025825
4.964	0.032201
4.965	-0.042396
4.966	-0.05961
4.967	-0.034426
4.968	-0.0255
4.969	0.015624
4.97	-0.025181
4.971	0.001597
4.972	-0.001591
4.973	-0.006373
4.974	0.005423
4.975	-0.03857
4.976	-0.03857
4.977	0.034751
4.978	0.002553
4.979	0.02455
4.98	-0.034745
4.981	0.045909
4.982	0.05356
4.983	-0.08352
4.984	-0.060248
4.985	0.1272
4.986	-0.011473
4.987	-0.046859
4.988	-0.00191
4.989	0.039214
4.99	0.006379
4.991	0.026781
4.992	-0.008923
4.993	-0.087983
4.994	0.046228
4.995	0.056748
4.996	-0.034745
4.997	-0.042396
4.998	0.054197
4.999	-0.099459
5	-0.041121
5.001	-0.062161
5.002	-0.05706
5.003	0.018174
5.004	0.002872
5.005	-0.07013
5.006	-0.006691
5.007	0.030288
5.008	-0.023268
5.009	-0.084157
5.01	0.007016
5.011	0.012117
5.012	-0.013386
5.013	0.036983
5.014	-0.096271
5.015	0.055154
5.016	0.04814
5.017	-0.025181
5.018	-0.037295
5.019	0.022
5.02	0.097553
5.021	0.007016
5.022	-0.032195
5.023	0.085757
5.024	-0.003822
5.025	0.052922
5.026	-0.050047
5.027	-0.087345
5.028	-0.072362
5.029	0.084801
5.03	0.068224
5.031	-0.01498
5.032	0.021043
5.033	-0.021675
5.034	-0.009879
5.035	-0.078419
5.036	-0.032832
5.037	-0.003185
5.038	0.022637
5.039	-0.050366
5.04	-0.032832
5.041	0.004785
5.042	-0.054829
5.043	-0.088939
5.044	0.003829
5.045	-0.003504
5.046	0.031563
5.047	0.017855
5.048	-0.06758
5.049	-0.021037
5.05	-0.030601
5.051	0.033157
5.052	0.001278
5.053	0.035389
5.054	-0.013386
5.055	-0.002228
5.056	0.051966
5.057	0.053878
5.058	0.067905
5.059	0.029969
5.06	-0.077463
5.061	0.039214
5.062	-0.008285
5.063	-0.136439
5.064	0.001597
5.065	0.029013
5.066	-0.034426
5.067	-0.071087
5.068	-0.036339
5.069	-0.053235
5.07	-0.022312
5.071	-0.023587
5.072	-0.002228
5.073	-0.025819
5.074	-0.021037
5.075	0.012436
5.076	-0.056423
5.077	-0.027094
5.078	0.021043
5.079	-0.010836
5.08	0.036664
5.081	-0.01498
5.082	-0.001591
5.083	-0.018805
5.084	-0.08607
5.085	-0.053553
5.086	0.098509
5.087	0.00861
5.088	-0.057379
5.089	-0.018168
5.09	0.087989
5.091	0.031563
5.092	0.030926
5.093	0.009567
5.094	-0.079375
5.095	0.049097
5.096	0.038577
5.097	-0.03602
5.098	-0.034107
5.099	0.061211
5.1	-0.097865
5.101	-0.061842
5.102	-0.071406
5.103	-0.080969
5.104	0.033157
5.105	-0.009561
5.106	-0.055466
5.107	-0.010517
5.108	0.033795
5.109	0.002872
5.11	-0.069493
5.111	0.006379
5.112	0.016261
5.113	0.020087
5.114	0.055472
5.115	-0.066943
5.116	0.062805
5.117	0.028057
5.118	-0.061523
5.119	-0.069174
5.12	0.062486
5.121	0.0797
5.122	0.000641
5.123	-0.030282
5.124	0.102016
5.125	0.004147
5.126	0.031882
5.127	-0.027094
5.128	-0.083838
5.129	-0.073637
5.13	0.123374
5.131	0.122737
5.132	-0.017211
5.133	0.01913
5.134	-0.043671
5.135	-0.033789
5.136	-0.073
5.137	-0.041758
5.138	-0.004779
5.139	0.004147
5.14	-0.057379
5.141	-0.032513
5.142	-0.005735
5.143	-0.048134
5.144	-0.087345
5.145	0.001597
5.146	-0.003822
5.147	0.009567
5.148	0.02455
5.149	-0.090852
5.15	0.026781
5.151	0.054197
5.152	0.051966
5.153	0.004785
5.154	0.020724
5.155	0.004785
5.156	0.008929
5.157	-0.010836
5.158	0.058979
5.159	0.066311
5.16	0.033795
5.161	-0.06758
5.162	0.029332
5.163	0.002553
5.164	-0.099459
5.165	0.018174
5.166	0.018493
5.167	-0.058654
5.168	-0.040483
5.169	-0.032832
5.17	-0.053553
5.171	-0.040483
5.172	-0.022631
5.173	-0.015936
5.174	-0.013067
5.175	-0.036658
5.176	-0.01243
5.177	-0.05451
5.178	-0.009879
5.179	0.023912
5.18	-0.007329
5.181	0.050053
5.182	0.026463
5.183	0.024231
5.184	0.016899
5.185	-0.05961
5.186	-0.033151
5.187	0.081294
5.188	-0.005097
5.189	-0.048772
5.19	-0.027732
5.191	0.055791
5.192	0.022318
5.193	0.038577
5.194	0.029013
5.195	-0.084795
5.196	0.065992
5.197	0.055472
5.198	-0.031876
5.199	0.001916
5.2	0.049097
5.201	-0.079057
5.202	-0.039845
5.203	-0.076187
5.204	-0.060248
5.205	0.031563
5.206	-0.001591
5.207	-0.024544
5.208	-0.03347
5.209	0.03252
5.21	-0.007648
5.211	-0.071406
5.212	-0.01498
5.213	0.02455
5.214	-0.013386
5.215	0.05611
5.216	-0.114761
5.217	0.038258
5.218	0.045271
5.219	-0.114761
5.22	-0.055147
5.221	0.033476
5.222	0.06918
5.223	-0.001591
5.224	-0.078419
5.225	0.125287
5.226	-0.008604
5.227	-0.00191
5.228	-0.026456
5.229	-0.092127
5.23	-0.05706
5.231	0.078425
5.232	0.033157
5.233	-0.034426
5.234	0.047184
5.235	-0.042715
5.236	-0.030601
5.237	-0.071406
5.238	-0.055785
5.239	0.002872
5.24	0.024231
5.241	-0.075231
5.242	-0.063436
5.243	0.036664
5.244	-0.03602
5.245	-0.064711
5.246	-0.019443
5.247	-0.028688
5.248	-0.001591
5.249	0.01913
5.25	-0.115398
5.251	0.044315
5.252	0.029969
5.253	0.018812
5.254	-0.004141
5.255	0.015305
5.256	0.026463
5.257	0.007654
5.258	-0.006054
5.259	0.050372
5.26	0.040489
5.261	0.024231
5.262	-0.072043
5.263	0.002553
5.264	-0.025181
5.265	-0.075869
5.266	0.042083
5.267	0.010523
5.268	-0.050366
5.269	-0.047496
5.27	-0.025819
5.271	-0.060248
5.272	-0.015299
5.273	-0.010198
5.274	-0.032513
5.275	-0.045902
5.276	-0.008923
5.277	0.000959
5.278	-0.03857
5.279	-0.02805
5.28	0.010523
5.281	-0.030919
5.282	0.036345
5.283	0.052603
5.284	0.005423
5.285	0.045271
5.286	-0.057698
5.287	-0.037295
5.288	0.089583
5.289	-0.017849
5.29	-0.020399
5.291	0.000322
5.292	0.013711
5.293	0.020406
5.294	0.029969
5.295	0.025825
5.296	-0.082563
5.297	0.065355
5.298	0.060254
5.299	-0.036976
5.3	-0.043033
5.301	0.040808
5.302	-0.093721
5.303	-0.047496
5.304	-0.073956
5.305	-0.071406
5.306	0.020724
5.307	-0.016255
5.308	-0.026138
5.309	-0.018487
5.31	0.020087
5.311	-0.049409
5.312	-0.078738
5.313	-0.001272
5.314	0.034114
5.315	-0.013067
5.316	0.025825
5.317	-0.073
5.318	0.048459
5.319	0.04559
5.32	-0.102009
5.321	-0.048453
5.322	0.053241
5.323	0.064399
5.324	0.008929
5.325	-0.09659
5.326	0.131025
5.327	0.013711
5.328	0.001597
5.329	0.002553
5.33	-0.079375
5.331	-0.038252
5.332	0.080338
5.333	0.036345
5.334	-0.021037
5.335	0.064717
5.336	-0.013386
5.337	-0.040483
5.338	-0.066624
5.339	-0.055466
5.34	0.004785
5.341	-0.010836
5.342	-0.068855
5.343	-0.021675
5.344	0.004785
5.345	-0.052597
5.346	-0.08862
5.347	0.000322
5.348	-0.007329
5.349	0.004466
5.35	0.05356
5.351	-0.116036
5.352	0.047184
5.353	0.092452
5.354	0.005423
5.355	0.007654
5.356	0.015305
5.357	0.042721
5.358	-0.030282
5.359	-0.037614
5.36	0.081932
5.361	0.055791
5.362	0.047503
5.363	-0.057698
5.364	-0.01243
5.365	-0.030919
5.366	-0.074912
5.367	0.060573
5.368	0.012755
5.369	-0.055147
5.37	-0.064073
5.371	-0.001591
5.372	-0.056423
5.373	-0.023587
5.374	-0.035064
5.375	-0.005097
5.376	-0.056104
5.377	-0.03602
5.378	-0.016893
5.379	-0.040802
5.38	-0.057379
5.381	0.015305
5.382	-0.03857
5.383	0.05611
5.384	0.020724
5.385	-0.008285
5.386	0.057385
5.387	0.01658
5.388	0.010523
5.389	0.075875
5.39	0.024231
5.391	-0.034426
5.392	-0.02805
5.393	0.018174
5.394	-0.006054
5.395	0.040171
5.396	0.013392
5.397	-0.075869
5.398	0.072368
5.399	0.040171
5.4	-0.081288
5.401	-0.029007
5.402	0.058979
5.403	-0.097228
5.404	-0.020399
5.405	-0.057698
5.406	-0.055785
5.407	0.01913
5.408	-0.003504
5.409	-0.066305
5.41	-0.000953
5.411	0.01403
5.412	-0.000316
5.413	-0.060248
5.414	-0.019443
5.415	0.04304
5.416	-0.013067
5.417	0.025825
5.418	-0.064073
5.419	0.071412
5.42	0.097234
5.421	-0.089577
5.422	-0.040802
5.423	0.102016
5.424	0.01913
5.425	-0.017211
5.426	-0.036658
5.427	0.119549
5.428	-0.027732
5.429	0.015305
5.43	-0.020081
5.431	-0.089895
5.432	-0.033151
5.433	0.076831
5.434	0.051328
5.435	-0.047496
5.436	0.065992
5.437	-0.055785
5.438	-0.011792
5.439	-0.079375
5.44	-0.060567
5.441	0.013392
5.442	-0.012748
5.443	-0.069493
5.444	-0.057379
5.445	0.018493
5.446	-0.052597
5.447	-0.092764
5.448	0.000322
5.449	-0.024862
5.45	0.017537
5.451	0.039533
5.452	-0.116674
5.453	0.038577
5.454	0.04559
5.455	0.03762
5.456	-0.01753
5.457	-0.008923
5.458	0.080976
5.459	-0.015299
5.46	-0.00446
5.461	0.04559
5.462	0.030288
5.463	0.050372
5.464	-0.077463
5.465	-0.040802
5.466	-0.05451
5.467	-0.025819
5.468	0.024231
5.469	-0.013386
5.47	-0.048453
5.471	-0.03857
5.472	0.017218
5.473	-0.084157
5.474	-0.023587
5.475	-0.03347
5.476	0.00606
5.477	-0.075231
5.478	-0.041439
5.479	-0.012748
5.48	-0.058016
5.481	-0.051322
5.482	-0.002866
5.483	-0.00701
5.484	0.040489
5.485	0.007654
5.486	-0.005097
5.487	0.009886
5.488	0.057704
5.489	0.005423
5.49	0.040808
5.491	-0.001272
5.492	-0.066305
5.493	-0.034426
5.494	-0.009242
5.495	0.041764
5.496	0.045271
5.497	0.00351
5.498	-0.051003
5.499	0.083207
5.5	0.020724
5.501	-0.093721
5.502	-0.041758
5.503	0.076194
5.504	-0.054191
5.505	-0.03602
5.506	-0.054829
5.507	-0.05706
5.508	-0.004141
5.509	-0.028688
5.51	-0.029644
5.511	-0.026138
5.512	0.008292
5.513	-0.011792
5.514	-0.07555
5.515	-0.029644
5.516	0.01403
5.517	-0.007329
5.518	0.061848
5.519	-0.047496
5.52	0.055472
5.521	0.082569
5.522	-0.087345
5.523	-0.05961
5.524	0.081613
5.525	0.025506
5.526	-0.034107
5.527	-0.026775
5.528	0.091814
5.529	0.010523
5.53	0.021681
5.531	-0.022631
5.532	-0.104241
5.533	-0.036339
5.534	0.091814
5.535	0.010204
5.536	-0.085751
5.537	0.075875
5.538	-0.039208
5.539	-0.042077
5.54	-0.081288
5.541	-0.047496
5.542	0.000959
5.543	0.015624
5.544	-0.079375
5.545	-0.033151
5.546	0.007973
5.547	-0.014342
5.548	-0.069493
5.549	-0.000953
5.55	0.005741
5.551	0.012755
5.552	0.022318
5.553	-0.114123
5.554	0.024869
5.555	0.046228
5.556	-0.037614
5.557	-0.028369
5.558	0.021362
5.559	0.036664
5.56	-0.036339
5.561	-0.034745
5.562	0.089264
5.563	0.046228
5.564	0.044315
5.565	-0.048134
5.566	-0.062161
5.567	-0.051322
5.568	-0.041121
5.569	0.097553
5.57	-0.013067
5.571	-0.043033
5.572	-0.037933
5.573	0.029013
5.574	-0.062798
5.575	-0.040802
5.576	-0.008604
5.577	0.002553
5.578	-0.078738
5.579	-0.011154
5.58	-0.037614
5.581	-0.019762
5.582	-0.074912
5.583	-0.02295
5.584	-0.01243
5.585	0.023275
5.586	0.014667
5.587	-0.012748
5.588	0.025187
5.589	0.075556
5.59	0.036983
5.591	0.035707
5.592	0.01403
5.593	-0.051003
5.594	0.00351
5.595	-0.011473
5.596	0.030926
5.597	0.030288
5.598	0.001597
5.599	-0.073956
5.6	0.074919
5.601	0.012117
5.602	-0.121774
5.603	0.021681
5.604	0.058023
5.605	-0.051641
5.606	-0.031876
5.607	-0.046221
5.608	-0.036658
5.609	0.001916
5.61	0.000322
5.611	-0.04654
5.612	-0.006691
5.613	0.040489
5.614	-0.002866
5.615	-0.055785
5.616	-0.003185
5.617	0.033795
5.618	0.016899
5.619	0.044634
5.62	-0.014661
5.621	0.063442
5.622	0.065036
5.623	-0.106791
5.624	-0.026456
5.625	0.099784
5.626	0.000322
5.627	-0.006054
5.628	-0.024862
5.629	0.071731
5.63	-0.000316
5.631	-0.002228
5.632	-0.00701
5.633	-0.10966
5.634	0.001278
5.635	0.093408
5.636	-0.013705
5.637	-0.036976
5.638	0.083526
5.639	-0.036658
5.64	-0.029007
5.641	-0.080013
5.642	-0.059292
5.643	0.018812
5.644	0.015943
5.645	-0.085751
5.646	-0.044627
5.647	0.024869
5.648	-0.025819
5.649	-0.090214
5.65	-0.002866
5.651	0.003191
5.652	-0.004779
5.653	0.062167
5.654	-0.112529
5.655	0.017855
5.656	0.087351
5.657	-0.008604
5.658	-0.037933
5.659	0.023912
5.66	0.081294
5.661	-0.017849
5.662	-0.026138
5.663	0.095959
5.664	0.018812
5.665	0.039852
5.666	-0.067261
5.667	-0.067261
5.668	-0.058973
5.669	0.005423
5.67	0.095959
5.671	-0.022312
5.672	-0.009879
5.673	-0.026138
5.674	0.014986
5.675	-0.073956
5.676	-0.051959
5.677	0.001278
5.678	0.01658
5.679	-0.086389
5.68	-0.03857
5.681	-0.033151
5.682	-0.032513
5.683	-0.074593
5.684	-0.020399
5.685	-0.001591
5.686	-0.003185
5.687	0.016899
5.688	-0.02805
5.689	-0.000634
5.69	0.036345
5.691	0.022318
5.692	0.01913
5.693	0.022318
5.694	-0.044946
5.695	-0.013705
5.696	0.013711
5.697	0.038577
5.698	0.037301
5.699	0.018812
5.7	-0.054829
5.701	0.071731
5.702	0.012755
5.703	-0.154928
5.704	0.006698
5.705	0.0271
5.706	-0.03602
5.707	-0.041758
5.708	-0.039845
5.709	-0.042077
5.71	0.020724
5.711	0.002872
5.712	-0.054191
5.713	-0.014661
5.714	0.008929
5.715	0.007016
5.716	-0.034426
5.717	-0.023268
5.718	0.044315
5.719	0.003829
5.72	0.014349
5.721	0.000641
5.722	0.062167
5.723	0.061529
5.724	-0.12815
5.725	-0.055785
5.726	0.112217
5.727	0.012755
5.728	-0.018805
5.729	-0.026775
5.73	0.062167
5.731	-0.000316
5.732	0.00606
5.733	0.020087
5.734	-0.093083
5.735	0.036983
5.736	0.060573
5.737	-0.000316
5.738	-0.018805
5.739	0.041127
5.74	-0.071724
5.741	-0.007648
5.742	-0.080332
5.743	-0.063117
5.744	0.007016
5.745	-0.016574
5.746	-0.087345
5.747	-0.004779
5.748	0.010523
5.749	-0.009879
5.75	-0.089577
5.751	0.000959
5.752	0.03252
5.753	0.017218
5.754	0.058979
5.755	-0.126875
5.756	0.053878
5.757	0.054835
5.758	0.006698
5.759	-0.045584
5.76	0.038895
5.761	0.082888
5.762	0.001597
5.763	-0.026456
5.764	0.093408
5.765	-0.006054
5.766	0.037939
5.767	-0.044309
5.768	-0.087983
5.769	-0.064711
5.77	0.059935
5.771	0.109348
5.772	-0.034745
5.773	0.029013
5.774	-0.007967
5.775	0.010523
5.776	-0.084476
5.777	-0.032195
5.778	-0.013067
5.779	0.013392
5.78	-0.037295
5.781	-0.031238
5.782	-0.020081
5.783	-0.040483
5.784	-0.084795
5.785	-0.015936
5.786	-0.022631
5.787	0.022
5.788	-0.007329
5.789	-0.072362
5.79	0.006698
5.791	0.037301
5.792	0.076831
5.793	0.038895
5.794	0.049734
5.795	-0.010836
5.796	-0.002547
5.797	0.001278
5.798	0.038577
5.799	0.044952
5.8	0.040171
5.801	-0.067261
5.802	0.04814
5.803	0.015305
5.804	-0.145683
5.805	0.025825
5.806	0.041127
5.807	-0.005416
5.808	-0.061842
5.809	-0.042077
5.81	-0.031557
5.811	-0.011154
5.812	-0.022312
5.813	-0.053872
5.814	0.003829
5.815	-0.003185
5.816	-0.033151
5.817	-0.042396
5.818	-0.036976
5.819	0.000641
5.82	0.000641
5.821	0.024231
5.822	0.031244
5.823	0.035389
5.824	0.028375
5.825	-0.069174
5.826	-0.030919
5.827	0.109667
5.828	0.000322
5.829	-0.055785
5.83	-0.021993
5.831	0.068862
5.832	0.017855
5.833	0.004147
5.834	0.006379
5.835	-0.105197
5.836	0.058342
5.837	0.059298
5.838	-0.039208
5.839	-0.039208
5.84	0.036664
5.841	-0.045902
5.842	-0.024225
5.843	-0.083838
5.844	-0.082563
5.845	0.045909
5.846	-0.006054
5.847	-0.07555
5.848	-0.024544
5.849	0.04304
5.85	-0.021675
5.851	-0.05706
5.852	0.00606
5.853	0.030926
5.854	0.0271
5.855	0.006379
5.856	-0.073956
5.857	0.04814
5.858	0.084163
5.859	-0.036976
5.86	-0.064711
5.861	0.018493
5.862	0.081932
5.863	-0.016893
5.864	-0.022312
5.865	0.106797
5.866	-0.031876
5.867	0.02455
5.868	-0.039527
5.869	-0.091171
5.87	-0.084157
5.871	0.068862
5.872	0.081932
5.873	-0.058654
5.874	0.031563
5.875	-0.043033
5.876	0.022637
5.877	-0.068218
5.878	-0.055466
5.879	0.046228
5.88	0.00351
5.881	-0.081607
5.882	-0.040802
5.883	-0.007648
5.884	-0.037614
5.885	-0.04654
5.886	-0.005416
5.887	-0.018805
5.888	0.018812
5.889	-0.013067
5.89	-0.075869
5.891	0.023594
5.892	0.028375
5.893	0.035707
5.894	0.068862
5.895	0.02455
5.896	0.013073
5.897	-0.035382
5.898	-0.007967
5.899	0.057066
5.9	0.043358
5.901	0.059617
5.902	-0.084476
5.903	0.031244
5.904	-0.009879
5.905	-0.171824
5.906	0.000322
5.907	0.041127
5.908	-0.0255
5.909	-0.05961
5.91	-0.022631
5.911	-0.069493
5.912	0.004147
5.913	-0.05961
5.914	-0.012111
5.915	-0.013386
5.916	-0.029644
5.917	-0.037295
5.918	-0.032832
5.919	-0.026138
5.92	0.001597
5.921	-0.013386
5.922	0.004466
5.923	-0.000316
5.924	0.036026
5.925	0.00861
5.926	-0.064392
5.927	-0.07555
5.928	0.104566
5.929	0.005104
5.93	-0.029325
5.931	0.001597
5.932	0.044634
5.933	0.021362
5.934	0.033157
5.935	0.041446
5.936	-0.063755
5.937	0.06408
5.938	0.074919
5.939	-0.027732
5.94	-0.065986
5.941	0.060573
5.942	-0.042715
5.943	-0.032513
5.944	-0.072043
5.945	-0.082244
5.946	0.048778
5.947	-0.013705
5.948	-0.033151
5.949	-0.029325
5.95	0.064717
5.951	-0.025819
5.952	-0.076825
5.953	0.021681
5.954	0.003829
5.955	0.028057
5.956	0.015305
5.957	-0.090852
5.958	0.059298
5.959	0.10361
5.96	-0.1256
5.961	-0.02295
5.962	0.051966
5.963	0.108391
5.964	-0.015936
5.965	-0.00191
5.966	0.123693
5.967	-0.030919
5.968	0.023594
5.969	-0.008923
5.97	-0.078419
5.971	-0.100734
5.972	0.085757
5.973	0.080338
5.974	-0.071724
5.975	0.037939
5.976	-0.041121
5.977	-0.013705
5.978	-0.073
5.979	-0.058016
5.98	0.031563
5.981	-0.010198
5.982	-0.095315
5.983	-0.054191
5.984	0.018493
5.985	-0.023268
5.986	-0.063755
5.987	-0.005416
5.988	0.012117
5.989	0.010204
5.99	-0.006691
5.991	-0.09659
5.992	0.009567
5.993	0.006379
5.994	0.06663
5.995	0.026144
5.996	0.012755
5.997	-0.020399
5.998	-0.05961
5.999	0.002553
6	0.057066
6.001	0.051328
6.002	0.039533
6.003	-0.076506
6.004	0.037939
6.005	-0.021037
6.006	-0.145683
6.007	0.042402
6.008	0.037939
6.009	-0.041439
6.01	-0.046859
6.011	-0.03602
6.012	-0.032195
6.013	0.016899
6.014	-0.032513
6.015	0.023594
6.016	-0.046859
6.017	-0.013705
6.018	-0.061204
6.019	-0.037614
6.02	-0.043671
6.021	-0.008604
6.022	0.024231
6.023	-0.000634
6.024	0.002553
6.025	0.0271
6.026	0.017537
6.027	-0.073956
6.028	-0.021356
6.029	0.070137
6.03	-0.024862
6.031	-0.027732
6.032	-0.001272
6.033	0.018174
6.034	0.038577
6.035	0.034432
6.036	0.00351
6.037	-0.08352
6.038	0.072049
6.039	0.048459
6.04	-0.039845
6.041	-0.073956
6.042	0.065036
6.043	-0.049728
6.044	-0.083201
6.045	-0.058973
6.046	-0.067261
6.047	0.040808
6.048	-0.016893
6.049	-0.063436
6.05	-0.020081
6.051	0.069499
6.052	-0.037295
6.053	-0.071724
6.054	0.029969
6.055	-0.008604
6.056	0.010523
6.057	0.021043
6.058	-0.077781
6.059	0.067268
6.06	0.058342
6.061	-0.045265
6.062	-0.060567
6.063	0.058979
6.064	0.054516
6.065	-0.042715
6.066	-0.016574
6.067	0.105522
6.068	-0.036339
6.069	0.024869
6.07	-0.023906
6.071	-0.102966
6.072	-0.056741
6.073	0.093408
6.074	0.068224
6.075	-0.05706
6.076	0.035389
6.077	-0.013067
6.078	-0.020081
6.079	-0.086707
6.08	-0.06248
6.081	0.005423
6.082	-0.013067
6.083	-0.083838
6.084	-0.028688
6.085	0.026463
6.086	0.001278
6.087	-0.062798
6.088	-0.007967
6.089	0.011161
6.09	0.027419
6.091	0.049415
6.092	-0.096271
6.093	0.022956
6.094	0.041127
6.095	0.022956
6.096	0.03252
6.097	0.047184
6.098	0.041446
6.099	-0.034107
6.1	0.010523
6.101	0.080976
6.102	0.046865
6.103	0.04304
6.104	-0.069812
6.105	-0.013067
6.106	-0.002547
6.107	-0.107748
6.108	0.056429
6.109	0.031563
6.11	-0.051959
6.111	-0.045584
6.112	-0.003504
6.113	-0.031238
6.114	-0.025181
6.115	-0.025181
6.116	0.017218
6.117	-0.05706
6.118	-0.008604
6.119	-0.085751
6.12	-0.045902
6.121	-0.052278
6.122	0.007973
6.123	-0.00446
6.124	0.028057
6.125	0.019449
6.126	-0.009879
6.127	0.029969
6.128	0.025506
6.129	-0.024862
6.13	0.098509
6.131	0.004147
6.132	-0.012748
6.133	-0.002866
6.134	0.016899
6.135	0.042402
6.136	0.017218
6.137	0.040171
6.138	-0.074275
6.139	0.052922
6.14	0.064717
6.141	-0.051641
6.142	-0.076506
6.143	0.055472
6.144	-0.069493
6.145	-0.063755
6.146	-0.043033
6.147	-0.076825
6.148	0.008929
6.149	-0.036976
6.15	-0.053872
6.151	0.00351
6.152	0.034432
6.153	-0.011154
6.154	-0.076825
6.155	-0.018487
6.156	0.007016
6.157	-0.016574
6.158	0.046546
6.159	-0.080332
6.16	0.059298
6.161	0.092452
