0	-0.003504
0.001	0.044634
0.002	-0.153016
0.003	-0.007648
0.004	-0.030601
0.005	0.088308
0.006	-0.075869
0.007	0.059617
0.008	0.010842
0.009	-0.001591
0.01	-0.07013
0.011	0.075875
0.012	0.028057
0.013	-0.002547
0.014	-0.063755
0.015	-0.075231
0.016	0.022
0.017	-0.121137
0.018	0.065992
0.019	-0.012748
0.02	-0.065667
0.021	-0.037295
0.022	-0.023587
0.023	-0.056423
0.024	-0.05706
0.025	0.004466
0.026	0.036026
0.027	-0.127194
0.028	-0.003185
0.029	-0.034745
0.03	-0.019762
0.031	-0.066943
0.032	-0.029007
0.033	-0.003822
0.034	0.005104
0.035	0.007335
0.036	-0.066624
0.037	-0.020399
0.038	-0.039527
0.039	-0.032195
0.04	0.039533
0.041	0.025187
0.042	-0.064711
0.043	0.048459
0.044	-0.044309
0.045	0.086714
0.046	0.003829
0.047	0.026144
0.048	-0.041121
0.049	-0.018805
0.05	0.048778
0.051	-0.044309
0.052	-0.000316
0.053	0.007335
0.054	-0.031876
0.055	-0.057379
0.056	0.010842
0.057	-0.05961
0.058	0.013073
0.059	-0.048453
0.06	0.060254
0.061	-0.031557
0.062	-0.008923
0.063	-0.038889
0.064	-0.055147
0.065	-0.045902
0.066	0.015943
0.067	0.002872
0.068	0.030607
0.069	0.023594
0.07	0.005104
0.071	0.056429
0.072	-0.096271
0.073	-0.034745
0.074	0.089264
0.075	0.065355
0.076	-0.022312
0.077	-0.012748
0.078	0.036026
0.079	0.03762
0.08	0.008929
0.081	0.036983
0.082	-0.043352
0.083	-0.030282
0.084	0.15079
0.085	-0.035382
0.086	-0.10456
0.087	0.043677
0.088	0.027419
0.089	-0.045265
0.09	-0.06248
0.091	-0.035064
0.092	0.055791
0.093	-0.082563
0.094	0.021681
0.095	-0.016255
0.096	0.021681
0.097	-0.022631
0.098	-0.078419
0.099	-0.022312
0.1	0.015943
0.101	0.020406
0.102	0.013073
0.103	-0.08607
0.104	0.04559
0.105	0.116999
0.106	0.033795
0.107	-0.073956
0.108	0.028375
0.109	0.098509
0.11	0.023594
0.111	-0.073318
0.112	0.092452
0.113	-0.008923
0.114	0.022
0.115	0.004147
0.116	-0.104241
0.117	0.002872
0.118	0.030607
0.119	0.063442
0.12	-0.107429
0.121	-0.02295
0.122	0.020087
0.123	0.004147
0.124	-0.080332
0.125	-0.068218
0.126	0.078744
0.127	-0.081926
0.128	-0.068855
0.129	-0.013067
0.13	-0.003504
0.131	-0.026775
0.132	-0.062161
0.133	0.00606
0.134	0.004466
0.135	-0.016893
0.136	0.043358
0.137	-0.14409
0.138	-0.002228
0.139	0.018174
0.14	0.105522
0.141	-0.077463
0.142	0.046865
0.143	0.000959
0.144	0.012117
0.145	-0.063755
0.146	0.084163
0.147	0.022
0.148	0.016261
0.149	-0.045902
0.15	-0.100734
0.151	0.019449
0.152	-0.108066
0.153	0.064717
0.154	0.005423
0.155	-0.027413
0.156	-0.045902
0.157	-0.013386
0.158	-0.058016
0.159	-0.065667
0.16	-0.007648
0.161	0.034114
0.162	-0.112848
0.163	-0.014661
0.164	-0.032832
0.165	-0.026138
0.166	-0.066305
0.167	-0.021356
0.168	0.007654
0.169	0.007654
0.17	0.050691
0.171	-0.059292
0.172	-0.021675
0.173	-0.05961
0.174	0.015305
0.175	0.073325
0.176	0.017537
0.177	-0.051959
0.178	0.048459
0.179	-0.039845
0.18	0.073643
0.181	0.023912
0.182	0.004466
0.183	-0.039208
0.184	-0.047178
0.185	0.038258
0.186	-0.037933
0.187	-0.007648
0.188	0.041127
0.189	-0.033151
0.19	-0.064392
0.191	0.022956
0.192	-0.050684
0.193	0.029969
0.194	-0.064711
0.195	0.061529
0.196	-0.031876
0.197	-0.005416
0.198	-0.050047
0.199	-0.059292
0.2	-0.052278
0.201	0.013073
0.202	0.026144
0.203	0.040489
0.204	-0.007329
0.205	0.025825
0.206	0.082569
0.207	-0.089895
0.208	-0.029644
0.209	0.057066
0.21	0.057704
0.211	-0.029007
0.212	0.018174
0.213	0.03252
0.214	0.033476
0.215	0.028057
0.216	0.053241
0.217	-0.047496
0.218	-0.009561
0.219	0.118593
0.22	-0.063755
0.221	-0.089895
0.222	0.066949
0.223	0.047184
0.224	-0.058335
0.225	-0.065986
0.226	-0.042715
0.227	0.047184
0.228	-0.056741
0.229	-0.020081
0.23	-0.021356
0.231	0.002553
0.232	-0.026775
0.233	-0.060886
0.234	-0.016255
0.235	0.014667
0.236	0.011161
0.237	0.03762
0.238	-0.101053
0.239	0.042402
0.24	0.147284
0.241	-0.019762
0.242	-0.053235
0.243	0.022956
0.244	0.09564
0.245	0.000322
0.246	-0.087026
0.247	0.082569
0.248	0.002553
0.249	0.029969
0.25	0.006379
0.251	-0.079694
0.252	-0.040802
0.253	0.055472
0.254	0.080657
0.255	-0.069493
0.256	-0.018168
0.257	0.011798
0.258	-0.017849
0.259	-0.090533
0.26	-0.073956
0.261	0.063442
0.262	-0.075869
0.263	-0.073
0.264	-0.030919
0.265	-0.006373
0.266	-0.021037
0.267	-0.080013
0.268	-0.020081
0.269	0.018493
0.27	-0.014342
0.271	0.027419
0.272	-0.122412
0.273	0.003191
0.274	0.102972
0.275	0.082888
0.276	-0.081288
0.277	0.059935
0.278	0.007654
0.279	0.013073
0.28	-0.083838
0.281	0.090539
0.282	0.021681
0.283	0.015943
0.284	-0.048453
0.285	-0.099778
0.286	0.036026
0.287	-0.100734
0.288	0.117955
0.289	-0.001591
0.29	-0.052278
0.291	-0.039208
0.292	0.002235
0.293	-0.056741
0.294	-0.061523
0.295	0.029969
0.296	-0.009879
0.297	-0.091171
0.298	0.000641
0.299	-0.026456
0.3	-0.040802
0.301	-0.072362
0.302	-0.011792
0.303	0.01658
0.304	0.012117
0.305	0.014349
0.306	-0.042077
0.307	-0.029007
0.308	-0.03347
0.309	-0.033151
0.31	0.022318
0.311	0.016261
0.312	-0.05961
0.313	0.019449
0.314	-0.041121
0.315	0.095959
0.316	0.025506
0.317	0.016899
0.318	-0.04399
0.319	-0.064392
0.32	0.017855
0.321	-0.071087
0.322	0.011161
0.323	0.04814
0.324	-0.027413
0.325	-0.082563
0.326	0.004147
0.327	-0.05706
0.328	-0.001591
0.329	-0.077781
0.33	0.051966
0.331	-0.060248
0.332	0.009248
0.333	-0.035064
0.334	-0.031557
0.335	-0.047178
0.336	-0.008285
0.337	0.005423
0.338	0.045909
0.339	0.003829
0.34	0.03762
0.341	0.058342
0.342	-0.100415
0.343	-0.025181
0.344	0.109667
0.345	0.0271
0.346	-0.041439
0.347	0.002872
0.348	-0.005097
0.349	0.044315
0.35	0.023594
0.351	0.01913
0.352	-0.050366
0.353	-0.020399
0.354	0.104247
0.355	-0.020081
0.356	-0.105835
0.357	0.062167
0.358	0.018493
0.359	-0.089895
0.36	-0.076506
0.361	-0.047178
0.362	0.04304
0.363	-0.052278
0.364	0.005104
0.365	-0.020081
0.366	-0.002866
0.367	-0.011473
0.368	-0.046221
0.369	-0.008604
0.37	0.008929
0.371	3.128e-06
0.372	0.05611
0.373	-0.087983
0.374	0.060254
0.375	0.10361
0.376	-0.023906
0.377	-0.073
0.378	0.045909
0.379	0.076831
0.38	-0.040164
0.381	-0.036339
0.382	0.065036
0.383	-0.024225
0.384	0.008929
0.385	0.016261
0.386	-0.080969
0.387	-0.026138
0.388	0.132938
0.389	0.064399
0.39	-0.094358
0.391	-0.003504
0.392	0.005423
0.393	-0.019124
0.394	-0.087983
0.395	-0.06758
0.396	0.081613
0.397	-0.080332
0.398	-0.05451
0.399	-0.023906
0.4	0.011161
0.401	0.007016
0.402	-0.079694
0.403	-0.011473
0.404	0.03252
0.405	0.005423
0.406	0.044315
0.407	-0.124962
0.408	-0.005735
0.409	0.088308
0.41	0.040489
0.411	-0.045265
0.412	0.066311
0.413	0.051328
0.414	0.002872
0.415	-0.042396
0.416	0.080019
0.417	-0.001272
0.418	0.033157
0.419	-0.021037
0.42	-0.100097
0.421	0.002872
0.422	-0.073956
0.423	0.149196
0.424	-0.030601
0.425	-0.050047
0.426	-0.03602
0.427	-0.008604
0.428	-0.051003
0.429	-0.073637
0.43	0.02455
0.431	-0.011792
0.432	-0.085114
0.433	-0.041121
0.434	0.021362
0.435	-0.016574
0.436	-0.082244
0.437	-0.011154
0.438	0.005423
0.439	0.014349
0.44	0.055472
0.441	-0.052916
0.442	-0.002547
0.443	0.050053
0.444	0.053241
0.445	0.004785
0.446	0.030926
0.447	-0.064711
0.448	0.052922
0.449	-0.045265
0.45	0.046865
0.451	0.028057
0.452	0.000322
0.453	-0.051641
0.454	-0.031876
0.455	0.018174
0.456	-0.065349
0.457	0.017218
0.458	0.029651
0.459	-0.021993
0.46	-0.081288
0.461	-0.005097
0.462	-0.065986
0.463	-0.019443
0.464	-0.042396
0.465	0.037301
0.466	-0.072362
0.467	-0.003822
0.468	-0.043033
0.469	-0.037614
0.47	-0.059929
0.471	-0.016574
0.472	0.002235
0.473	0.029332
0.474	0.017537
0.475	-0.00191
0.476	0.0271
0.477	-0.076187
0.478	-0.058654
0.479	0.061848
0.48	0.04304
0.481	-0.063436
0.482	-0.005735
0.483	0.033157
0.484	0.061848
0.485	0.023912
0.486	0.039852
0.487	-0.072043
0.488	0.026463
0.489	0.129113
0.49	-0.054191
0.491	-0.090533
0.492	0.053878
0.493	-0.010836
0.494	-0.044309
0.495	-0.068537
0.496	-0.060886
0.497	0.061211
0.498	-0.065986
0.499	0.013073
0.5	-0.018487
0.501	0.021362
0.502	-0.039527
0.503	-0.057698
0.504	-0.003822
0.505	0.011798
0.506	-0.002866
0.507	0.044315
0.508	-0.069493
0.509	0.067586
0.51	0.113173
0.511	-0.023268
0.512	-0.116992
0.513	0.059617
0.514	0.073643
0.515	-0.018805
0.516	-0.031238
0.517	0.047821
0.518	0.009567
0.519	0.023275
0.52	0.01658
0.521	-0.095315
0.522	-0.015936
0.523	0.127838
0.524	0.042721
0.525	-0.129744
0.526	0.003191
0.527	0.018174
0.528	-0.017211
0.529	-0.084476
0.53	-0.074593
0.531	0.089264
0.532	-0.105516
0.533	-0.027094
0.534	-0.014342
0.535	0.028057
0.536	-0.00701
0.537	-0.076825
0.538	0.003829
0.539	0.013073
0.54	-0.011792
0.541	0.018812
0.542	-0.124006
0.543	-0.001591
0.544	0.096596
0.545	0.06918
0.546	-0.078419
0.547	0.052603
0.548	0.053241
0.549	-0.021037
0.55	-0.050684
0.551	0.042402
0.552	0.013392
0.553	0.012755
0.554	-0.007967
0.555	-0.10456
0.556	0.021681
0.557	-0.082563
0.558	0.122099
0.559	-0.015936
0.56	-0.019443
0.561	-0.032832
0.562	-0.023587
0.563	-0.060567
0.564	-0.07555
0.565	0.029332
0.566	-0.041121
0.567	-0.074593
0.568	-0.049409
0.569	-0.008285
0.57	-0.004141
0.571	-0.091171
0.572	-0.016574
0.573	0.013711
0.574	0.0271
0.575	0.042083
0.576	-0.089258
0.577	-0.0255
0.578	0.017537
0.579	0.043358
0.58	-0.035701
0.581	0.042721
0.582	-0.032832
0.583	0.01403
0.584	-0.045584
0.585	0.08512
0.586	0.024869
0.587	0.003191
0.588	-0.056741
0.589	-0.000634
0.59	0.046865
0.591	-0.070449
0.592	-0.011792
0.593	0.027419
0.594	-0.035382
0.595	-0.062161
0.596	-0.005097
0.597	-0.069812
0.598	-0.015618
0.599	-0.029325
0.6	0.038895
0.601	-0.060886
0.602	0.000322
0.603	-0.051641
0.604	-0.029644
0.605	-0.048772
0.606	-0.008285
0.607	0.028375
0.608	0.043358
0.609	0.011161
0.61	0.005104
0.611	0.047821
0.612	-0.091808
0.613	-0.065349
0.614	0.086395
0.615	0.01658
0.616	-0.030601
0.617	0.009248
0.618	0.006698
0.619	0.062486
0.62	0.009248
0.621	0.016899
0.622	-0.058016
0.623	0.017855
0.624	0.111898
0.625	-0.050047
0.626	-0.09659
0.627	0.039214
0.628	0.013711
0.629	-0.064073
0.63	-0.05451
0.631	-0.046221
0.632	0.040171
0.633	-0.072043
0.634	0.052603
0.635	-0.038252
0.636	0.021043
0.637	-0.039845
0.638	-0.058016
0.639	0.005104
0.64	-0.003504
0.641	-0.012111
0.642	0.037301
0.643	-0.073318
0.644	0.055154
0.645	0.184901
0.646	-0.052597
0.647	-0.076506
0.648	0.033476
0.649	0.069499
0.65	-0.013067
0.651	-0.021993
0.652	0.032201
0.653	-0.018168
0.654	0.028375
0.655	0.020724
0.656	-0.089895
0.657	-0.029325
0.658	0.081613
0.659	0.065674
0.66	-0.106791
0.661	0.00861
0.662	0.013392
0.663	-0.022631
0.664	-0.096909
0.665	-0.076825
0.666	0.102334
0.667	-0.127194
0.668	-0.018805
0.669	-0.034426
0.67	0.017218
0.671	-0.020081
0.672	-0.084476
0.673	-0.006054
0.674	0.030607
0.675	0.008929
0.676	0.040171
0.677	-0.150146
0.678	0.014986
0.679	0.119549
0.68	0.052603
0.681	-0.015299
0.682	0.064399
0.683	0.071412
0.684	-0.017211
0.685	-0.055147
0.686	0.095959
0.687	0.016261
0.688	0.034432
0.689	-0.029007
0.69	-0.089895
0.691	0.036983
0.692	-0.111892
0.693	0.120505
0.694	0.005104
0.695	-0.027094
0.696	-0.042077
0.697	-0.016574
0.698	-0.053553
0.699	-0.073318
0.7	0.040171
0.701	-0.048453
0.702	-0.059292
0.703	-0.037933
0.704	-0.013705
0.705	-0.002547
0.706	-0.073
0.707	-0.007329
0.708	0.006698
0.709	0.046546
0.71	0.027738
0.711	-0.098503
0.712	0.01403
0.713	0.077788
0.714	0.067268
0.715	0.02455
0.716	0.056429
0.717	-0.050366
0.718	0.018174
0.719	-0.028369
0.72	0.070137
0.721	0.03252
0.722	0.01913
0.723	-0.053235
0.724	-0.059292
0.725	0.027419
0.726	-0.024225
0.727	0.01913
0.728	0.036664
0.729	-0.025181
0.73	-0.054829
0.731	0.0271
0.732	-0.067899
0.733	-0.002866
0.734	-0.035701
0.735	0.052922
0.736	-0.05706
0.737	0.013073
0.738	-0.03857
0.739	-0.025181
0.74	-0.046859
0.741	0.003191
0.742	-0.008604
0.743	0.023594
0.744	-0.018487
0.745	0.007973
0.746	0.062486
0.747	-0.0781
0.748	-0.032195
0.749	0.048459
0.75	0.059935
0.751	-0.059929
0.752	0.012755
0.753	-0.007648
0.754	0.058023
0.755	0.010523
0.756	0.045909
0.757	-0.051003
0.758	-0.024225
0.759	0.08512
0.76	-0.023268
0.761	-0.101691
0.762	0.037301
0.763	0.031563
0.764	-0.08862
0.765	-0.055466
0.766	-0.042715
0.767	0.0271
0.768	-0.073956
0.769	0.039852
0.77	-0.036658
0.771	-0.003822
0.772	-0.026456
0.773	-0.060567
0.774	-0.022631
0.775	0.019768
0.776	-0.001591
0.777	0.044952
0.778	-0.082244
0.779	0.07715
0.78	0.15876
0.781	-0.051959
0.782	-0.097228
0.783	0.021362
0.784	0.064717
0.785	-0.021037
0.786	-0.030601
0.787	0.075556
0.788	-0.030919
0.789	0.00861
0.79	0.007016
0.791	-0.094358
0.792	-0.04654
0.793	0.046546
0.794	0.062805
0.795	-0.10456
0.796	-0.021356
0.797	0.011161
0.798	-0.028688
0.799	-0.097546
0.8	-0.075869
0.801	0.120824
0.802	-0.10966
0.803	-0.021993
0.804	-0.034745
0.805	0.025187
0.806	-0.01753
0.807	-0.088301
0.808	-0.003504
0.809	0.006379
0.81	0.001916
0.811	0.053878
0.812	-0.138989
0.813	0.017537
0.814	0.067905
0.815	0.066949
0.816	-0.053872
0.817	0.067905
0.818	0.029013
0.819	-0.010517
0.82	-0.037933
0.821	0.086076
0.822	0.002235
0.823	0.033476
0.824	-0.019443
0.825	-0.111254
0.826	0.045271
0.827	-0.101372
0.828	0.105522
0.829	-0.016893
0.83	-0.03347
0.831	-0.04399
0.832	-0.015618
0.833	-0.062798
0.834	-0.088301
0.835	0.033476
0.836	-0.04399
0.837	-0.069812
0.838	-0.045584
0.839	-0.020399
0.84	-0.016893
0.841	-0.071087
0.842	0.002872
0.843	-0.003822
0.844	0.021681
0.845	0.060254
0.846	-0.083201
0.847	-0.012111
0.848	0.029651
0.849	0.109029
0.85	0.013073
0.851	0.033157
0.852	-0.035701
0.853	0.040489
0.854	-0.045584
0.855	0.072368
0.856	0.037939
0.857	0.024869
0.858	-0.04909
0.859	-0.02805
0.86	0.01658
0.861	-0.017849
0.862	0.013392
0.863	0.029013
0.864	-0.004779
0.865	-0.08352
0.866	0.033476
0.867	-0.051322
0.868	0.006379
0.869	-0.059292
0.87	0.051966
0.871	-0.084157
0.872	0.007654
0.873	-0.045902
0.874	-0.029963
0.875	-0.063436
0.876	0.009248
0.877	0.000959
0.878	0.011161
0.879	0.039214
0.88	0.01403
0.881	0.075237
0.882	-0.098503
0.883	-0.044946
0.884	0.05611
0.885	0.065036
0.886	-0.043352
0.887	0.005423
0.888	-0.003822
0.889	0.042083
0.89	0.031563
0.891	0.031563
0.892	-0.061204
0.893	-0.002547
0.894	0.094046
0.895	-0.02805
0.896	-0.110935
0.897	0.063123
0.898	0.028375
0.899	-0.081607
0.9	-0.037614
0.901	-0.016574
0.902	0.046865
0.903	-0.06503
0.904	0.00861
0.905	-0.030282
0.906	0.016261
0.907	-0.014661
0.908	-0.066943
0.909	-0.03347
0.91	0.024231
0.911	0.014349
0.912	0.037939
0.913	-0.051959
0.914	0.042083
0.915	0.071093
0.916	-0.037295
0.917	-0.044946
0.918	0.057704
0.919	0.09309
0.92	-0.051322
0.921	-0.023587
0.922	0.062167
0.923	3.128e-06
0.924	0.023275
0.925	0.001597
0.926	-0.089258
0.927	-0.035064
0.928	0.089902
0.929	0.049734
0.93	-0.113805
0.931	-0.018168
0.932	0.025187
0.933	-0.014661
0.934	-0.089258
0.935	-0.069174
0.936	0.063761
0.937	-0.077781
0.938	-0.015618
0.939	-0.022631
0.94	0.024869
0.941	-0.009561
0.942	-0.082882
0.943	-0.0255
0.944	0.015943
0.945	-0.01498
0.946	0.043358
0.947	-0.154291
0.948	-0.014024
0.949	0.094046
0.95	0.033476
0.951	-0.083201
0.952	0.051647
0.953	0.063123
0.954	-0.020399
0.955	-0.046221
0.956	0.07715
0.957	0.010842
0.958	0.050053
0.959	-0.023906
0.96	-0.10456
0.961	0.051328
0.962	-0.091171
0.963	0.125925
0.964	-0.036976
0.965	-0.042396
0.966	-0.01753
0.967	-0.018805
0.968	-0.065667
0.969	-0.096909
0.97	0.025506
0.971	-0.036976
0.972	-0.07013
0.973	-0.037614
0.974	-0.016574
0.975	-0.029963
0.976	-0.068537
0.977	0.005741
0.978	-0.005735
0.979	0.006379
0.98	0.029013
0.981	-0.082244
0.982	0.001278
0.983	-0.026775
0.984	0.054835
0.985	0.000322
0.986	0.032201
0.987	-0.008923
0.988	-0.001591
0.989	-0.046859
0.99	0.071731
0.991	0.03507
0.992	0.034114
0.993	-0.053872
0.994	-0.042396
0.995	0.021362
0.996	-0.050047
0.997	0.054835
0.998	0.023912
0.999	-0.011154
1	-0.072681
1.001	0.01148
1.002	-0.041121
1.003	-0.019124
1.004	-0.052597
1.005	0.071731
1.006	-0.086707
1.007	-0.003504
1.008	-0.03347
1.009	-0.028688
1.01	-0.07555
1.011	0.008929
1.012	0.023594
1.013	0.04304
1.014	0.013392
1.015	0.020724
1.016	0.063442
1.017	-0.064711
1.018	0.018812
1.019	0.07715
1.02	0.007973
1.021	-0.045584
1.022	0.018493
1.023	0.002553
1.024	0.068862
1.025	0.031563
1.026	0.026463
1.027	-0.055785
1.028	0.044952
1.029	0.060254
1.03	-0.04909
1.031	-0.077781
1.032	0.065036
1.033	0.026781
1.034	-0.088301
1.035	-0.039208
1.036	-0.041121
1.037	0.047821
1.038	-0.062161
1.039	0.038577
1.04	-0.034426
1.041	0.023912
1.042	-0.032513
1.043	-0.045584
1.044	-0.03857
1.045	0.029651
1.046	-0.001591
1.047	0.038895
1.048	-0.071087
1.049	0.04814
1.05	0.082251
1.051	-0.087026
1.052	-0.057379
1.053	0.048459
1.054	0.070455
1.055	-0.024862
1.056	-0.068855
1.057	0.063123
1.058	-0.021675
1.059	0.022
1.06	0.024231
1.061	-0.092446
1.062	-0.008604
1.063	0.146965
1.064	0.021362
1.065	-0.1256
1.066	0.030288
1.067	0.019768
1.068	-0.035064
1.069	-0.08607
1.07	-0.050684
1.071	0.05611
1.072	-0.060886
1.073	-0.02805
1.074	-0.030282
1.075	0.007973
1.076	0.00861
1.077	-0.07013
1.078	0.004147
1.079	0.021362
1.08	-0.008923
1.081	0.042083
1.082	-0.129106
1.083	0.027738
1.084	0.062805
1.085	0.019449
1.086	-0.025819
1.087	0.069499
1.088	0.069818
1.089	-0.012111
1.09	-0.077144
1.091	0.076831
1.092	0.00351
1.093	0.030607
1.094	-0.028688
1.095	-0.119862
1.096	-0.004141
1.097	-0.012748
1.098	0.128794
1.099	-0.04654
1.1	-0.064073
1.101	-0.021993
1.102	-0.002547
1.103	-0.068537
1.104	-0.075231
1.105	0.052603
1.106	-0.022631
1.107	-0.094677
1.108	-0.026456
1.109	-0.005097
1.11	-0.043352
1.111	-0.069812
1.112	-0.016893
1.113	0.024231
1.114	-0.00446
1.115	0.03252
1.116	-0.080969
1.117	0.002872
1.118	0.022637
1.119	0.069818
1.12	-0.016255
1.121	0.027419
1.122	-0.040802
1.123	0.042402
1.124	-0.022312
1.125	0.086076
1.126	0.038895
1.127	0.03507
1.128	-0.040802
1.129	-0.031557
1.13	0.020724
1.131	-0.108704
1.132	0.067268
1.133	0.01403
1.134	-0.03857
1.135	-0.053872
1.136	-0.006691
1.137	-0.047815
1.138	-0.032195
1.139	-0.039208
1.14	0.029332
1.141	-0.073956
1.142	-0.000953
1.143	-0.031238
1.144	-0.018487
1.145	-0.076506
1.146	0.015624
1.147	0.021681
1.148	0.03252
1.149	0.008929
1.15	0.00606
1.151	0.041127
1.152	-0.089895
1.153	-0.012748
1.154	0.055154
1.155	0.007654
1.156	-0.054829
1.157	0.022956
1.158	0.023912
1.159	0.070137
1.16	0.024231
1.161	0.040171
1.162	-0.061842
1.163	0.050372
1.164	0.042083
1.165	-0.045902
1.166	-0.040483
1.167	0.021681
1.168	-0.003822
1.169	-0.06758
1.17	-0.033151
1.171	-0.060886
1.172	0.034432
1.173	-0.072362
1.174	0.021681
1.175	-0.023906
1.176	0.013711
1.177	-0.027732
1.178	-0.050366
1.179	-0.041439
1.18	0.018174
1.181	0.017218
1.182	0.037939
1.183	-0.047178
1.184	0.061529
1.185	0.104885
1.186	-0.101053
1.187	-0.048453
1.188	0.011798
1.189	0.051328
1.19	-0.020081
1.191	-0.037933
1.192	0.044315
1.193	-0.003504
1.194	0.004147
1.195	0.011798
1.196	-0.083201
1.197	-0.04399
1.198	0.163223
1.199	-0.003822
1.2	-0.122731
1.201	0.028057
1.202	0.010523
1.203	-0.033789
1.204	-0.092764
1.205	-0.052597
1.206	0.072687
1.207	-0.066624
1.208	-0.018487
1.209	-0.017211
1.21	0.028375
1.211	-0.025181
1.212	-0.040164
1.213	-0.01243
1.214	0.026144
1.215	-0.018168
1.216	0.041127
1.217	-0.122412
1.218	0.042402
1.219	0.080976
1.22	0.022318
1.221	-0.040802
1.222	0.05611
1.223	0.073006
1.224	-0.00446
1.225	-0.05451
1.226	0.082888
1.227	-0.007648
1.228	-0.001272
1.229	-0.005097
1.23	-0.123687
1.231	0.014667
1.232	-0.026456
1.233	0.099784
1.234	-0.053235
1.235	-0.048772
1.236	-0.02295
1.237	-0.032513
1.238	-0.073318
1.239	-0.074275
1.24	0.0746
1.241	-0.035701
1.242	-0.098184
1.243	-0.012748
1.244	-0.007967
1.245	-0.015618
1.246	-0.074275
1.247	0.023275
1.248	0.019449
1.249	0.008929
1.25	0.050691
1.251	-0.09659
1.252	-0.012748
1.253	-0.006373
1.254	0.049097
1.255	0.01403
1.256	0.031244
1.257	-0.010198
1.258	0.020724
1.259	-0.036339
1.26	0.087989
1.261	0.053241
1.262	0.023275
1.263	-0.023906
1.264	-0.04654
1.265	0.026781
1.266	-0.095952
1.267	0.021043
1.268	0.032201
1.269	-0.048453
1.27	-0.057698
1.271	-0.026138
1.272	-0.05451
1.273	-0.042077
1.274	-0.026775
1.275	0.01658
1.276	-0.089258
1.277	-0.001591
1.278	-0.02295
1.279	-0.029007
1.28	-0.073
1.281	-0.008285
1.282	0.009248
1.283	0.036026
1.284	0.032838
1.285	0.013073
1.286	0.013073
1.287	-0.110935
1.288	-0.005097
1.289	0.072687
1.29	0.01148
1.291	-0.030601
1.292	0.039852
1.293	0.009567
1.294	0.057704
1.295	0.023594
1.296	0.057066
1.297	-0.053235
1.298	0.017855
1.299	0.049415
1.3	-0.046859
1.301	-0.052278
1.302	0.044315
1.303	-0.002547
1.304	-0.069174
1.305	-0.042396
1.306	-0.045265
1.307	0.039852
1.308	-0.072362
1.309	0.021362
1.31	-0.01498
1.311	3.128e-06
1.312	-0.043033
1.313	-0.032195
1.314	-0.036339
1.315	0.011798
1.316	-0.009242
1.317	0.051328
1.318	-0.011792
1.319	0.061529
1.32	0.129431
1.321	-0.110617
1.322	-0.042077
1.323	0.051009
1.324	0.099465
1.325	-0.007967
1.326	-0.039208
1.327	0.038258
1.328	0.007016
1.329	0.022318
1.33	0.010842
1.331	-0.071724
1.332	-0.022631
1.333	0.144096
1.334	0.021681
1.335	-0.107429
1.336	0.043358
1.337	0.013711
1.338	-0.037614
1.339	-0.08065
1.34	-0.05451
1.341	0.105203
1.342	-0.100097
1.343	-0.00701
1.344	0.001597
1.345	0.014986
1.346	-0.019762
1.347	-0.060567
1.348	-0.006054
1.349	0.019449
1.35	0.013711
1.351	0.057385
1.352	-0.129425
1.353	0.021362
1.354	0.062486
1.355	0.047184
1.356	-0.028688
1.357	0.028375
1.358	0.090858
1.359	-0.007967
1.36	-0.052278
1.361	0.089264
1.362	0.020406
1.363	0.041764
1.364	-0.028369
1.365	-0.125919
1.366	0.026781
1.367	-0.058335
1.368	0.100422
1.369	-0.043352
1.37	-0.043033
1.371	-0.037933
1.372	-0.031238
1.373	-0.085114
1.374	-0.095952
1.375	0.041446
1.376	-0.047178
1.377	-0.070768
1.378	-0.041121
1.379	-0.011792
1.38	-0.005416
1.381	-0.080013
1.382	-0.004141
1.383	0.005104
1.384	0.014667
1.385	0.036983
1.386	-0.137395
1.387	-0.028688
1.388	-0.009879
1.389	-0.002866
1.39	-0.011473
1.391	0.041446
1.392	-0.015936
1.393	0.013073
1.394	-0.051959
1.395	0.090539
1.396	0.051328
1.397	0.017218
1.398	-0.034426
1.399	-0.065667
1.4	0.00351
1.401	-0.069812
1.402	0.025506
1.403	0.023912
1.404	-0.053872
1.405	-0.060886
1.406	-0.003822
1.407	-0.050684
1.408	-0.040164
1.409	-0.051959
1.41	0.060892
1.411	-0.092764
1.412	0.020724
1.413	-0.05961
1.414	-0.009879
1.415	-0.087983
1.416	0.004466
1.417	-0.001272
1.418	0.022637
1.419	0.045909
1.42	-0.002228
1.421	-0.041439
1.422	-0.127831
1.423	-0.074275
1.424	0.10361
1.425	0.013392
1.426	-0.069174
1.427	0.034751
1.428	-0.013067
1.429	0.092133
1.43	0.036664
1.431	0.021681
1.432	-0.023587
1.433	0.009886
1.434	0.042402
1.435	-0.015936
1.436	-0.052916
1.437	0.062805
1.438	0.000641
1.439	-0.068218
1.44	-0.028688
1.441	-0.048772
1.442	0.032838
1.443	-0.065349
1.444	0.031882
1.445	-0.029963
1.446	0.007335
1.447	-0.032513
1.448	-0.085114
1.449	-0.030282
1.45	0.031244
1.451	-0.002228
1.452	0.066949
1.453	-0.044627
1.454	0.047821
1.455	0.152065
1.456	-0.046859
1.457	-0.03857
1.458	0.057066
1.459	0.05611
1.46	0.006379
1.461	-0.038889
1.462	0.05611
1.463	0.011798
1.464	-0.000634
1.465	0.018174
1.466	-0.069493
1.467	-0.0255
1.468	0.151747
1.469	0.005423
1.47	-0.128788
1.471	0.043996
1.472	0.012755
1.473	-0.03347
1.474	-0.082244
1.475	-0.052597
1.476	0.045909
1.477	-0.06503
1.478	-0.024544
1.479	-0.042715
1.48	0.032201
1.481	-0.015936
1.482	-0.069812
1.483	0.002553
1.484	0.029332
1.485	0.006698
1.486	0.054835
1.487	-0.1307
1.488	0.015624
1.489	0.096915
1.49	0.026781
1.491	-0.060567
1.492	0.051328
1.493	0.083526
1.494	0.007016
1.495	-0.069812
1.496	0.090539
1.497	-0.006691
1.498	0.0271
1.499	-0.018805
1.5	-0.120818
1.501	0.001597
1.502	-0.036658
1.503	0.109029
1.504	-0.057379
1.505	-0.064073
1.506	-0.008923
1.507	-0.003822
1.508	-0.052916
1.509	-0.073
1.51	0.059298
1.511	-0.032513
1.512	-0.088301
1.513	-0.016574
1.514	-0.015299
1.515	-0.001591
1.516	-0.076187
1.517	-0.009879
1.518	-0.00701
1.519	0.012117
1.52	0.044315
1.521	-0.078738
1.522	-0.026138
1.523	0.04559
1.524	0.090539
1.525	-0.043352
1.526	0.022956
1.527	-0.05451
1.528	0.009248
1.529	-0.062161
1.53	0.099784
1.531	0.025825
1.532	0.021362
1.533	-0.043671
1.534	-0.044309
1.535	0.012436
1.536	-0.095952
1.537	0.05356
1.538	0.017855
1.539	-0.041439
1.54	-0.058654
1.541	0.000959
1.542	-0.036976
1.543	-0.036976
1.544	-0.035382
1.545	0.042083
1.546	-0.093083
1.547	-0.007648
1.548	-0.062161
1.549	-0.029325
1.55	-0.073318
1.551	0.013392
1.552	0.013073
1.553	0.007973
1.554	0.028057
1.555	-0.006373
1.556	0.009886
1.557	-0.073
1.558	-0.048772
1.559	0.070137
1.56	0.020406
1.561	-0.055785
1.562	0.056429
1.563	-0.007329
1.564	0.083207
1.565	0.015624
1.566	0.025506
1.567	-0.033789
1.568	0.015624
1.569	0.046865
1.57	-0.052597
1.571	-0.033151
1.572	0.053241
1.573	-0.035064
1.574	-0.072362
1.575	-0.024544
1.576	-0.045584
1.577	0.033476
1.578	-0.041758
1.579	0.026463
1.58	-0.035382
1.581	0.013073
1.582	-0.022631
1.583	-0.058973
1.584	-0.028688
1.585	0.034432
1.586	0.015943
1.587	0.018174
1.588	-0.05451
1.589	0.05611
1.59	0.124012
1.591	-0.084476
1.592	-0.044309
1.593	0.060573
1.594	0.065992
1.595	0.002553
1.596	-0.041121
1.597	0.052603
1.598	0.007973
1.599	-0.005416
1.6	0.016899
1.601	-0.066305
1.602	-0.014342
1.603	0.141227
1.604	0.007016
1.605	-0.135163
1.606	0.055791
1.607	0.044634
1.608	-0.035382
1.609	-0.074593
1.61	-0.047178
1.611	0.041127
1.612	-0.030919
1.613	-0.046859
1.614	-0.021037
1.615	0.013392
1.616	-0.008285
1.617	-0.051003
1.618	-0.016574
1.619	0.020406
1.62	-0.028688
1.621	0.074919
1.622	-0.12018
1.623	0.037301
1.624	0.113492
1.625	0.021362
1.626	-0.092764
1.627	0.059935
1.628	0.063123
1.629	0.001916
1.63	-0.057698
1.631	0.081294
1.632	-0.001272
1.633	0.038895
1.634	-0.03347
1.635	-0.108066
1.636	-0.013705
1.637	0.004147
1.638	0.073325
1.639	-0.076187
1.64	-0.038252
1.641	-0.009561
1.642	-0.017211
1.643	-0.067261
1.644	-0.076187
1.645	0.021681
1.646	-0.0255
1.647	-0.091489
1.648	-0.0255
1.649	-0.008604
1.65	-0.038252
1.651	-0.069174
1.652	0.007973
1.653	0.01658
1.654	-0.006373
1.655	0.052922
1.656	-0.086707
1.657	-0.031557
1.658	0.041764
1.659	0.057066
1.66	-0.032832
1.661	0.0271
1.662	-0.032513
1.663	0.010204
1.664	-0.053553
1.665	0.086395
1.666	0.010842
1.667	0.021043
1.668	-0.033151
1.669	-0.073637
1.67	0.030926
1.671	-0.121774
1.672	0.062167
1.673	0.018493
1.674	-0.02295
1.675	-0.041758
1.676	0.000959
1.677	-0.058016
1.678	-0.045265
1.679	-0.021037
1.68	0.050053
1.681	-0.08607
1.682	-0.009879
1.683	-0.038252
1.684	-0.013386
1.685	-0.057379
1.686	0.002872
1.687	0.023275
1.688	0.025506
1.689	0.017855
1.69	-0.014661
1.691	-0.002228
1.692	-0.080013
1.693	-0.045584
1.694	0.057704
1.695	0.013392
1.696	-0.04654
1.697	0.056748
1.698	-0.018168
1.699	0.071093
1.7	0.025825
1.701	0.073643
1.702	-0.033151
1.703	0.04559
1.704	0.038577
1.705	-0.092446
1.706	-0.016893
1.707	0.09564
1.708	-0.012748
1.709	-0.068855
1.71	-0.007329
1.711	-0.053553
1.712	0.035389
1.713	-0.079057
1.714	0.022637
1.715	-0.026456
1.716	-0.00446
1.717	-0.020081
1.718	-0.037933
1.719	-0.016893
1.72	0.012117
1.721	0.008292
1.722	0.038895
1.723	-0.03602
1.724	0.050053
1.725	0.115086
1.726	-0.070449
1.727	-0.067899
1.728	0.07715
1.729	0.087033
1.73	-0.027732
1.731	-0.026138
1.732	0.058023
1.733	-0.010198
1.734	0.03762
1.735	0.002872
1.736	-0.065667
1.737	-0.0255
1.738	0.153022
1.739	-0.014661
1.74	-0.091808
1.741	0.048778
1.742	0.003829
1.743	-0.045584
1.744	-0.099459
1.745	-0.058654
1.746	0.051966
1.747	-0.065986
1.748	-0.01753
1.749	-0.018487
1.75	0.011798
1.751	-0.037614
1.752	-0.054191
1.753	0.004466
1.754	0.024869
1.755	0.001916
1.756	0.053878
1.757	-0.102647
1.758	0.044634
1.759	0.102653
1.76	0.020406
1.761	-0.040164
1.762	0.071412
1.763	0.088626
1.764	0.001916
1.765	-0.075231
1.766	0.061529
1.767	-0.000953
1.768	0.025187
1.769	-0.002228
1.77	-0.115398
1.771	3.128e-06
1.772	-0.009561
1.773	0.124331
1.774	-0.049728
1.775	-0.041758
1.776	-0.018487
1.777	-0.002866
1.778	-0.085432
1.779	-0.078738
1.78	0.069499
1.781	-0.056741
1.782	-0.053872
1.783	-0.023906
1.784	-0.015936
1.785	-0.009561
1.786	-0.051003
1.787	-0.005735
1.788	0.024869
1.789	-0.000953
1.79	0.053878
1.791	-0.124962
1.792	-0.006691
1.793	0.096596
1.794	0.096277
1.795	-0.04654
1.796	0.070455
1.797	-0.026138
1.798	-0.035382
1.799	-0.004779
1.8	0.062486
1.801	0.03507
1.802	0.036664
1.803	-0.052597
1.804	-0.056104
1.805	0.010842
1.806	-0.116036
1.807	0.060892
1.808	0.021043
1.809	-0.055466
1.81	-0.061523
1.811	-0.016893
1.812	-0.067899
1.813	-0.050684
1.814	-0.007967
1.815	0.034432
1.816	-0.073956
1.817	-0.032195
1.818	-0.018805
1.819	-0.03857
1.82	-0.064711
1.821	-0.002547
1.822	0.007016
1.823	0.020724
1.824	0.011161
1.825	0.003829
1.826	-0.031876
1.827	-0.085114
1.828	-0.024862
1.829	0.049097
1.83	-0.003822
1.831	-0.048134
1.832	0.03252
1.833	0.011798
1.834	0.076831
1.835	0.051009
1.836	0.012117
1.837	-0.081288
1.838	-0.004141
1.839	0.035389
1.84	-0.053235
1.841	-0.062161
1.842	0.019768
1.843	-0.014661
1.844	-0.098821
1.845	-0.0255
1.846	-0.064392
1.847	0.005741
1.848	-0.084795
1.849	0.036983
1.85	-0.025181
1.851	0.034751
1.852	-0.039845
1.853	-0.040802
1.854	-0.050366
1.855	-0.000634
1.856	0.001916
1.857	0.055472
1.858	-0.009879
1.859	0.059935
1.86	0.098828
1.861	-0.084157
1.862	-0.039208
1.863	0.086714
1.864	0.018493
1.865	-0.029963
1.866	-0.01243
1.867	0.052285
1.868	0.018812
1.869	0.051328
1.87	0.022
1.871	-0.063436
1.872	-0.021675
1.873	0.181075
1.874	0.018812
1.875	-0.118905
1.876	0.046228
1.877	0.016899
1.878	-0.012748
1.879	-0.085114
1.88	-0.061204
1.881	0.106479
1.882	-0.081288
1.883	-0.019443
1.884	-0.021993
1.885	0.005741
1.886	-0.013705
1.887	-0.081926
1.888	-0.000316
1.889	0.024231
1.89	-0.005735
1.891	0.04559
1.892	-0.093083
1.893	0.059298
1.894	0.140589
1.895	-0.072043
1.896	-0.063436
1.897	0.055154
1.898	0.055472
1.899	-0.015936
1.9	-0.047178
1.901	0.078106
1.902	-0.008285
1.903	0.035707
1.904	0.014349
1.905	-0.106154
1.906	0.022956
1.907	-0.038889
1.908	0.086714
1.909	-0.055147
1.91	-0.03602
1.911	-0.02805
1.912	-0.004141
1.913	-0.064711
1.914	-0.087983
1.915	0.105522
1.916	-0.064073
1.917	-0.029963
1.918	-0.049409
1.919	0.010204
1.92	0.001597
1.921	-0.079057
1.922	0.001916
1.923	0.027419
1.924	0.008292
1.925	0.028375
1.926	-0.104878
1.927	0.002553
1.928	0.063442
1.929	0.044634
1.93	-0.036339
1.931	0.034751
1.932	0.007973
1.933	-0.041758
1.934	-0.001272
1.935	0.080657
1.936	0.029013
1.937	-0.002866
1.938	-0.04399
1.939	-0.061204
1.94	0.032201
1.941	-0.069812
1.942	0.040489
1.943	0.002235
1.944	-0.050047
1.945	-0.06758
1.946	0.002553
1.947	-0.052278
1.948	-0.030601
1.949	0.009886
1.95	-0.035701
1.951	-0.051003
1.952	-0.017849
1.953	-0.015618
1.954	-0.025819
1.955	-0.079694
1.956	-0.005735
1.957	0.012436
1.958	0.040489
1.959	0.039214
1.96	-0.016893
1.961	-0.042077
1.962	-0.081926
1.963	-0.049409
1.964	0.04304
1.965	0.01658
1.966	-0.046221
1.967	0.022956
1.968	-0.008285
1.969	0.074919
1.97	0.025187
1.971	0.014986
1.972	-0.057379
1.973	0.014349
1.974	0.046546
1.975	-0.041439
1.976	-0.063755
1.977	0.025187
1.978	-0.036339
1.979	-0.053872
1.98	-0.017849
1.981	-0.054191
1.982	0.021043
1.983	-0.066624
1.984	0.040171
1.985	-0.024225
1.986	0.014349
1.987	-0.05961
1.988	-0.064392
1.989	-0.037614
1.99	-0.000316
1.991	0.000959
1.992	0.016261
1.993	-0.020081
1.994	0.061529
1.995	0.083207
1.996	0.00351
1.997	-0.071087
1.998	0.096277
1.999	0.094683
2	-0.026138
2.001	-0.013067
2.002	0.049734
2.003	0.017855
2.004	0.048459
2.005	0.021362
2.006	-0.084795
2.007	-0.037933
2.008	0.15079
2.009	0.000322
2.01	-0.127194
2.011	0.039533
2.012	0.028057
2.013	-0.025819
2.014	-0.074275
2.015	-0.066305
2.016	0.080338
2.017	-0.099778
2.018	-0.005416
2.019	-0.013705
2.02	0.01403
2.021	-0.023587
2.022	-0.082882
2.023	-0.009879
2.024	0.007016
2.025	0.000322
2.026	0.022318
2.027	-0.125919
2.028	0.041127
2.029	0.121143
2.03	-0.002228
2.031	-0.05451
2.032	0.050372
2.033	0.081932
2.034	-0.029007
2.035	-0.014661
2.036	0.086076
2.037	0.000641
2.038	0.025825
2.039	-0.015618
2.04	-0.091808
2.041	-0.004141
2.042	0.008929
2.043	0.092771
2.044	-0.08607
2.045	-0.020081
2.046	-0.029325
2.047	-0.025819
2.048	-0.074593
2.049	-0.090852
2.05	0.056748
2.051	-0.087026
2.052	-0.033151
2.053	-0.021037
2.054	0.007973
2.055	-0.01498
2.056	-0.088301
2.057	-0.003504
2.058	0.002872
2.059	0.024869
2.06	0.0797
2.061	-0.122093
2.062	-0.044309
2.063	0.057704
2.064	0.108391
2.065	-0.036339
2.066	0.074281
2.067	-0.02295
2.068	-0.029963
2.069	-0.023268
2.07	0.081613
2.071	0.038577
2.072	0.001597
2.073	-0.037933
2.074	-0.045902
2.075	0.018174
2.076	-0.094996
2.077	0.025825
2.078	0.007973
2.079	-0.043352
2.08	-0.060567
2.081	0.001597
2.082	-0.048772
2.083	-0.020081
2.084	-0.026456
2.085	0.049415
2.086	-0.066624
2.087	-0.013067
2.088	-0.041121
2.089	-0.012111
2.09	-0.04399
2.091	0.01148
2.092	0.01913
2.093	0.048459
2.094	0.014667
2.095	-0.016255
2.096	-0.043033
2.097	-0.102966
2.098	-0.036339
2.099	0.055154
2.1	0.022
2.101	-0.05451
2.102	0.047821
2.103	-0.035701
2.104	0.078425
2.105	0.02455
2.106	0.029013
2.107	-0.050366
2.108	-0.013067
2.109	0.029013
2.11	-0.054191
2.111	-0.045584
2.112	0.050691
2.113	-0.01753
2.114	-0.077781
2.115	-0.028369
2.116	-0.041758
2.117	0.004785
2.118	-0.06503
2.119	0.051966
2.12	-0.052597
2.121	0.005423
2.122	-0.048453
2.123	-0.050366
2.124	-0.045584
2.125	-0.003504
2.126	0.007335
2.127	0.030288
2.128	-0.071406
2.129	0.048459
2.13	0.094683
2.131	-0.074912
2.132	-0.044627
2.133	0.088308
2.134	0.080019
2.135	-0.032513
2.136	-0.003185
2.137	0.060892
2.138	-0.017849
2.139	0.032838
2.14	0.022318
2.141	-0.073
2.142	-0.039208
2.143	0.148878
2.144	-0.002866
2.145	-0.124962
2.146	0.05866
2.147	0.01913
2.148	-0.065667
2.149	-0.085114
2.15	-0.044946
2.151	0.064717
2.152	-0.089258
2.153	-0.016893
2.154	-0.029007
2.155	0.041764
2.156	-0.006373
2.157	-0.063117
2.158	-0.030282
2.159	0.017537
2.16	0.024869
2.161	0.059617
2.162	-0.103922
2.163	-0.004779
2.164	0.109029
2.165	0.009248
2.166	-0.035701
2.167	0.024869
2.168	0.104247
2.169	-0.000953
2.17	-0.048772
2.171	0.101378
2.172	-0.00701
2.173	0.009886
2.174	0.010842
2.175	-0.111892
2.176	-0.024225
2.177	0.010523
2.178	0.101378
2.179	-0.0781
2.18	-0.047178
2.181	-0.0255
2.182	-0.011154
2.183	-0.065349
2.184	-0.067899
2.185	0.063123
2.186	-0.063755
2.187	-0.068218
2.188	-0.040164
2.189	-0.024862
2.19	-0.005097
2.191	-0.077463
2.192	-0.019124
2.193	0.019768
2.194	0.020724
2.195	0.042083
2.196	-0.116036
2.197	-0.001591
2.198	0.068543
