0	-0.045265
0.001	-0.00446
0.002	0.019768
0.003	-0.00446
0.004	-0.073
0.005	-0.00701
0.006	0.015624
0.007	0.000959
0.008	0.052922
0.009	-0.119224
0.01	0.034114
0.011	0.081613
0.012	0.036026
0.013	-0.040483
0.014	0.026144
0.015	0.08767
0.016	0.019768
0.017	-0.033789
0.018	0.080338
0.019	0.00606
0.02	0.058023
0.021	-0.029007
0.022	-0.090214
0.023	-0.024544
0.024	-0.026456
0.025	0.095321
0.026	-0.057379
0.027	-0.021675
0.028	-0.04399
0.029	0.008292
0.03	-0.091489
0.031	-0.07013
0.032	0.024231
0.033	-0.030282
0.034	-0.107748
0.035	-0.039208
0.036	-0.02295
0.037	-0.019443
0.038	-0.08065
0.039	-0.015936
0.04	-0.010198
0.041	0.020087
0.042	0.03762
0.043	-0.072043
0.044	-0.037933
0.045	0.033476
0.046	0.114448
0.047	-0.019443
0.048	0.021362
0.049	-0.031876
0.05	-0.029007
0.051	-0.021675
0.052	0.023275
0.053	0.053241
0.054	0.048459
0.055	-0.067261
0.056	-0.033789
0.057	0.03507
0.058	-0.101053
0.059	0.020406
0.06	0.063442
0.061	-0.047178
0.062	-0.057379
0.063	-0.013386
0.064	-0.042077
0.065	0.001278
0.066	-0.051003
0.067	0.057704
0.068	-0.073
0.069	0.026781
0.07	-0.066305
0.071	-0.042715
0.072	-0.036658
0.073	-0.011473
0.074	0.022956
0.075	0.022
0.076	-0.003504
0.077	0.054516
0.078	0.030607
0.079	-0.060248
0.08	-0.023268
0.081	0.125287
0.082	0.023275
0.083	-0.033789
0.084	-0.006373
0.085	0.015624
0.086	0.029332
0.087	0.029332
0.088	0.019768
0.089	-0.054829
0.09	0.019768
0.091	0.066949
0.092	-0.036658
0.093	-0.073
0.094	0.065355
0.095	0.001916
0.096	-0.076187
0.097	-0.063117
0.098	-0.060567
0.099	0.06918
0.1	-0.058654
0.101	-0.027732
0.102	0.000322
0.103	0.017537
0.104	-0.013067
0.105	-0.082882
0.106	-0.019443
0.107	0.01403
0.108	-0.003185
0.109	0.010204
0.11	-0.101691
0.111	0.040171
0.112	0.047821
0.113	-0.038889
0.114	-0.064073
0.115	0.004466
0.116	0.063442
0.117	0.006379
0.118	-0.062798
0.119	0.083526
0.12	-0.041439
0.121	0.020406
0.122	-0.014024
0.123	-0.102647
0.124	-0.074912
0.125	0.09022
0.126	0.048459
0.127	-0.112211
0.128	0.019768
0.129	-0.038889
0.13	-0.012748
0.131	-0.094358
0.132	-0.065986
0.133	0.031882
0.134	-0.053553
0.135	-0.074593
0.136	-0.003185
0.137	3.128e-06
0.138	-0.012748
0.139	-0.077144
0.14	-0.007329
0.141	0.000322
0.142	-0.005097
0.143	0.034751
0.144	-0.084476
0.145	-0.011792
0.146	0.046228
0.147	0.052285
0.148	-0.026775
0.149	0.061211
0.15	0.03762
0.151	-0.043352
0.152	0.003829
0.153	0.0746
0.154	0.054516
0.155	0.068224
0.156	-0.057698
0.157	-0.058973
0.158	0.021362
0.159	-0.082563
0.16	0.095002
0.161	0.010204
0.162	-0.032832
0.163	-0.042715
0.164	0.015305
0.165	-0.032832
0.166	-0.033151
0.167	0.00861
0.168	0.052285
0.169	-0.073
0.17	0.017855
0.171	-0.05451
0.172	-0.024225
0.173	-0.039208
0.174	0.006698
0.175	0.000322
0.176	0.028057
0.177	0.027419
0.178	0.022956
0.179	-0.001272
0.18	-0.057698
0.181	0.010842
0.182	0.033157
0.183	0.033795
0.184	-0.021037
0.185	0.002235
0.186	0.04814
0.187	0.083207
0.188	0.067586
0.189	0.015943
0.19	-0.056741
0.191	0.016899
0.192	0.039852
0.193	-0.05706
0.194	-0.006054
0.195	0.057066
0.196	-0.031557
0.197	-0.081288
0.198	-0.041121
0.199	-0.06248
0.2	0.022318
0.201	-0.08352
0.202	0.01403
0.203	0.016899
0.204	-0.029963
0.205	-0.044627
0.206	-0.065986
0.207	-0.019762
0.208	-0.012748
0.209	-0.000316
0.21	0.029332
0.211	-0.045902
0.212	0.018174
0.213	0.045909
0.214	-0.090852
0.215	-0.030919
0.216	0.032201
0.217	0.054835
0.218	-0.027732
0.219	-0.035382
0.22	0.072368
0.221	-0.003185
0.222	0.036664
0.223	-0.019124
0.224	-0.103603
0.225	-0.028369
0.226	0.136764
0.227	0.020724
0.228	-0.068855
0.229	0.069499
0.23	-0.039208
0.231	-0.052278
0.232	-0.069174
0.233	-0.081607
0.234	0.076512
0.235	-0.032195
0.236	-0.064073
0.237	-0.023587
0.238	0.040808
0.239	-0.021037
0.24	-0.060886
0.241	-0.002866
0.242	0.022318
0.243	0.028375
0.244	0.037301
0.245	-0.094677
0.246	0.032201
0.247	0.073325
0.248	0.019768
0.249	-0.014661
0.25	0.038895
0.251	0.095959
0.252	-0.046859
0.253	-0.000316
0.254	0.074281
0.255	-0.00191
0.256	0.041446
0.257	-0.027413
0.258	-0.103285
0.259	-0.037295
0.26	-0.022312
0.261	0.101059
0.262	-0.057698
0.263	-0.007329
0.264	-0.065986
0.265	0.024869
0.266	-0.062161
0.267	-0.067899
0.268	0.027419
0.269	0.00351
0.27	-0.07013
0.271	-0.007329
0.272	-0.004779
0.273	-0.01498
0.274	-0.042396
0.275	-0.01498
0.276	-0.025819
0.277	0.014667
0.278	0.0271
0.279	-0.067899
0.28	-0.009561
0.281	-0.05961
0.282	-0.012748
0.283	-0.030601
0.284	-0.00701
0.285	-0.003185
0.286	-0.020399
0.287	-0.016574
0.288	0.044952
0.289	0.047503
0.29	0.012117
0.291	-0.049728
0.292	0.003191
0.293	-0.006054
0.294	-0.111573
0.295	0.020406
0.296	0.028694
0.297	-0.061204
0.298	-0.072681
0.299	-0.039845
0.3	-0.042715
0.301	0.000322
0.302	-0.078419
0.303	0.025187
0.304	-0.030919
0.305	0.005423
0.306	-0.046859
0.307	-0.053872
0.308	-0.027094
0.309	-0.004779
0.31	-0.014661
0.311	0.040489
0.312	-0.018168
0.313	0.036983
0.314	0.021681
0.315	-0.144408
0.316	-0.05706
0.317	0.036983
0.318	0.040489
0.319	-0.00446
0.32	-0.04654
0.321	0.050053
0.322	0.01913
0.323	0.028375
0.324	0.015305
0.325	-0.077781
0.326	0.028375
0.327	0.07715
0.328	-0.022631
0.329	-0.091171
0.33	0.065036
0.331	-0.028369
0.332	-0.027732
0.333	-0.068537
0.334	-0.051003
0.335	0.076512
0.336	-0.056741
0.337	-0.002866
0.338	3.128e-06
0.339	0.029969
0.34	-0.017849
0.341	-0.050366
0.342	0.004147
0.343	0.014349
0.344	0.031882
0.345	0.058342
0.346	-0.105197
0.347	0.056429
0.348	0.099147
0.349	0.036345
0.35	-0.033789
0.351	0.040489
0.352	0.09022
0.353	-0.030282
0.354	0.01403
0.355	0.105203
0.356	-0.005097
0.357	0.03507
0.358	-0.01243
0.359	-0.120818
0.36	-0.055785
0.361	0.076194
0.362	0.098828
0.363	-0.087664
0.364	0.021043
0.365	-0.016255
0.366	-0.022631
0.367	-0.069812
0.368	-0.092446
0.369	0.057704
0.37	-0.059292
0.371	-0.04909
0.372	-0.032195
0.373	0.012755
0.374	-0.019443
0.375	-0.080969
0.376	-0.013067
0.377	-0.017211
0.378	0.006698
0.379	0.041127
0.38	-0.087983
0.381	-0.009879
0.382	0.042083
0.383	0.113811
0.384	-0.006691
0.385	0.046546
0.386	0.000959
0.387	-0.083201
0.388	0.02455
0.389	0.059617
0.39	0.065036
0.391	0.015624
0.392	-0.050047
0.393	-0.045902
0.394	0.010204
0.395	-0.143771
0.396	0.023275
0.397	0.033476
0.398	-0.031557
0.399	-0.064392
0.4	-0.003185
0.401	-0.038252
0.402	-0.013067
0.403	-0.039208
0.404	0.013392
0.405	-0.082882
0.406	-0.013705
0.407	-0.021993
0.408	-0.014024
0.409	-0.047496
0.41	-0.008285
0.411	-0.000316
0.412	0.045271
0.413	0.01658
0.414	0.036026
0.415	0.086395
0.416	-0.058016
0.417	-0.010836
0.418	0.098828
0.419	0.034432
0.42	-0.021675
0.421	0.022318
0.422	0.025506
0.423	0.050053
0.424	0.050053
0.425	0.025187
0.426	-0.06248
0.427	0.013073
0.428	0.043996
0.429	-0.008923
0.43	-0.052916
0.431	0.054516
0.432	-0.034426
0.433	-0.044627
0.434	-0.021356
0.435	-0.037614
0.436	0.05356
0.437	-0.065349
0.438	0.039214
0.439	-0.005416
0.44	-0.01243
0.441	-0.03347
0.442	-0.069174
0.443	-0.014661
0.444	0.005741
0.445	0.011798
0.446	0.039852
0.447	-0.076187
0.448	0.09564
0.449	0.131025
0.45	-0.019124
0.451	-0.082882
0.452	0.033476
0.453	0.037301
0.454	-0.009242
0.455	-0.020081
0.456	0.075556
0.457	-0.011792
0.458	0.001597
0.459	-0.015299
0.46	-0.109979
0.461	-0.055785
0.462	0.138995
0.463	0.059298
0.464	-0.087983
0.465	0.022637
0.466	-0.010198
0.467	-0.037295
0.468	-0.086707
0.469	-0.073956
0.47	0.051009
0.471	-0.078419
0.472	-0.063755
0.473	-0.028369
0.474	-0.008285
0.475	-0.037614
0.476	-0.090214
0.477	-0.006691
0.478	0.015624
0.479	0.002872
0.48	0.023275
0.481	-0.149828
0.482	0.033476
0.483	0.037301
0.484	0.071093
0.485	-0.045902
0.486	0.034114
0.487	0.038895
0.488	-0.058973
0.489	-0.015618
0.49	0.08512
0.491	0.023594
0.492	0.036026
0.493	-0.082244
0.494	-0.103922
0.495	0.007335
0.496	-0.116036
0.497	0.071093
0.498	0.013711
0.499	-0.047496
0.5	-0.049409
0.501	-0.014342
0.502	-0.053235
0.503	-0.036339
0.504	0.015943
0.505	0.0271
0.506	-0.098821
0.507	-0.016255
0.508	-0.030601
0.509	-0.011792
0.51	-0.049409
0.511	0.000322
0.512	0.018174
0.513	0.043996
0.514	0.012436
0.515	0.017218
0.516	-0.026456
0.517	-0.029963
0.518	-0.011792
0.519	0.065992
0.52	0.023912
0.521	-0.036339
0.522	0.042083
0.523	0.033795
0.524	0.0746
0.525	0.051009
0.526	0.031244
0.527	-0.062161
0.528	0.037301
0.529	0.03507
0.53	-0.040802
0.531	-0.012748
0.532	0.040808
0.533	-0.006691
0.534	-0.061204
0.535	-0.013067
0.536	-0.060567
0.537	0.036664
0.538	-0.084795
0.539	0.036664
0.54	-0.004779
0.541	-0.018487
0.542	-0.045902
0.543	-0.047496
0.544	-0.033151
0.545	0.006379
0.546	0.001597
0.547	0.042402
0.548	-0.020718
0.549	0.075556
0.55	0.094365
0.551	-0.09404
0.552	-0.015299
0.553	0.089583
0.554	0.061848
0.555	-0.02295
0.556	-0.025819
0.557	0.044952
0.558	-0.01753
0.559	0.006698
0.56	0.009248
0.561	-0.074593
0.562	0.019768
0.563	0.130069
0.564	0.015943
0.565	-0.124962
0.566	0.032838
0.567	0.001597
0.568	-0.036658
0.569	-0.085751
0.57	-0.059929
0.571	0.06408
0.572	-0.069174
0.573	-0.065986
0.574	-0.012748
0.575	0.014986
0.576	-0.007648
0.577	-0.082244
0.578	-0.002228
0.579	0.009567
0.58	-0.004141
0.581	0.04559
0.582	-0.113486
0.583	0.028375
0.584	0.088308
0.585	0.038258
0.586	-0.06248
0.587	0.010842
0.588	0.111579
0.589	-0.025181
0.59	-0.011154
0.591	0.097553
0.592	-0.025181
0.593	0.056429
0.594	-0.036339
0.595	-0.103603
0.596	-0.00701
0.597	-0.042077
0.598	0.104566
0.599	-0.02295
0.6	-0.035701
0.601	-0.021037
0.602	0.018812
0.603	-0.059292
0.604	-0.072681
0.605	0.033476
0.606	0.012755
0.607	-0.098821
0.608	-0.016893
0.609	-0.009242
0.61	-0.017211
0.611	-0.076825
0.612	0.010523
0.613	-0.002866
0.614	0.022
0.615	0.042083
0.616	-0.050047
0.617	-0.017211
0.618	0.047821
0.619	0.094683
0.62	0.028694
0.621	0.019449
0.622	-0.0255
0.623	-0.028369
0.624	0.01148
0.625	0.052922
0.626	0.03252
0.627	0.009567
0.628	-0.047178
0.629	-0.030601
0.63	0.013073
0.631	-0.072043
0.632	-0.001272
0.633	0.075237
0.634	-0.045584
0.635	-0.092127
0.636	-0.018805
0.637	-0.055785
0.638	-0.003185
0.639	-0.058654
0.64	0.065355
0.641	-0.060886
0.642	0.010204
0.643	-0.058654
0.644	-0.059292
0.645	-0.058654
0.646	0.00861
0.647	-0.002547
0.648	0.015943
0.649	-0.022312
0.65	0.043358
0.651	0.014986
0.652	-0.109341
0.653	-0.02805
0.654	0.07715
0.655	0.030288
0.656	-0.044946
0.657	-0.035701
0.658	0.012117
0.659	0.014349
0.66	0.012755
0.661	-0.009242
0.662	-0.061204
0.663	0.038258
0.664	0.101059
0.665	-0.018805
0.666	-0.102647
0.667	0.078106
0.668	0.024231
0.669	-0.060886
0.67	-0.079694
0.671	-0.033151
0.672	0.064717
0.673	-0.053553
0.674	-0.063436
0.675	-0.006691
0.676	0.048459
0.677	-0.012748
0.678	-0.085751
0.679	-0.010517
0.68	0.001916
0.681	0.022318
0.682	0.017855
0.683	-0.09404
0.684	0.046546
0.685	0.073325
0.686	0.042402
0.687	-0.056741
0.688	0.039533
0.689	0.105841
0.69	-0.01498
0.691	-0.007967
0.692	0.109667
0.693	-0.030282
0.694	0.028694
0.695	-0.005097
0.696	-0.105197
0.697	-0.033151
0.698	0.051328
0.699	0.090858
0.7	-0.090533
0.701	-0.000634
0.702	-0.023268
0.703	0.032201
0.704	-0.089895
0.705	-0.055785
0.706	0.023912
0.707	-0.011154
0.708	-0.106154
0.709	-0.015299
0.71	-0.002866
0.711	-0.021675
0.712	-0.059292
0.713	0.010842
0.714	-0.005735
0.715	-0.005416
0.716	0.044952
0.717	-0.092446
0.718	0.005104
0.719	0.035389
0.72	0.087351
0.721	-0.058016
0.722	0.033795
0.723	-0.005097
0.724	-0.032832
0.725	-0.023587
0.726	0.085439
0.727	0.043358
0.728	0.030926
0.729	-0.066624
0.73	-0.061842
0.731	0.025187
0.732	-0.118586
0.733	0.049415
0.734	0.026463
0.735	-0.070449
0.736	-0.059929
0.737	-0.029007
0.738	-0.05451
0.739	-0.029007
0.74	-0.042077
0.741	0.040171
0.742	-0.100415
0.743	0.01148
0.744	-0.051959
0.745	-0.05451
0.746	-0.06248
0.747	0.00351
0.748	-0.001591
0.749	0.005741
0.75	-0.009879
0.751	0.032838
0.752	0.011161
0.753	-0.056423
0.754	0.002872
0.755	0.073325
0.756	-0.005416
0.757	-0.037614
0.758	0.00606
0.759	0.00861
0.76	0.041764
0.761	0.067268
0.762	0.007016
0.763	-0.041758
0.764	0.034114
0.765	0.046228
0.766	-0.0255
0.767	-0.041439
0.768	0.063442
0.769	0.001278
0.77	-0.083201
0.771	-0.042077
0.772	-0.02805
0.773	0.032838
0.774	-0.044946
0.775	0.001916
0.776	-0.008923
0.777	0.015624
0.778	-0.022312
0.779	-0.073956
0.78	-0.03347
0.781	-0.013067
0.782	0.003829
0.783	0.050053
0.784	-0.080332
0.785	0.075875
0.786	0.079063
0.787	-0.018168
0.788	-0.056104
0.789	0.030288
0.79	0.063761
0.791	-0.015936
0.792	-0.013386
0.793	0.085757
0.794	-0.011792
0.795	0.010204
0.796	-0.009879
0.797	-0.11508
0.798	-0.03347
0.799	0.128794
0.8	0.029969
0.801	-0.120499
0.802	0.049734
0.803	-0.011792
0.804	-0.030282
0.805	-0.091489
0.806	-0.062798
0.807	0.023912
0.808	-0.020081
0.809	-0.099778
0.81	-0.021675
0.811	0.013073
0.812	-0.032513
0.813	-0.074593
0.814	0.003829
0.815	0.010204
0.816	0.013073
0.817	0.037939
0.818	-0.112211
0.819	0.017537
0.82	0.086714
0.821	0.018493
0.822	-0.029325
0.823	0.054835
0.824	0.053241
0.825	-0.043033
0.826	-0.029007
0.827	0.068862
0.828	0.007973
0.829	0.011161
0.83	-0.069493
0.831	-0.090214
0.832	-0.00701
0.833	-0.071406
0.834	0.077788
0.835	-0.053235
0.836	-0.03602
0.837	-0.051641
0.838	0.022956
0.839	-0.06248
0.84	-0.034745
0.841	0.021043
0.842	0.014667
0.843	-0.098184
0.844	-0.008604
0.845	-0.020081
0.846	-0.052278
0.847	-0.063117
0.848	-0.021037
0.849	0.008929
0.85	0.001278
0.851	0.014349
0.852	0.011798
0.853	-0.013386
0.854	-0.012748
0.855	0.09309
0.856	0.012117
0.857	0.034751
0.858	-0.017849
0.859	0.005741
0.86	0.012117
0.861	0.0746
0.862	0.04304
0.863	0.021362
0.864	-0.064073
0.865	0.022318
0.866	0.018812
0.867	-0.101691
0.868	0.011798
0.869	0.062486
0.87	-0.045584
0.871	-0.030601
0.872	-0.035064
0.873	-0.052916
0.874	-0.003822
0.875	-0.041758
0.876	0.034751
0.877	-0.005097
0.878	-0.022631
0.879	-0.044946
0.88	-0.044946
0.881	-0.073
0.882	0.002553
0.883	0.017855
0.884	0.046546
0.885	-0.033789
0.886	0.056429
0.887	0.023912
0.888	-0.104878
0.889	-0.029644
0.89	0.09309
0.891	0.025506
0.892	-0.034107
0.893	-0.036658
0.894	0.054835
0.895	-0.006691
0.896	0.026781
0.897	-0.001272
0.898	-0.087026
0.899	0.041446
0.9	0.078106
0.901	-0.016893
0.902	-0.084157
0.903	0.06918
0.904	-0.036658
0.905	-0.056423
0.906	-0.07555
0.907	-0.071724
0.908	0.040171
0.909	-0.045584
0.91	-0.056741
0.911	-0.020399
0.912	0.019768
0.913	-0.035701
0.914	-0.100097
0.915	0.016899
0.916	0.028375
0.917	-0.003185
0.918	0.02455
0.919	-0.130063
0.92	0.041446
0.921	0.098828
0.922	0.0271
0.923	-0.038889
0.924	0.033795
0.925	0.091814
0.926	-0.014342
0.927	-0.023906
0.928	0.075875
0.929	0.022637
0.93	0.019768
0.931	-0.023906
0.932	-0.087983
0.933	-0.039208
0.934	0.086714
0.935	0.057385
0.936	-0.050047
0.937	0.012117
0.938	-0.042396
0.939	-0.001272
0.94	-0.073956
0.941	-0.036339
0.942	0.025506
0.943	-0.005735
0.944	-0.097865
0.945	-0.020718
0.946	0.009886
0.947	-0.014661
0.948	-0.083838
0.949	-0.009879
0.95	0.005104
0.951	-0.001591
0.952	0.04559
0.953	-0.037295
0.954	0.027738
0.955	0.025187
0.956	0.11413
0.957	-0.015936
0.958	0.056429
0.959	0.019449
0.96	-0.007329
0.961	-0.024225
0.962	0.053241
0.963	0.047503
0.964	0.037939
0.965	-0.078738
0.966	-0.033151
0.967	0.030607
0.968	-0.122731
0.969	0.087033
0.97	0.009248
0.971	-0.040164
0.972	-0.047178
0.973	-0.016574
0.974	-0.025819
0.975	-0.007648
0.976	-0.026775
0.977	0.014667
0.978	-0.04399
0.979	-0.015618
0.98	-0.043033
0.981	-0.024225
0.982	-0.066943
0.983	-0.006054
0.984	-0.017849
0.985	0.034751
0.986	0.003829
0.987	0.019768
0.988	-0.017211
0.989	-0.129744
0.99	-0.072362
0.991	0.067268
0.992	-0.008285
0.993	-0.040483
0.994	-0.021993
0.995	0.007016
0.996	0.036983
0.997	0.015624
0.998	0.016261
0.999	-0.060248
1	0.068862
1.001	0.044315
1.002	-0.056104
1.003	-0.044309
1.004	0.056748
1.005	-0.053553
1.006	-0.044946
1.007	-0.04909
1.008	-0.057698
1.009	0.041764
1.01	-0.094677
1.011	-0.007648
1.012	-0.005735
1.013	0.028057
1.014	-0.041758
1.015	-0.061204
1.016	0.002872
1.017	0.018812
1.018	0.018174
1.019	0.029013
1.02	-0.053553
1.021	0.051647
1.022	0.067905
1.023	-0.047178
1.024	-0.080969
1.025	0.033795
1.026	0.093727
1.027	-0.014024
1.028	-0.060567
1.029	0.116361
1.03	-0.01498
1.031	0.018174
1.032	-0.018805
1.033	-0.139626
1.034	-0.037614
1.035	0.09564
1.036	0.023912
1.037	-0.035064
1.038	0.038577
1.039	-0.006691
1.04	-0.027413
1.041	-0.062798
1.042	-0.054191
1.043	0.03762
1.044	-0.004779
1.045	-0.10966
1.046	-0.015618
1.047	0.020087
1.048	-0.049409
1.049	-0.089895
1.05	-0.024862
1.051	0.002553
1.052	0.022956
1.053	0.049734
1.054	-0.123687
1.055	0.007654
1.056	0.009567
1.057	0.070137
1.058	-0.043352
1.059	0.03507
1.06	0.025187
1.061	-0.039845
1.062	-0.000634
1.063	0.063442
1.064	0.052603
1.065	0.026463
1.066	-0.069812
1.067	-0.064073
1.068	0.014349
1.069	-0.065986
1.07	0.06663
1.071	-0.027413
1.072	-0.038889
1.073	-0.064711
1.074	0.003829
1.075	-0.047178
1.076	-0.060248
1.077	0.004466
1.078	0.01658
1.079	-0.088301
1.08	0.009567
1.081	-0.036976
1.082	-0.035382
1.083	-0.078419
1.084	-0.009242
1.085	-0.018168
1.086	0.024231
1.087	0.009248
1.088	-0.021037
1.089	-0.031876
1.09	-0.060886
1.091	-0.007329
1.092	0.062486
1.093	0.014349
1.094	-0.055147
1.095	0.007654
1.096	0.0271
1.097	0.073006
1.098	0.023275
1.099	0.022637
1.1	-0.036658
1.101	0.049734
1.102	0.040489
1.103	-0.069174
1.104	-0.035701
1.105	0.072049
1.106	-0.05961
1.107	-0.040483
1.108	-0.038889
1.109	-0.051003
1.11	0.04304
1.111	-0.063436
1.112	0.007016
1.113	-0.000316
1.114	0.001597
1.115	-0.054191
1.116	-0.054191
1.117	-0.011792
1.118	-0.004141
1.119	0.00606
1.12	0.047503
1.121	-0.022631
1.122	0.087351
1.123	0.054835
1.124	-0.102647
1.125	-0.064711
1.126	0.038895
1.127	0.051647
1.128	-0.014661
1.129	-0.042077
1.13	0.084801
1.131	-0.001591
1.132	-0.006373
1.133	-0.00701
1.134	-0.111254
1.135	0.018493
1.136	0.088626
1.137	0.028057
1.138	-0.077781
1.139	0.060254
1.14	0.00351
1.141	-0.032513
1.142	-0.076187
1.143	-0.058335
1.144	0.036026
1.145	-0.026456
1.146	-0.048772
1.147	-0.036339
1.148	0.01658
1.149	-0.04654
1.15	-0.093721
1.151	-0.00701
1.152	0.031244
1.153	-0.005097
1.154	0.045271
1.155	-0.116674
1.156	-0.013386
1.157	0.033795
1.158	0.073962
1.159	-0.056423
1.16	-0.010198
1.161	0.098828
1.162	-0.027094
1.163	-0.013067
1.164	0.069818
1.165	0.021681
1.166	0.007973
1.167	-0.027413
1.168	-0.06758
1.169	-0.047496
1.17	-0.006373
1.171	0.099784
1.172	-0.058016
1.173	-0.0255
1.174	-0.056741
1.175	0.007016
1.176	-0.055147
1.177	-0.04399
1.178	0.028375
1.179	0.000322
1.18	-0.097546
1.181	-0.002547
1.182	-0.044309
1.183	-0.020718
1.184	-0.070449
1.185	0.009886
1.186	0.002872
1.187	0.036345
1.188	0.028057
1.189	-0.035064
1.19	-0.016893
1.191	0.040489
1.192	0.078744
1.193	0.014986
1.194	0.024231
1.195	-0.039527
1.196	-0.009242
1.197	0.002553
1.198	0.066949
1.199	0.035707
1.2	-0.002228
1.201	-0.050684
1.202	0.012436
1.203	0.021681
1.204	-0.102009
1.205	-0.006691
1.206	0.055791
1.207	-0.045584
1.208	-0.053235
1.209	-0.035382
1.21	-0.032195
1.211	-0.008285
1.212	-0.032832
1.213	0.026144
1.214	-0.041121
1.215	-0.030919
1.216	-0.034745
1.217	-0.060567
1.218	-0.060567
1.219	-0.011792
1.22	-0.01243
1.221	0.051328
1.222	-0.006054
1.223	0.011161
1.224	0.043996
1.225	-0.100097
1.226	-0.052597
1.227	0.097871
1.228	0.042721
1.229	-0.037295
1.23	-0.014024
1.231	0.029969
1.232	0.015943
1.233	3.128e-06
1.234	0.008292
1.235	-0.072043
1.236	0.040808
1.237	0.091496
1.238	-0.028369
1.239	-0.05706
1.24	0.037301
1.241	-0.019762
1.242	-0.055785
1.243	-0.065667
1.244	-0.045902
1.245	0.033476
1.246	-0.052278
1.247	-0.07013
1.248	-0.006054
1.249	0.030607
1.25	-0.021993
1.251	-0.067899
1.252	-0.007648
1.253	0.017537
1.254	-0.007648
1.255	0.04304
1.256	-0.114442
1.257	0.011161
1.258	0.046865
1.259	0.012436
1.26	-0.048772
1.261	0.000959
1.262	0.102972
1.263	-0.003185
1.264	-0.042715
1.265	0.106479
1.266	-0.03857
1.267	0.022318
1.268	-0.007967
1.269	-0.096909
1.27	-0.069174
1.271	0.095959
1.272	0.058979
1.273	-0.097546
1.274	0.034432
1.275	-0.020718
1.276	0.000641
1.277	-0.058654
1.278	-0.056423
1.279	0.005423
1.28	0.004147
1.281	-0.088301
1.282	-0.022631
1.283	-0.011792
1.284	-0.01498
1.285	-0.076506
1.286	0.012117
1.287	-0.006691
1.288	0.0271
1.289	0.017855
1.29	-0.109341
1.291	0.003191
1.292	0.076831
1.293	0.086395
1.294	-0.024225
1.295	0.068543
1.296	-0.005097
1.297	0.003829
1.298	-0.039208
1.299	0.078106
1.3	0.035389
1.301	0.024231
1.302	-0.047815
1.303	-0.033789
1.304	-0.004141
1.305	-0.090533
1.306	0.061211
1.307	0.038258
1.308	-0.024862
1.309	-0.019124
1.31	-0.013705
1.311	-0.05451
1.312	-0.012748
1.313	-0.030601
1.314	0.022
1.315	-0.073956
1.316	-0.033151
1.317	-0.054829
1.318	-0.066305
1.319	-0.090214
1.32	-0.005735
1.321	3.128e-06
1.322	0.013392
1.323	0.018812
1.324	0.002553
1.325	-0.018805
1.326	-0.039208
1.327	-0.001272
1.328	0.08767
1.329	-0.004779
1.33	-0.06758
1.331	0.000322
1.332	0.008929
1.333	0.038895
1.334	0.011798
1.335	0.031244
1.336	-0.042396
1.337	0.033157
1.338	0.070137
1.339	-0.051322
1.34	-0.025819
1.341	0.028057
1.342	-0.044946
1.343	-0.061204
1.344	-0.045584
1.345	-0.05451
1.346	0.014667
1.347	-0.042715
1.348	-0.022631
1.349	0.000641
1.35	0.017537
1.351	-0.005097
1.352	-0.05961
1.353	-0.031557
1.354	-0.002547
1.355	-0.00446
1.356	0.044315
1.357	-0.032832
1.358	0.054197
1.359	0.058023
1.36	-0.120499
1.361	-0.020718
1.362	0.065036
1.363	0.062805
1.364	-0.019762
1.365	-0.067899
1.366	0.123056
1.367	-0.028369
1.368	0.005423
1.369	-0.016255
1.37	-0.089258
1.371	-0.002547
1.372	0.102653
1.373	0.030288
1.374	-0.091489
1.375	0.065036
1.376	-0.000316
1.377	-0.030919
1.378	-0.076187
1.379	-0.035382
1.38	0.033157
1.381	-0.01243
1.382	-0.057379
1.383	-0.042077
1.384	0.01403
1.385	-0.0255
1.386	-0.077144
1.387	0.003829
1.388	0.011161
1.389	-0.00191
1.39	0.020724
1.391	-0.124325
1.392	0.056429
1.393	0.069818
1.394	0.011798
1.395	-0.023268
1.396	0.052285
1.397	0.038895
1.398	-0.002228
1.399	-0.041758
1.4	0.083207
1.401	0.000641
1.402	0.024869
1.403	-0.056423
1.404	-0.083201
1.405	-0.040164
1.406	-0.018805
1.407	0.073643
1.408	-0.063755
1.409	-0.01243
1.41	-0.040802
1.411	0.012117
1.412	-0.086707
1.413	-0.02295
1.414	-0.017211
1.415	0.0271
1.416	-0.085751
1.417	-0.005097
1.418	-0.050047
1.419	-0.021675
1.42	-0.090852
1.421	-0.000634
1.422	0.006379
1.423	0.00606
1.424	0.022956
1.425	-0.062161
1.426	-0.003822
1.427	-0.002228
1.428	0.021043
1.429	-0.002228
1.43	0.014349
1.431	-0.027413
1.432	-0.06248
1.433	0.03507
1.434	0.038577
1.435	0.025825
1.436	0.029651
1.437	-0.055466
1.438	0.003191
1.439	0.00861
1.44	-0.124006
1.441	0.014349
1.442	0.032201
1.443	-0.081607
1.444	-0.023587
1.445	-0.03602
1.446	-0.052278
1.447	-0.014661
1.448	-0.053235
1.449	0.020406
1.45	-0.014661
1.451	-0.030601
1.452	-0.000316
1.453	-0.06758
1.454	-0.060248
1.455	0.00861
1.456	0.012755
1.457	0.030926
1.458	-0.02805
1.459	0.019768
1.46	0.067905
1.461	-0.074912
1.462	-0.00446
1.463	0.097553
1.464	-0.008604
1.465	-0.038252
1.466	-0.016255
1.467	0.083207
1.468	-0.006691
1.469	0.004466
1.47	-0.006054
1.471	-0.065349
1.472	0.029332
1.473	0.085757
1.474	-0.04654
1.475	-0.043352
1.476	0.113173
1.477	-0.016574
1.478	-0.072362
1.479	-0.091171
1.48	-0.04399
1.481	0.013073
1.482	-0.0255
1.483	-0.059929
1.484	-0.003504
1.485	0.002872
1.486	-0.046221
1.487	-0.084795
1.488	0.013392
1.489	0.025187
1.49	-0.014342
1.491	0.044634
1.492	-0.125281
1.493	0.089264
1.494	0.115405
1.495	-0.037933
1.496	-0.089258
1.497	0.038895
1.498	0.068224
1.499	0.031882
1.5	-0.047496
1.501	0.065674
1.502	-0.000634
1.503	0.021681
1.504	-0.035382
1.505	-0.107748
1.506	-0.059292
1.507	0.092771
1.508	0.060573
1.509	-0.06758
1.51	0.01658
1.511	-0.003504
1.512	-0.007329
1.513	-0.080969
1.514	-0.016574
1.515	0.01658
1.516	-0.008923
1.517	-0.112848
1.518	-0.027094
1.519	-0.00446
1.52	-0.010517
1.521	-0.05706
1.522	-0.00701
1.523	-0.008604
1.524	0.003191
1.525	0.047503
1.526	-0.073956
1.527	0.008929
1.528	0.076831
1.529	0.098828
1.53	-0.002547
1.531	0.028694
1.532	-0.009242
1.533	-0.00701
1.534	-0.028688
1.535	0.039852
1.536	0.03507
1.537	0.033157
1.538	-0.04909
1.539	-0.021993
1.54	0.027419
1.541	-0.130063
1.542	0.087033
1.543	0.036026
1.544	-0.042715
1.545	-0.020718
1.546	-0.012748
1.547	-0.023906
1.548	-0.010836
1.549	-0.052916
1.55	0.034751
1.551	-0.068855
1.552	-0.008604
1.553	-0.029007
1.554	-0.055466
1.555	-0.037295
1.556	-0.008604
1.557	0.001278
1.558	0.036345
1.559	0.013711
1.56	0.025506
1.561	0.034432
1.562	-0.010198
1.563	-0.008285
1.564	0.089583
1.565	-0.004141
1.566	-0.030919
1.567	-0.00701
1.568	0.039214
1.569	0.017855
1.57	-0.007329
1.571	0.015624
1.572	-0.055785
1.573	0.040171
1.574	0.064717
1.575	-0.089258
1.576	-0.059929
1.577	0.083207
1.578	-0.02805
1.579	-0.063436
1.58	-0.060886
1.581	-0.051959
1.582	0.042721
1.583	-0.058016
1.584	-0.001591
1.585	0.017855
1.586	3.128e-06
1.587	-0.043671
1.588	-0.093402
1.589	-0.016893
1.59	0.012117
1.591	0.012117
1.592	0.029332
1.593	-0.084157
1.594	0.062167
1.595	0.098509
1.596	-0.054829
1.597	-0.04399
1.598	0.062167
1.599	0.051966
1.6	-0.022312
1.601	-0.030282
1.602	0.070137
1.603	-0.016255
1.604	0.037939
1.605	0.000322
1.606	-0.131657
1.607	-0.066305
1.608	0.11668
1.609	0.036983
1.61	-0.113167
1.611	0.026781
1.612	-0.009879
1.613	-0.015299
1.614	-0.096271
1.615	-0.064392
1.616	0.030288
1.617	-0.049409
1.618	-0.073956
1.619	-0.027413
1.62	-0.006373
1.621	-0.036339
1.622	-0.087345
1.623	-0.029007
1.624	0.026781
1.625	-0.006054
1.626	0.03252
1.627	-0.093721
1.628	0.020724
1.629	0.043996
1.63	0.120824
1.631	0.008292
1.632	0.020724
1.633	0.042721
1.634	-0.05706
1.635	0.006698
1.636	0.069818
1.637	0.032838
1.638	0.047821
1.639	-0.060248
1.64	-0.05961
1.641	-0.002547
1.642	-0.093402
1.643	0.098509
1.644	-0.002866
1.645	-0.023587
1.646	-0.074275
1.647	0.003191
1.648	-0.027732
1.649	-0.058016
1.65	0.014667
1.651	0.009567
1.652	-0.085751
1.653	-0.02295
1.654	-0.058973
1.655	-0.042715
1.656	-0.028688
1.657	-0.003822
1.658	3.128e-06
1.659	0.017537
1.66	0.001597
1.661	0.044634
1.662	-0.000316
1.663	0.061848
1.664	0.015943
1.665	0.022318
1.666	0.03252
1.667	-0.042396
1.668	0.027738
1.669	0.039214
1.67	0.040489
1.671	0.044634
1.672	0.022956
1.673	-0.070449
1.674	0.060254
1.675	0.03762
1.676	-0.063436
1.677	-0.01498
1.678	0.065355
1.679	-0.042077
1.68	-0.061204
1.681	-0.033789
1.682	-0.051959
1.683	0.036983
1.684	-0.10966
1.685	0.021362
1.686	-0.000316
1.687	0.000322
1.688	-0.031876
1.689	-0.037295
1.69	0.002553
1.691	-0.007648
1.692	0.012755
1.693	0.056748
1.694	-0.051003
1.695	0.058023
1.696	0.04304
1.697	-0.1307
1.698	-0.054191
1.699	0.059935
1.7	0.027419
1.701	-0.015299
1.702	-0.020081
1.703	0.036983
1.704	0.01148
1.705	0.001597
1.706	0.002235
1.707	-0.091489
1.708	-0.00446
1.709	0.128794
1.71	0.000641
1.711	-0.073637
1.712	0.043996
1.713	0.005741
1.714	-0.043671
1.715	-0.076187
1.716	-0.069812
1.717	0.062486
1.718	-0.066305
1.719	-0.029644
1.72	-0.016574
1.721	0.024869
1.722	-0.025181
1.723	-0.079375
1.724	0.002553
1.725	0.01913
1.726	0.037301
1.727	0.041127
1.728	-0.111573
1.729	0.029969
1.73	0.071731
1.731	0.033157
1.732	-0.002547
1.733	0.010842
1.734	0.088945
1.735	-0.057698
1.736	-0.016574
1.737	0.090539
1.738	-0.041758
1.739	0.034432
1.74	-0.041121
1.741	-0.110617
1.742	-0.001272
1.743	-0.069812
1.744	0.09022
1.745	-0.048772
1.746	0.00351
1.747	-0.05961
1.748	0.022318
1.749	-0.049728
1.75	-0.0781
1.751	0.058342
1.752	-0.037933
1.753	-0.070449
1.754	-0.051322
1.755	-0.038252
1.756	-0.002866
1.757	-0.065349
1.758	-0.00446
1.759	-0.037295
1.76	0.017855
1.761	0.026781
1.762	-0.031876
1.763	-0.015936
1.764	0.024231
1.765	0.072049
1.766	-0.011792
1.767	0.032838
1.768	-0.029325
1.769	-0.025181
1.77	0.001597
1.771	0.051328
1.772	0.057704
1.773	0.028694
1.774	-0.066943
1.775	0.019449
1.776	0.021362
1.777	-0.077463
1.778	-0.001591
1.779	0.053241
1.78	-0.031876
1.781	-0.068218
1.782	-0.017849
1.783	-0.021675
1.784	-0.000953
1.785	-0.081288
1.786	0.025825
1.787	-0.042396
1.788	-0.016255
1.789	-0.059292
1.79	-0.031876
1.791	-0.031876
1.792	-0.01243
1.793	-0.032513
1.794	0.025825
1.795	-0.013386
1.796	0.042721
1.797	0.053878
1.798	-0.132613
1.799	-0.025181
1.8	0.028375
1.801	0.002235
1.802	0.005423
1.803	-0.030601
1.804	0.033157
1.805	0.011161
1.806	0.01403
1.807	0.024231
1.808	-0.073637
1.809	0.045909
1.81	0.069818
1.811	-0.023587
1.812	-0.059929
1.813	0.049734
1.814	-0.029963
1.815	-0.047178
1.816	-0.053872
1.817	-0.047178
1.818	0.056429
1.819	-0.09404
1.82	0.002553
1.821	-0.003822
1.822	0.002553
1.823	-0.036658
1.824	-0.089895
1.825	-0.014342
1.826	0.005423
1.827	0.015624
1.828	0.023275
1.829	-0.105835
1.83	0.065992
1.831	0.071093
1.832	0.068862
1.833	-0.042396
1.834	0.010204
1.835	0.115405
1.836	-0.030601
1.837	-0.029325
1.838	0.080019
1.839	-0.032195
1.84	0.040808
1.841	-0.003504
1.842	-0.075869
1.843	-0.042396
1.844	0.044634
1.845	0.096596
1.846	-0.078419
1.847	0.029013
1.848	-0.012748
1.849	0.015943
1.85	-0.063436
1.851	-0.080969
1.852	0.044634
1.853	-0.042077
1.854	-0.046859
1.855	-0.038252
1.856	0.019449
1.857	-0.009879
1.858	-0.094996
1.859	-0.020399
1.86	0.003829
1.861	0.038258
1.862	0.007335
1.863	-0.090214
1.864	-0.016255
1.865	0.045909
1.866	0.119868
1.867	0.008292
1.868	0.052603
1.869	-0.011792
1.87	-0.052597
1.871	-0.01243
1.872	0.06918
1.873	0.035707
1.874	0.035707
1.875	-0.074912
1.876	-0.043671
1.877	0.020406
1.878	-0.133888
1.879	0.042402
1.88	0.028375
1.881	-0.042715
1.882	-0.051003
1.883	-0.001272
1.884	-0.056423
1.885	-0.041758
1.886	-0.042396
1.887	0.063123
1.888	-0.089577
1.889	0.004466
1.89	-0.045265
1.891	-0.026775
1.892	-0.050684
1.893	-0.001272
1.894	-0.006691
1.895	0.036345
1.896	0.026781
1.897	0.03507
1.898	0.026781
1.899	-0.068855
1.9	-0.023906
1.901	0.066311
1.902	0.015624
1.903	-0.055466
1.904	-0.02295
1.905	0.017855
1.906	0.033795
1.907	0.04304
1.908	0.003829
1.909	-0.092764
1.91	0.057704
1.911	0.045909
1.912	-0.059929
1.913	-0.021356
1.914	0.043677
1.915	-0.055785
1.916	-0.027094
1.917	-0.037614
1.918	-0.04654
1.919	0.038895
1.92	-0.043033
1.921	0.007654
1.922	-0.018805
1.923	-0.000316
1.924	-0.029644
1.925	-0.069174
1.926	-0.002547
1.927	0.010523
1.928	0.005104
1.929	0.039852
1.93	-0.081926
1.931	0.076194
1.932	0.091814
1.933	-0.0255
1.934	-0.050684
1.935	0.016899
1.936	0.056429
1.937	-0.013386
1.938	-0.017211
1.939	0.089264
1.94	-0.00446
1.941	0.010842
1.942	-0.019124
1.943	-0.103922
1.944	-0.037614
1.945	0.103928
1.946	0.031244
1.947	-0.089258
1.948	0.030926
1.949	0.007973
1.95	-0.030282
1.951	-0.062798
1.952	-0.079375
1.953	0.028375
1.954	-0.01753
1.955	-0.090852
1.956	-0.016893
1.957	0.017855
1.958	-0.026456
1.959	-0.094358
1.96	-0.016574
1.961	0.022318
1.962	-0.006054
1.963	0.0271
1.964	-0.11763
1.965	0.015943
1.966	0.061848
1.967	0.04814
1.968	-0.049409
1.969	0.008292
1.97	0.03507
1.971	-0.033151
1.972	-0.0255
1.973	0.073006
1.974	0.008292
1.975	0.022956
1.976	-0.064392
1.977	-0.094996
1.978	-0.024225
1.979	-0.075869
1.98	0.09819
1.981	-0.035701
1.982	-0.053553
1.983	-0.058973
1.984	-0.003822
1.985	-0.068855
1.986	-0.055147
1.987	0.013073
1.988	0.017537
1.989	-0.097865
1.99	-0.005416
1.991	-0.034107
1.992	-0.033151
1.993	-0.083838
1.994	-0.003822
1.995	0.005423
1.996	0.042721
1.997	0.018493
1.998	-0.016893
1.999	-0.015936
2	-0.014024
2.001	0.074281
2.002	0.060573
2.003	0.00861
2.004	-0.012748
2.005	-0.00701
2.006	-0.006691
2.007	0.077788
2.008	0.026144
2.009	0.029332
2.01	-0.062798
2.011	0.045271
2.012	0.033795
2.013	-0.100097
2.014	0.008292
2.015	0.080976
2.016	-0.057698
2.017	-0.050684
2.018	-0.011473
2.019	-0.053553
2.02	0.033157
2.021	-0.048134
2.022	0.023912
2.023	-0.044627
2.024	-0.002228
2.025	-0.038889
2.026	-0.060567
2.027	-0.044309
2.028	0.000959
2.029	0.016899
2.03	0.041127
2.031	-0.028688
2.032	0.06663
2.033	0.070455
2.034	-0.057698
2.035	-0.029644
2.036	0.112536
2.037	0.054835
2.038	-0.039208
2.039	-0.008604
2.04	0.072368
2.041	-0.009879
2.042	0.004785
2.043	-0.006054
2.044	-0.068855
2.045	0.017537
2.046	0.109029
2.047	-0.011792
2.048	-0.113486
2.049	0.087989
2.05	-0.009879
2.051	-0.057698
2.052	-0.062161
2.053	-0.069812
2.054	0.043358
2.055	-0.036658
2.056	-0.075231
2.057	-0.047178
2.058	-0.001591
2.059	-0.007648
2.06	-0.079057
2.061	-0.016574
2.062	0.003191
2.063	-0.01753
2.064	0.037939
2.065	-0.120818
2.066	0.038577
2.067	0.087989
2.068	-0.016574
2.069	-0.023268
2.07	0.023912
2.071	0.097871
2.072	-0.021675
2.073	-0.038889
2.074	0.089264
2.075	-0.014024
2.076	0.016899
2.077	-0.040164
2.078	-0.099459
2.079	-0.052597
2.08	0.044952
2.081	0.083207
2.082	-0.073637
2.083	-0.026775
2.084	-0.027094
2.085	0.0271
2.086	-0.082563
2.087	-0.050366
2.088	0.04304
2.089	-0.002547
2.09	-0.108066
2.091	-0.007967
2.092	-0.001591
2.093	-0.020718
2.094	-0.075231
2.095	0.029332
2.096	-0.00446
2.097	0.0271
2.098	0.043358
2.099	-0.034107
2.1	0.010523
2.101	-0.012748
2.102	0.147284
2.103	-0.036976
2.104	0.039533
2.105	0.001597
2.106	-0.021037
2.107	-0.019762
2.108	0.054835
2.109	0.033157
2.11	0.0271
2.111	-0.073956
2.112	-0.019443
2.113	0.003191
2.114	-0.12815
2.115	0.050053
2.116	0.035707
2.117	-0.045902
2.118	-0.03602
2.119	-0.021356
2.12	-0.038252
2.121	-0.016574
2.122	-0.040802
2.123	0.033795
2.124	-0.047496
2.125	0.004785
2.126	-0.047178
2.127	-0.062161
2.128	-0.05451
2.129	0.000959
2.13	0.002553
2.131	0.01913
2.132	-0.008285
2.133	0.006698
2.134	-0.00191
2.135	-0.124006
2.136	-0.059929
2.137	0.104885
2.138	0.012117
2.139	-0.058973
2.14	-0.015936
2.141	0.00606
2.142	-0.000953
2.143	0.018812
2.144	0.009567
2.145	-0.085114
2.146	0.015305
2.147	0.046865
2.148	-0.053553
2.149	-0.086389
2.15	0.046865
2.151	-0.022631
2.152	-0.054191
2.153	-0.072681
2.154	-0.054191
2.155	0.049097
2.156	-0.063117
2.157	-0.006054
2.158	-0.007648
2.159	0.036026
2.16	-0.030919
2.161	-0.100415
2.162	-0.019124
2.163	0.006698
2.164	0.009567
2.165	0.036664
2.166	-0.109979
2.167	0.041127
2.168	0.085439
2.169	-0.084476
2.17	-0.050684
2.171	0.049734
2.172	0.070774
2.173	-0.001591
2.174	-0.040164
2.175	0.107116
2.176	-0.014661
2.177	0.020087
2.178	-0.023268
2.179	-0.09404
2.18	-0.039845
2.181	0.098509
2.182	0.061529
2.183	-0.076825
2.184	0.023275
2.185	-0.006373
2.186	0.024869
2.187	-0.102009
2.188	-0.045902
2.189	0.029969
2.19	-0.046221
2.191	-0.087345
2.192	-0.022312
2.193	0.01148
2.194	-0.021037
2.195	-0.073637
2.196	0.011798
2.197	0.002553
2.198	-0.001272
2.199	0.051966
2.2	-0.088939
2.201	-0.008604
2.202	0.055154
2.203	0.087033
2.204	-0.053553
2.205	0.024231
2.206	-0.015299
2.207	-0.023268
2.208	-0.015936
2.209	0.079382
2.21	0.040171
2.211	0.036026
2.212	-0.065667
2.213	-0.077781
2.214	0.024231
2.215	-0.12018
2.216	0.073962
2.217	0.017218
2.218	-0.047496
2.219	-0.042077
2.22	-0.01753
2.221	-0.043671
2.222	-0.033789
2.223	-0.003504
2.224	0.037939
2.225	-0.124962
2.226	-0.006373
2.227	-0.03857
2.228	-0.034426
2.229	-0.066305
2.23	-0.031238
2.231	-0.015618
2.232	0.026144
2.233	-0.000316
2.234	-0.010517
2.235	-0.027413
2.236	-0.084157
2.237	-0.01498
2.238	0.060573
2.239	0.004147
2.24	-0.051641
2.241	0.001916
2.242	0.038895
2.243	0.055154
2.244	0.037301
2.245	0.014986
2.246	-0.063117
2.247	0.057704
2.248	0.036664
2.249	-0.035701
2.25	-0.03602
2.251	0.065355
2.252	-0.019443
2.253	-0.068855
2.254	-0.033789
2.255	-0.062161
2.256	0.05611
2.257	-0.080013
2.258	0.001278
2.259	0.013711
2.26	0.002872
2.261	-0.022312
2.262	-0.082882
2.263	-0.008923
2.264	0.003829
2.265	0.005741
2.266	0.05866
2.267	-0.076506
2.268	0.087351
2.269	0.043358
2.27	-0.081607
2.271	-0.048772
2.272	0.071731
2.273	0.043677
2.274	-0.017849
2.275	-0.035382
2.276	0.073006
2.277	-0.029644
2.278	0.02455
2.279	-0.020399
2.28	-0.116036
2.281	-0.023906
2.282	0.130707
2.283	0.04304
