2.144	-0.021037
2.145	0.102653
2.146	0.010523
2.147	-0.030282
2.148	-0.010836
2.149	0.084163
2.15	0.013711
2.151	0.040171
2.152	0.02455
2.153	-0.071406
2.154	0.06663
2.155	0.061848
2.156	-0.017849
2.157	-0.04654
2.158	0.030926
2.159	-0.072681
2.16	-0.0255
2.161	-0.094358
2.162	-0.065667
2.163	0.026781
2.164	-0.004141
2.165	-0.025819
2.166	0.007016
2.167	0.034751
2.168	-0.003504
2.169	-0.065667
2.17	-0.010198
2.171	0.023912
2.172	0.017537
2.173	0.017218
2.174	-0.116674
2.175	0.059617
2.176	0.05611
2.177	-0.03347
2.178	-0.079057
2.179	0.004466
2.18	0.095959
2.181	0.022956
2.182	-0.025819
2.183	0.098828
2.184	-0.023906
2.185	0.007335
2.186	-0.015299
2.187	-0.095952
2.188	-0.069812
2.189	0.081294
2.19	0.058979
2.191	-0.049409
2.192	0.015624
2.193	-0.029007
2.194	-0.019443
2.195	-0.084476
2.196	-0.040483
2.197	0.029969
2.198	-0.008923
2.199	-0.071406
2.2	-0.021993
2.201	-0.036976
2.202	-0.022631
2.203	-0.06248
2.204	-0.026138
2.205	0.002553
2.206	0.015624
2.207	0.008292
2.208	-0.098184
2.209	0.032201
2.21	-0.01753
2.211	0.103291
2.212	0.004147
2.213	0.045909
2.214	-0.007648
2.215	-0.023906
2.216	0.018174
2.217	0.088945
2.218	0.041127
2.219	0.04814
2.22	-0.059292
2.221	0.003191
2.222	0.015624
2.223	-0.134845
2.224	0.038895
2.225	0.034114
2.226	-0.051959
2.227	-0.055466
2.228	-0.020718
2.229	-0.058016
2.23	-0.022631
2.231	-0.056741
2.232	-0.007648
2.233	-0.007648
2.234	-0.034426
2.235	-0.041439
2.236	-0.026456
2.237	-0.065349
2.238	0.012755
2.239	-0.005097
2.24	0.047503
2.241	0.040171
2.242	0.005741
2.243	0.007016
2.244	-0.034107
2.245	-0.058335
2.246	0.071731
2.247	-0.003185
2.248	-0.053872
2.249	0.010842
2.25	0.048778
2.251	0.024231
2.252	0.028694
2.253	0.029332
2.254	-0.065667
2.255	0.071093
2.256	0.058342
2.257	-0.032195
2.258	-0.063436
2.259	0.037939
2.26	-0.051322
2.261	-0.045902
2.262	-0.07555
2.263	-0.087026
2.264	0.036026
2.265	-0.031238
2.266	-0.044946
2.267	0.000641
2.268	0.01913
2.269	-0.02805
2.27	-0.0781
2.271	-0.009561
2.272	0.015305
2.273	0.016261
2.274	0.03252
2.275	-0.062798
2.276	0.037939
2.277	0.059935
2.278	-0.104241
2.279	-0.046859
2.28	0.031563
2.281	0.052603
2.282	-0.040483
2.283	-0.043671
2.284	0.122099
2.285	-0.034107
2.286	0.039214
2.287	0.004147
2.288	-0.113167
2.289	-0.041121
2.29	0.108391
2.291	0.031563
2.292	-0.036339
2.293	0.036983
2.294	-0.024225
2.295	-0.045902
2.296	-0.065349
2.297	-0.05961
2.298	0.016899
2.299	-0.018805
2.3	-0.078419
2.301	-0.029963
2.302	0.005741
2.303	0.001916
2.304	-0.061842
2.305	0.004785
2.306	0.021681
2.307	-0.011792
2.308	0.05866
2.309	-0.093721
2.31	0.043677
2.311	0.040171
2.312	0.051647
2.313	-0.002228
2.314	0.016899
2.315	0.041446
2.316	-0.025819
2.317	-0.001272
2.318	0.085757
2.319	0.053878
2.32	0.02455
2.321	-0.055466
2.322	-0.054191
2.323	-0.006373
2.324	-0.05706
2.325	0.036664
2.326	-0.000316
2.327	-0.059929
2.328	-0.067899
2.329	-0.026456
2.33	-0.04909
2.331	-0.039845
2.332	-0.008285
2.333	0.034432
2.334	-0.038252
2.335	-0.036658
2.336	-0.056741
2.337	-0.041439
2.338	-0.076825
2.339	0.001916
2.34	-0.015299
2.341	0.017855
2.342	0.003829
2.343	-0.026456
2.344	0.006698
2.345	-0.002228
2.346	-0.005097
2.347	0.011798
2.348	0.00606
2.349	-0.016893
2.35	0.014986
2.351	-0.006373
2.352	0.047184
2.353	0.002872
2.354	0.026781
2.355	-0.068218
2.356	0.052285
2.357	0.049097
2.358	-0.054191
2.359	-0.041758
2.36	0.047503
2.361	-0.076506
2.362	-0.079057
2.363	-0.053553
2.364	-0.055147
2.365	0.036664
2.366	-0.037295
2.367	-0.067899
2.368	0.006379
2.369	0.000322
2.37	-0.015618
2.371	-0.055147
2.372	-0.020399
2.373	0.017855
2.374	0.004147
2.375	0.056429
2.376	-0.074593
2.377	0.063123
2.378	0.044634
2.379	-0.124006
2.38	-0.048772
2.381	0.072687
2.382	0.013392
2.383	-0.023587
2.384	-0.000634
2.385	0.105841
2.386	-0.001591
2.387	0.011798
2.388	-0.005735
2.389	-0.09659
2.39	-0.002866
2.391	0.080019
2.392	0.03252
2.393	-0.097865
2.394	0.044634
2.395	-0.022312
2.396	-0.034107
2.397	-0.089258
2.398	-0.051641
2.399	0.013073
2.4	-0.015299
2.401	-0.05961
2.402	-0.027732
2.403	0.023275
2.404	0.014667
2.405	-0.07555
2.406	0.007335
2.407	0.021681
2.408	0.00606
2.409	0.061529
2.41	-0.110298
2.411	0.026781
2.412	0.029013
2.413	-0.029325
2.414	-0.021037
2.415	0.012755
2.416	0.101378
2.417	-0.005097
2.418	-0.021675
2.419	0.110304
2.42	0.032838
2.421	0.052285
2.422	-0.055785
2.423	-0.070449
2.424	-0.056423
2.425	-0.000953
2.426	0.060892
2.427	-0.051959
2.428	-0.035382
2.429	-0.057698
2.43	0.023275
2.431	-0.07555
2.432	-0.034745
2.433	-0.002228
2.434	0.053878
2.435	-0.08607
2.436	-0.012748
2.437	-0.055785
2.438	-0.030601
2.439	-0.058973
2.44	-0.00446
2.441	-0.003504
2.442	0.036026
2.443	0.053878
2.444	-0.064392
2.445	0.022
2.446	0.021362
2.447	0.034751
2.448	0.012755
2.449	0.030926
2.45	-0.0255
2.451	-0.040483
2.452	0.007016
2.453	0.043358
2.454	0.04559
2.455	0.052285
2.456	-0.06503
2.457	0.046228
2.458	0.045271
2.459	-0.131657
2.46	-0.002547
2.461	0.051009
2.462	-0.045584
2.463	-0.047178
2.464	-0.023587
2.465	-0.030282
2.466	0.008292
2.467	-0.042396
2.468	-0.0255
2.469	-0.025819
2.47	-0.018487
2.471	-0.01498
2.472	-0.051959
2.473	-0.05451
2.474	0.021681
2.475	0.017218
2.476	0.042083
2.477	3.128e-06
2.478	0.046865
2.479	0.090539
2.48	-0.059929
2.481	-0.044309
2.482	0.077788
2.483	0.023594
2.484	-0.073
2.485	0.029013
2.486	0.039533
2.487	-0.008285
2.488	0.007654
2.489	0.010523
2.49	-0.077463
2.491	0.023594
2.492	0.070137
2.493	-0.060567
2.494	-0.04654
2.495	0.075875
2.496	-0.068537
2.497	-0.080013
2.498	-0.071406
2.499	-0.068855
2.5	0.038895
2.501	0.005741
2.502	-0.078419
2.503	0.00861
2.504	0.026781
2.505	-0.002547
2.506	-0.088939
2.507	-0.019443
2.508	0.009248
2.509	0.029332
2.51	-0.010198
2.511	-0.111254
2.512	0.012755
2.513	0.09022
2.514	-0.045902
2.515	-0.077144
2.516	0.037939
2.517	0.084482
2.518	-0.012111
2.519	-0.006373
2.52	0.104566
2.521	-0.005416
2.522	0.017855
2.523	-0.042396
2.524	-0.090214
2.525	-0.069174
2.526	0.11126
2.527	0.058979
2.528	-0.025819
2.529	0.014986
2.53	-0.015618
2.531	-0.01498
2.532	-0.092764
2.533	-0.044309
2.534	-0.035701
2.535	0.004785
2.536	-0.046859
2.537	-0.051959
2.538	-0.001272
2.539	-0.012748
2.54	-0.095315
2.541	0.000959
2.542	0.000322
2.543	0.012755
2.544	0.019768
2.545	-0.089895
2.546	-0.008285
2.547	0.040489
2.548	0.052603
2.549	0.017537
2.55	0.033157
2.551	-0.042715
2.552	-0.047496
2.553	0.00351
2.554	0.061529
2.555	0.073006
2.556	0.03507
2.557	-0.056104
2.558	0.009886
2.559	0.01913
2.56	-0.124643
2.561	0.045909
2.562	0.041446
2.563	-0.080013
2.564	-0.021993
2.565	-0.029007
2.566	-0.04909
2.567	-0.027413
2.568	-0.042715
2.569	0.028057
2.57	-0.04909
2.571	-0.021356
2.572	-0.019762
2.573	-0.018168
2.574	-0.059292
2.575	-0.005416
2.576	-0.000953
2.577	0.022
2.578	0.053878
2.579	0.004466
2.58	0.033795
2.581	-0.050047
2.582	-0.023906
2.583	0.096596
2.584	0.006379
2.585	-0.048772
2.586	0.010204
2.587	0.04304
2.588	0.020406
2.589	0.037301
2.59	0.01658
2.591	-0.063436
2.592	0.06408
2.593	0.080657
2.594	-0.074275
2.595	-0.034745
2.596	0.047503
2.597	-0.09404
2.598	-0.042077
2.599	-0.064392
2.6	-0.070768
2.601	0.033795
2.602	-0.00191
2.603	-0.074593
2.604	-0.013067
2.605	0.005741
2.606	-0.003185
2.607	-0.052278
2.608	-0.003185
2.609	0.031882
2.61	0.026781
2.611	0.054835
2.612	-0.063436
2.613	0.07715
2.614	0.089902
2.615	-0.131657
2.616	-0.043352
2.617	0.058023
2.618	0.036026
2.619	-0.003504
2.62	-0.014024
2.621	0.09819
2.622	-0.020399
2.623	0.020406
2.624	-0.009879
2.625	-0.112529
2.626	-0.012748
2.627	0.126244
2.628	0.054516
2.629	-0.03857
2.63	0.020724
2.631	-0.027732
2.632	-0.017849
2.633	-0.086389
2.634	-0.036976
2.635	-0.01753
2.636	-0.000953
2.637	-0.08065
2.638	-0.038889
2.639	-0.000316
2.64	-0.033151
2.641	-0.033151
2.642	-0.001591
2.643	0.043677
2.644	0.024869
2.645	0.031882
2.646	-0.126875
2.647	0.042721
2.648	0.086714
2.649	0.073006
2.65	-0.042077
2.651	0.022637
2.652	0.011798
2.653	-0.02295
2.654	0.005104
2.655	0.061529
2.656	0.04304
2.657	0.031882
2.658	-0.057379
2.659	-0.024862
2.66	-0.0255
2.661	-0.092446
2.662	0.0746
2.663	-0.006691
2.664	-0.050684
2.665	-0.053235
2.666	-0.015299
2.667	-0.047815
2.668	-0.035064
2.669	-0.012748
2.67	0.009886
2.671	-0.042077
2.672	-0.032832
2.673	-0.049409
2.674	-0.030919
2.675	-0.069174
2.676	-0.045265
2.677	0.006379
2.678	0.017218
2.679	0.031563
2.68	-0.019124
2.681	-0.01498
2.682	0.054835
2.683	-0.012748
2.684	0.046228
2.685	0.019449
2.686	-0.044627
2.687	0.007335
2.688	0.014986
2.689	0.017855
2.69	0.017218
2.691	0.031244
2.692	-0.083201
2.693	0.056429
2.694	0.050372
2.695	-0.108066
2.696	-0.00701
2.697	0.042402
2.698	-0.070768
2.699	-0.054829
2.7	-0.061842
2.701	-0.065986
2.702	0.002553
2.703	-0.036339
2.704	-0.022631
2.705	0.007016
2.706	0.021362
2.707	0.018812
2.708	-0.040164
2.709	-0.009242
2.71	0.038258
2.711	0.058979
2.712	0.04559
2.713	-0.031557
2.714	0.069499
2.715	0.048459
2.716	-0.159391
2.717	-0.033151
2.718	0.077469
2.719	0.024869
2.72	-0.000316
2.721	-0.039527
2.722	0.080657
2.723	-0.000634
2.724	0.004147
2.725	0.008292
2.726	-0.113805
2.727	0.013392
2.728	0.102653
2.729	0.029332
2.73	-0.08607
2.731	0.056429
2.732	0.00351
2.733	-0.021675
2.734	-0.08065
2.735	-0.050684
2.736	-0.001272
2.737	0.01148
2.738	-0.093402
2.739	-0.016574
2.74	0.019768
2.741	-0.023268
2.742	-0.051959
2.743	-0.029644
2.744	0.00606
2.745	0.001597
2.746	0.058342
2.747	-0.128469
2.748	0.069818
2.749	0.033476
2.75	0.034432
2.751	-0.021675
2.752	0.003191
2.753	0.076194
2.754	-0.048772
2.755	0.018493
2.756	0.089583
2.757	0.027419
2.758	0.047821
2.759	-0.044309
2.76	-0.09404
2.761	-0.021675
2.762	-0.04909
2.763	0.0797
2.764	-0.03347
2.765	-0.042715
2.766	-0.06248
2.767	0.02455
2.768	-0.077144
2.769	-0.040802
2.77	0.007973
2.771	0.029969
2.772	-0.072681
2.773	-0.037295
2.774	-0.05706
2.775	-0.048453
2.776	-0.064392
2.777	-0.030601
2.778	-0.000953
2.779	0.026463
2.78	0.02455
2.781	-0.023587
2.782	0.020087
2.783	-0.056104
2.784	0.019449
2.785	0.038258
2.786	0.023275
2.787	-0.030282
2.788	-0.01498
2.789	0.02455
2.79	0.064717
2.791	0.047184
2.792	0.058342
2.793	-0.05451
2.794	0.073962
2.795	0.033476
2.796	-0.064073
2.797	0.00351
2.798	0.059935
2.799	-0.037295
2.8	-0.043671
2.801	-0.046221
2.802	-0.055785
2.803	0.015624
2.804	-0.084157
2.805	0.001597
2.806	0.01658
2.807	-0.000634
2.808	-0.035701
2.809	-0.057698
2.81	-0.044627
2.811	-0.000953
2.812	0.052603
2.813	0.008292
2.814	-0.004141
2.815	0.06663
2.816	0.074281
2.817	-0.084795
2.818	-0.047178
2.819	0.113173
2.82	-0.006054
2.821	-0.034426
2.822	-0.023268
2.823	0.072687
2.824	-0.007648
2.825	0.033157
2.826	0.02455
2.827	-0.097228
2.828	0.028057
2.829	0.091496
2.83	0.02455
2.831	-0.053553
2.832	0.033476
2.833	-0.005097
2.834	-0.035064
2.835	-0.072681
2.836	-0.077463
2.837	0.040171
2.838	-0.038252
2.839	-0.060886
2.84	-0.013386
2.841	0.046546
2.842	-0.020718
2.843	-0.067899
2.844	-0.017849
2.845	0.013073
2.846	0.048778
2.847	0.048778
2.848	-0.089895
2.849	0.01658
2.85	0.030926
2.851	-0.006691
2.852	-0.025181
2.853	0.002553
2.854	0.116999
2.855	-0.044309
2.856	-0.01498
2.857	0.09309
2.858	-0.036339
2.859	0.025187
2.86	-0.031238
2.861	-0.122412
2.862	-0.037295
2.863	-0.019443
2.864	0.101378
2.865	-0.076506
2.866	-0.02295
2.867	-0.053872
2.868	0.003829
2.869	-0.091808
2.87	-0.061842
2.871	0.040808
2.872	-0.018805
2.873	-0.05961
2.874	-0.048453
2.875	-0.008285
2.876	-0.004141
2.877	-0.043352
2.878	0.00606
2.879	-0.006373
2.88	0.05356
2.881	0.002235
2.882	-0.04654
2.883	0.009886
2.884	0.033476
2.885	0.065674
2.886	0.028694
2.887	0.01913
2.888	-0.027094
2.889	-0.060567
2.89	0.02455
2.891	0.061529
2.892	0.0271
2.893	0.039852
2.894	-0.069812
2.895	0.024231
2.896	0.01148
2.897	-0.104241
2.898	-0.005416
2.899	0.061848
2.9	-0.013386
2.901	-0.063117
2.902	-0.035701
2.903	-0.050366
2.904	-0.00701
2.905	-0.070768
2.906	0.00606
2.907	-0.012111
2.908	-0.026775
2.909	-0.028688
2.91	-0.041121
2.911	-0.061523
2.912	0.012755
2.913	-0.030282
2.914	0.060254
2.915	0.00606
2.916	0.043358
2.917	0.035707
2.918	-0.111254
2.919	-0.032832
2.92	0.067268
2.921	-0.017849
2.922	-0.039845
2.923	-0.029325
2.924	0.042083
2.925	0.026144
2.926	0.022318
2.927	0.011161
2.928	-0.089258
2.929	0.055154
2.93	0.071093
2.931	-0.016893
2.932	-0.055785
2.933	0.020724
2.934	-0.029007
2.935	-0.030919
2.936	-0.073956
2.937	-0.052278
2.938	0.06663
2.939	-0.041758
2.94	-0.044309
2.941	-0.00446
2.942	0.017855
2.943	-0.023268
2.944	-0.081288
2.945	-0.029644
2.946	0.009567
2.947	0.025187
2.948	0.057704
2.949	-0.066624
2.95	0.049097
2.951	0.025825
2.952	-0.045265
2.953	-0.04909
2.954	0.051647
2.955	0.088308
2.956	-0.02295
2.957	0.018174
2.958	0.086395
2.959	-0.03857
2.96	0.044315
2.961	0.005741
2.962	-0.090214
2.963	-0.033151
2.964	0.093727
2.965	0.105841
2.966	-0.069812
2.967	0.004147
2.968	0.015624
2.969	0.014667
2.97	-0.087664
2.971	-0.057698
2.972	0.046865
2.973	-0.052916
2.974	-0.045584
2.975	-0.013705
2.976	0.027738
2.977	0.001278
2.978	-0.058654
2.979	0.00351
2.98	0.006379
2.981	0.005741
2.982	0.059935
2.983	-0.089895
2.984	0.01913
2.985	0.040171
2.986	0.074919
2.987	0.045271
2.988	0.016261
2.989	0.037939
2.99	-0.077781
2.991	0.033476
2.992	0.065036
2.993	0.03507
2.994	0.060254
2.995	-0.05451
2.996	0.003191
2.997	0.010842
2.998	-0.116355
2.999	0.065674
3	0.029332
3.001	-0.026138
3.002	-0.064711
3.003	-0.011473
3.004	-0.055466
3.005	-0.026775
3.006	-0.052278
3.007	-0.007329
3.008	-0.053872
3.009	3.128e-06
3.01	-0.029644
3.011	-0.038889
3.012	-0.072681
3.013	-0.029007
3.014	-0.027094
3.015	0.038895
3.016	0.024231
3.017	-0.002866
3.018	0.031882
3.019	-0.046221
3.02	-0.02295
3.021	0.040171
3.022	0.010842
3.023	-0.04909
3.024	-0.004779
3.025	0.028375
3.026	0.013711
3.027	0.023912
3.028	0.015943
3.029	-0.09659
3.03	0.097234
3.031	0.041446
3.032	-0.017211
3.033	-0.043671
3.034	0.054835
3.035	-0.053553
3.036	-0.063755
3.037	-0.078419
3.038	-0.089577
3.039	0.065036
3.04	-0.033789
3.041	-0.006054
3.042	-0.019124
3.043	0.017218
3.044	-0.047496
3.045	-0.068855
3.046	0.011161
3.047	0.014349
3.048	0.063761
3.049	0.041764
3.05	-0.029325
3.051	0.039852
3.052	0.113492
3.053	-0.094358
3.054	-0.034107
3.055	0.099147
3.056	0.047821
3.057	-0.01753
3.058	0.002872
3.059	0.089902
3.06	-0.034745
3.061	0.01913
3.062	-0.011792
3.063	-0.111892
3.064	-0.036976
3.065	0.131025
3.066	0.013392
3.067	-0.076187
3.068	0.047821
3.069	0.000959
3.07	-0.048453
3.071	-0.081607
3.072	-0.091171
3.073	0.028057
3.074	-0.041439
3.075	-0.077781
3.076	-0.023906
3.077	0.028375
3.078	0.007016
3.079	-0.072362
3.08	0.040171
3.081	0.017218
3.082	0.046228
3.083	0.014667
3.084	-0.081288
3.085	0.017537
3.086	0.031244
3.087	0.043677
3.088	-0.004779
3.089	-0.028688
3.09	0.053878
3.091	-0.068537
3.092	3.128e-06
3.093	0.078106
3.094	0.013392
3.095	0.021681
3.096	-0.085751
3.097	-0.097228
3.098	-0.027732
3.099	-0.068218
3.1	0.104885
3.101	-0.039527
3.102	-0.045584
3.103	-0.050684
3.104	0.000641
3.105	-0.047815
3.106	-0.022631
3.107	0.00351
3.108	0.026463
3.109	-0.087345
3.11	-0.013386
3.111	-0.041121
3.112	-0.049409
3.113	-0.069493
3.114	-0.010836
3.115	-0.015618
3.116	0.051328
3.117	0.026144
3.118	-0.008604
3.119	0.035707
3.12	0.012117
3.121	0.007016
3.122	0.014667
3.123	0.009248
3.124	0.007654
3.125	0.01913
3.126	-0.017211
3.127	0.044634
3.128	0.035707
3.129	0.049097
3.13	-0.076506
3.131	0.075875
3.132	0.036983
3.133	-0.050684
3.134	-0.029007
3.135	0.08767
3.136	-0.046859
3.137	-0.052916
3.138	-0.022631
3.139	-0.044309
3.14	0.023275
3.141	-0.050684
3.142	-0.014342
3.143	-0.00446
3.144	0.009886
3.145	-0.031557
3.146	-0.069493
3.147	-0.019443
3.148	0.006379
3.149	0.010523
3.15	0.033157
3.151	-0.061842
3.152	0.084163
3.153	0.098828
3.154	-0.146002
3.155	-0.02295
3.156	0.039214
3.157	0.047184
3.158	-0.002228
3.159	-0.02295
3.16	0.080976
3.161	-0.030919
3.162	0.031882
3.163	0.015943
3.164	-0.08862
3.165	0.005423
3.166	0.131663
3.167	0.017855
3.168	-0.073637
3.169	0.071731
3.17	-0.002228
3.171	-0.060886
3.172	-0.075869
3.173	-0.091489
3.174	0.02455
3.175	-0.051003
3.176	-0.052278
3.177	-0.029644
3.178	0.027738
3.179	-0.013067
3.18	-0.085432
3.181	-0.032513
3.182	-0.003185
3.183	0.014349
3.184	0.036345
3.185	-0.155885
3.186	0.013392
3.187	0.05866
3.188	0.039852
3.189	-0.034107
3.19	-0.010198
3.191	0.089902
3.192	-0.062798
3.193	0.012755
3.194	0.084801
3.195	-0.018487
3.196	0.025187
3.197	-0.048772
3.198	-0.08352
3.199	-0.027732
3.2	0.00861
3.201	0.101697
3.202	-0.050047
3.203	-0.030601
3.204	-0.035064
3.205	0.001597
3.206	-0.093083
3.207	-0.041121
3.208	0.032201
3.209	0.006379
3.21	-0.100415
3.211	-0.017211
3.212	-0.031557
3.213	-0.023268
3.214	-0.02805
3.215	0.023594
3.216	0.033476
3.217	0.067268
3.218	0.011798
3.219	-0.007967
3.22	-0.003822
3.221	0.08512
3.222	0.111898
3.223	0.04304
3.224	0.022
3.225	-0.014661
3.226	-0.032513
3.227	-0.002547
3.228	0.063442
3.229	0.030288
3.23	0.03762
3.231	-0.055785
3.232	0.059298
3.233	0.025825
3.234	-0.11508
3.235	-0.014024
3.236	0.088626
3.237	-0.021993
3.238	-0.048772
3.239	-0.00701
3.24	-0.077781
3.241	0.015624
3.242	-0.044309
3.243	-0.029325
3.244	-0.008923
3.245	-0.006373
3.246	-0.043671
3.247	-0.046859
3.248	-0.04399
3.249	-0.031238
3.25	-0.009879
3.251	0.043677
3.252	-0.004779
3.253	0.049097
3.254	0.052603
3.255	-0.14409
3.256	-0.029644
3.257	0.065036
3.258	0.005104
3.259	-0.039527
3.26	-0.016893
3.261	0.021043
3.262	0.001916
3.263	0.01148
3.264	0.006698
3.265	-0.097865
3.266	0.057385
3.267	0.093408
3.268	-0.037933
3.269	-0.076825
3.27	0.058979
3.271	-0.033151
3.272	-0.05961
3.273	-0.084157
3.274	-0.036976
3.275	0.005104
3.276	-0.022312
3.277	-0.051641
3.278	-0.005416
3.279	0.015624
3.28	-0.013067
3.281	-0.078419
3.282	0.011798
3.283	0.025825
3.284	0.034432
3.285	0.017855
3.286	-0.113167
3.287	0.038577
3.288	0.091177
3.289	-0.006691
3.29	-0.105835
3.291	0.03762
3.292	0.081613
3.293	0.007016
3.294	-0.045902
3.295	0.082251
3.296	-0.010517
3.297	0.023594
3.298	-0.015936
3.299	-0.095634
3.3	-0.05961
3.301	0.101059
3.302	0.054197
3.303	-0.028688
3.304	-0.009242
3.305	-0.019762
3.306	0.010523
3.307	-0.071087
3.308	-0.023587
3.309	0.009886
3.31	0.009886
3.311	-0.072681
3.312	-0.037295
3.313	-0.003504
3.314	-0.030282
3.315	-0.04909
3.316	0.008292
3.317	0.02455
3.318	0.046865
3.319	-0.005416
3.32	-0.070768
3.321	-0.010517
3.322	0.00351
3.323	0.078106
3.324	-0.048134
3.325	0.051328
3.326	-0.032195
3.327	-0.013386
3.328	-0.007648
3.329	0.084482
3.33	0.034114
3.331	0.038895
3.332	-0.052916
3.333	-0.027413
3.334	0.022
3.335	-0.141539
3.336	0.037301
3.337	0.056748
3.338	-0.050366
3.339	-0.071406
3.34	-0.013386
3.341	-0.069812
3.342	-0.018805
3.343	-0.058973
3.344	0.03507
3.345	-0.055785
3.346	-0.009242
3.347	-0.05961
3.348	-0.048134
3.349	-0.077781
3.35	-0.021675
3.351	0.002235
3.352	0.00351
3.353	-0.032195
3.354	0.023912
3.355	0.046546
3.356	-0.102009
3.357	-0.029963
3.358	0.085757
3.359	-0.008285
3.36	-0.033789
3.361	0.018174
3.362	-0.005735
3.363	0.018493
3.364	0.034751
3.365	0.00351
3.366	-0.043671
3.367	0.092452
3.368	0.075556
3.369	-0.039208
3.37	-0.030919
3.371	0.040171
3.372	-0.030601
3.373	-0.073637
3.374	-0.065986
3.375	-0.042077
3.376	0.039214
3.377	-0.048453
3.378	-0.043671
3.379	0.011798
3.38	0.046228
3.381	-0.007648
3.382	-0.051959
3.383	0.004785
3.384	0.021362
3.385	0.052922
3.386	0.015305
3.387	-0.064392
3.388	0.072368
3.389	0.095959
3.39	-0.045584
3.391	-0.07013
3.392	0.047821
3.393	0.059617
3.394	0.015624
3.395	-0.063755
3.396	0.074919
3.397	-0.024225
3.398	0.040808
3.399	0.020087
3.4	-0.123368
3.401	-0.001272
3.402	0.118911
3.403	0.037939
3.404	-0.063436
3.405	0.028694
3.406	0.015943
3.407	0.00351
3.408	-0.089258
3.409	-0.061523
3.41	0.019768
3.411	-0.020718
3.412	-0.077781
3.413	-0.035064
3.414	0.008929
3.415	-0.007648
3.416	-0.050047
3.417	-0.023587
3.418	0.015943
3.419	-0.005416
3.42	0.013392
3.421	-0.094996
3.422	0.031563
3.423	0.046865
3.424	0.088945
3.425	-0.032513
3.426	0.039852
3.427	0.004466
3.428	-0.045584
3.429	-0.019443
3.43	0.080976
3.431	0.018812
3.432	0.057704
3.433	-0.058016
3.434	-0.073637
3.435	0.018493
3.436	-0.140264
3.437	0.078425
3.438	0.029013
3.439	-0.058973
3.44	-0.04909
3.441	0.013073
3.442	-0.030601
3.443	-0.039208
3.444	-0.019762
3.445	0.065674
3.446	-0.090533
3.447	-0.021993
3.448	-0.069812
3.449	-0.058654
3.45	-0.048453
3.451	-0.021037
3.452	0.007016
3.453	-0.013705
3.454	0.023275
3.455	-0.011792
3.456	0.010523
3.457	0.002553
3.458	-0.020718
3.459	0.070455
3.46	0.022
3.461	-0.043033
3.462	3.128e-06
3.463	0.015305
3.464	0.04304
3.465	0.060892
3.466	0.018812
3.467	-0.059929
3.468	0.065355
3.469	0.059617
3.47	-0.087664
3.471	-0.016574
3.472	0.031244
3.473	-0.039527
3.474	-0.046859
3.475	-0.046221
3.476	-0.06758
3.477	0.024231
3.478	-0.043352
3.479	-0.028688
3.48	0.011161
3.481	0.013711
3.482	-0.006691
3.483	-0.048453
3.484	-0.041439
3.485	0.014667
3.486	0.031563
3.487	0.001597
3.488	-0.033151
3.489	0.033795
3.49	0.075875
3.491	-0.087664
3.492	-0.055466
3.493	0.102972
3.494	0.004147
3.495	-0.005097
3.496	-0.0255
3.497	0.078106
3.498	0.002872
3.499	0.025506
3.5	-0.02295
3.501	-0.130063
3.502	0.021362
3.503	0.046865
3.504	0.016261
3.505	-0.060248
3.506	0.044315
3.507	-0.005735
3.508	-0.034107
3.509	-0.076506
3.51	-0.076506
3.511	0.01658
3.512	0.01403
3.513	-0.083201
3.514	-0.000634
3.515	0.026144
3.516	-0.016893
3.517	-0.077463
3.518	-0.035382
3.519	0.031882
3.52	-0.003504
3.521	0.065355
3.522	-0.109979
3.523	0.004147
3.524	0.044315
3.525	0.054835
3.526	0.00351
3.527	0.009886
3.528	0.081613
3.529	-0.020718
3.53	0.000322
3.531	0.084163
3.532	-0.009561
3.533	0.041446
3.534	-0.048134
3.535	-0.083838
3.536	-0.018487
3.537	-0.041758
3.538	0.069499
3.539	-0.048772
3.54	-0.021356
3.541	-0.085751
3.542	0.038895
3.543	-0.069174
3.544	-0.049728
3.545	0.034114
3.546	0.026144
3.547	-0.081926
3.548	-0.016574
3.549	-0.047496
3.55	-0.010198
3.551	-0.050684
3.552	0.001597
3.553	-0.020081
3.554	0.007335
3.555	0.043996
3.556	-0.023587
3.557	0.017855
3.558	0.036664
3.559	0.007335
3.56	0.013392
3.561	0.007973
3.562	-0.022631
3.563	-0.037933
3.564	0.006379
3.565	0.053878
3.566	0.080338
3.567	0.041127
3.568	-0.066624
3.569	0.071731
3.57	0.032201
3.571	-0.130063
3.572	0.012117
3.573	0.030288
3.574	-0.000953
3.575	-0.016574
3.576	-0.063436
3.577	-0.051641
3.578	-0.019443
3.579	-0.048453
3.58	-0.028688
3.581	-0.020081
3.582	-0.026138
3.583	-0.036339
3.584	-0.063436
3.585	-0.069812
3.586	0.022956
3.587	-0.020399
3.588	0.044315
3.589	-0.001272
3.59	0.021681
3.591	0.104566
3.592	-0.095952
3.593	-0.034107
3.594	0.082569
3.595	-0.009242
3.596	-0.000953
3.597	-0.012748
3.598	0.066311
3.599	0.004466
3.6	0.013711
3.601	-0.006373
3.602	-0.072362
3.603	0.044952
3.604	0.05356
3.605	0.009886
3.606	-0.040164
3.607	0.041446
3.608	-0.062161
3.609	-0.051641
3.61	-0.05451
3.611	-0.073637
3.612	0.044952
3.613	0.024231
3.614	-0.072043
3.615	-0.023906
3.616	0.038258
3.617	-0.018168
3.618	-0.083838
3.619	0.014667
3.62	0.046228
3.621	0.014349
3.622	0.052922
3.623	-0.095952
3.624	0.031563
3.625	0.107754
3.626	0.01658
3.627	-0.038889
3.628	0.029651
3.629	0.10871
3.63	-0.036976
3.631	-0.00701
3.632	0.081932
3.633	-0.051003
3.634	0.03762
3.635	-0.018805
3.636	-0.104241
3.637	-0.056741
3.638	0.089264
3.639	0.079063
3.64	-0.039845
3.641	0.00606
3.642	-0.027094
3.643	-0.009242
3.644	-0.075231
3.645	-0.037295
3.646	0.009248
3.647	-0.013067
3.648	-0.089258
3.649	-0.025181
3.65	0.021362
3.651	-0.044309
3.652	-0.070449
3.653	-0.017849
3.654	-0.041758
3.655	0.000959
3.656	0.023912
3.657	-0.086707
3.658	0.016899
3.659	0.041764
3.66	0.036026
3.661	0.022637
3.662	0.01913
3.663	0.031882
3.664	-0.045902
3.665	-0.025181
3.666	0.063761
3.667	0.041446
3.668	0.007973
3.669	-0.090214
3.67	0.018812
3.671	-0.020081
3.672	-0.124325
3.673	0.052922
3.674	0.004466
3.675	-0.018168
3.676	-0.069812
3.677	-0.019762
3.678	-0.063436
3.679	-0.016574
3.68	-0.008604
3.681	-0.042077
3.682	-0.020718
3.683	-0.050684
3.684	-0.015936
3.685	-0.051641
3.686	-0.05451
3.687	-0.003822
3.688	-0.034426
3.689	0.054516
3.69	0.011161
3.691	0.012117
3.692	0.012117
3.693	-0.022631
3.694	0.00606
3.695	0.084482
3.696	0.011161
3.697	-0.003504
3.698	-0.016574
3.699	0.02455
3.7	0.028057
3.701	0.025187
3.702	0.02455
3.703	-0.057698
3.704	0.067905
3.705	0.034432
3.706	-0.057698
3.707	-0.058654
3.708	0.036664
3.709	-0.079057
3.71	-0.032195
3.711	-0.037933
3.712	-0.068537
3.713	0.029969
3.714	-0.004779
3.715	-0.063436
3.716	-0.020718
3.717	0.024231
3.718	0.003829
3.719	-0.056423
3.72	0.015305
3.721	0.04304
3.722	0.023912
3.723	0.010204
3.724	-0.080332
3.725	0.042083
3.726	0.101059
3.727	-0.122412
3.728	-0.034107
3.729	0.096915
3.73	0.055154
3.731	-0.054829
3.732	-0.029325
3.733	0.111898
3.734	-0.010517
3.735	0.023912
3.736	-0.020399
3.737	-0.098821
3.738	-0.045902
3.739	0.131025
3.74	0.046228
3.741	-0.038252
3.742	0.068224
3.743	-0.00701
3.744	-0.037295
3.745	-0.09659
3.746	-0.043352
3.747	-0.001272
3.748	0.005104
3.749	-0.057379
3.75	-0.050047
3.751	0.031244
3.752	-0.069174
3.753	-0.110935
3.754	-0.007648
3.755	-0.005416
3.756	0.032201
3.757	0.017855
3.758	-0.114761
3.759	0.032838
3.76	0.036983
3.761	0.036664
3.762	-0.017849
3.763	0.007016
3.764	0.065355
3.765	-0.027413
3.766	-0.003822
3.767	0.065036
3.768	0.036664
3.769	0.043996
3.77	-0.071087
3.771	-0.038889
3.772	-0.035382
3.773	-0.030601
3.774	0.065036
3.775	-0.020399
3.776	-0.03347
3.777	-0.034745
3.778	0.010523
3.779	-0.042077
3.78	-0.020718
3.781	-0.005416
3.782	0.005104
3.783	-0.060567
3.784	-0.04399
3.785	-0.00446
3.786	-0.045902
3.787	-0.063117
3.788	-0.00191
3.789	-0.016574
3.79	0.058023
3.791	-0.00191
3.792	-0.026456
3.793	0.029651
3.794	0.015943
3.795	0.034114
3.796	0.071093
3.797	3.128e-06
3.798	-0.030919
3.799	-0.006691
3.8	-0.023587
3.801	0.044634
3.802	0.017855
3.803	0.033795
3.804	-0.056104
3.805	0.073325
3.806	0.034114
3.807	-0.102647
3.808	-0.031238
3.809	0.064399
3.81	-0.075231
3.811	-0.022312
3.812	-0.051322
3.813	-0.058973
3.814	0.012436
3.815	-0.04399
3.816	-0.01753
3.817	-0.023587
3.818	0.04814
3.819	-0.022312
3.82	-0.060886
3.821	-0.009879
3.822	0.008292
3.823	-0.032513
3.824	0.028375
3.825	-0.028688
3.826	0.051647
3.827	0.068543
3.828	-0.137714
3.829	-0.067261
3.83	0.117636
3.831	0.004466
3.832	-0.021037
3.833	-0.020081
3.834	0.074281
3.835	-0.00191
3.836	-0.010517
3.837	-0.019443
3.838	-0.11763
3.839	0.001597
3.84	0.083526
3.841	-0.003504
3.842	-0.060567
3.843	0.051647
3.844	-0.044946
3.845	-0.045584
3.846	-0.114761
3.847	-0.048453
3.848	0.024231
3.849	-0.004141
3.85	-0.05706
3.851	-0.039208
3.852	0.041127
3.853	-0.034745
3.854	-0.094358
3.855	-0.002866
3.856	-0.003185
3.857	0.029013
3.858	0.013073
3.859	-0.128788
3.86	0.030288
3.861	0.056748
3.862	0.005104
3.863	-0.03857
3.864	0.037301
3.865	0.086076
3.866	-0.026456
3.867	-0.002547
3.868	0.060254
3.869	0.055791
3.87	0.051328
3.871	-0.046221
3.872	-0.0781
3.873	-0.089577
3.874	0.035707
3.875	0.04814
3.876	-0.058335
3.877	-0.016255
3.878	-0.000953
3.879	0.008929
3.88	-0.08607
3.881	-0.010836
3.882	-0.01243
3.883	0.021681
3.884	-0.061523
3.885	-0.080013
3.886	-0.026456
3.887	-0.030282
3.888	-0.085114
3.889	-0.006691
3.89	0.013711
3.891	0.015943
3.892	0.017855
3.893	-0.067899
3.894	0.000959
3.895	0.078106
3.896	0.05611
3.897	0.020724
3.898	0.003191
3.899	-0.049409
3.9	-0.005416
3.901	0.01403
3.902	0.057704
3.903	0.038577
3.904	0.012117
3.905	-0.04909
3.906	0.04814
3.907	0.011161
3.908	-0.147277
3.909	-0.009561
3.91	0.044952
3.911	-0.052597
3.912	-0.065349
3.913	-0.066624
3.914	-0.051003
3.915	0.007335
3.916	-0.028369
3.917	-0.01243
3.918	-0.025181
3.919	0.022956
3.92	-0.007648
3.921	-0.067261
3.922	-0.072681
3.923	0.001597
3.924	-0.005735
3.925	0.024231
3.926	-0.001272
3.927	0.034432
3.928	0.045909
3.929	-0.144408
3.93	-0.023268
3.931	0.11413
3.932	0.040171
3.933	-0.016574
3.934	-0.01498
3.935	0.050372
3.936	-0.014661
3.937	0.010523
3.938	0.024869
3.939	-0.090533
3.94	0.042083
3.941	0.103291
3.942	-0.035064
3.943	-0.058335
3.944	0.046865
3.945	-0.031238
3.946	-0.037614
3.947	-0.06758
3.948	-0.028369
3.949	0.02455
3.95	0.007973
3.951	-0.071087
3.952	-0.028369
3.953	0.048778
3.954	-0.005097
3.955	-0.035064
3.956	-0.012111
3.957	0.03252
3.958	0.015305
3.959	0.013711
3.96	-0.093083
3.961	0.038577
3.962	0.094046
3.963	-0.001591
3.964	-0.081288
3.965	0.036983
3.966	0.093727
3.967	0.02455
3.968	-0.031557
3.969	0.081613
3.97	-0.001272
3.971	0.037301
3.972	-0.027732
3.973	-0.107429
3.974	-0.062798
3.975	0.094046
3.976	0.070137
3.977	-0.031557
3.978	0.029013
3.979	0.00351
3.98	0.016261
3.981	-0.082244
3.982	-0.04399
3.983	0.01148
3.984	0.04559
3.985	-0.092446
3.986	0.006698
3.987	-0.023906
3.988	-0.072043
3.989	-0.094996
3.99	-0.021675
3.991	-0.019124
3.992	0.007973
3.993	0.024231
3.994	-0.101691
3.995	0.007016
3.996	-0.018168
3.997	0.060254
3.998	0.015943
3.999	0.024231
4	-0.001591
4.001	-0.032832
4.002	-0.007967
4.003	0.072687
4.004	0.033476
4.005	0.023275
4.006	-0.117949
4.007	0.002872
4.008	0.018812
4.009	-0.153334
4.01	0.01148
4.011	0.05356
4.012	-0.082563
4.013	-0.073318
4.014	-0.060248
4.015	-0.044946
4.016	0.001916
4.017	-0.024862
4.018	-0.008923
4.019	-0.026456
4.02	-0.008923
4.021	-0.032832
4.022	-0.057379
4.023	-0.095315
4.024	-0.003822
4.025	-0.004779
4.026	0.023912
4.027	-0.006373
4.028	0.003191
4.029	-0.013067
4.03	-0.09659
4.031	-0.060886
4.032	0.090858
4.033	-0.001272
4.034	-0.058016
4.035	0.002553
4.036	0.029332
4.037	0.002872
4.038	0.046228
4.039	0.049734
4.04	-0.079057
4.041	0.071731
4.042	0.069499
4.043	-0.056741
4.044	-0.067261
4.045	0.059298
4.046	-0.027413
4.047	-0.077781
4.048	-0.055785
4.049	-0.068218
4.05	0.035707
4.051	-0.029325
4.052	-0.065667
4.053	0.021043
4.054	0.017218
4.055	0.030926
4.056	-0.078738
4.057	-0.030919
4.058	0.01913
4.059	-0.01498
4.06	0.062486
4.061	-0.079057
4.062	0.045271
4.063	0.111898
4.064	-0.114123
4.065	-0.033789
4.066	0.034114
4.067	0.054516
4.068	-0.014342
4.069	-0.021993
4.07	0.121143
4.071	-0.030282
4.072	-0.013705
4.073	-0.018487
4.074	-0.143452
4.075	-0.05706
4.076	0.092452
4.077	0.049415
4.078	-0.072362
4.079	0.008929
4.08	-0.034745
4.081	-0.016574
4.082	-0.08352
4.083	-0.025819
4.084	0.004785
4.085	0.01148
4.086	-0.05706
4.087	-0.034745
4.088	-0.019762
4.089	-0.032195
4.09	-0.059929
4.091	-0.009879
4.092	0.013711
4.093	-0.005735
4.094	0.012755
4.095	-0.095634
4.096	0.002235
4.097	0.038258
4.098	0.025506
4.099	-0.021037
4.1	0.010204
4.101	0.049734
4.102	-0.057379
4.103	-0.000316
4.104	0.065674
4.105	0.045271
4.106	0.049415
4.107	-0.080332
4.108	-0.020081
4.109	0.016899
4.11	-0.109023
4.111	0.053878
4.112	0.029651
4.113	-0.075231
4.114	-0.04399
4.115	-0.008604
4.116	-0.033151
4.117	-0.017849
4.118	-0.027094
4.119	-0.003185
4.12	-0.021675
4.121	-0.044627
4.122	-0.064073
4.123	-0.016893
4.124	-0.073
4.125	0.016899
4.126	0.004785
4.127	0.015305
4.128	-0.008604
4.129	-0.006373
4.13	0.022
4.131	0.051966
4.132	0.00606
4.133	0.046228
4.134	-0.00446
4.135	-0.018487
4.136	-0.00446
4.137	0.01658
4.138	0.052922
4.139	0.073006
4.14	0.012755
4.141	-0.079057
4.142	0.071731
4.143	0.052603
4.144	-0.04654
4.145	-0.016255
4.146	0.064717
4.147	-0.011154
4.148	-0.070449
4.149	-0.029644
4.15	-0.052916
4.151	0.036026
4.152	-0.025819
4.153	-0.035382
4.154	0.028375
4.155	0.009567
4.156	-0.009879
4.157	-0.07555
4.158	-0.028688
4.159	0.00606
4.16	0.031882
4.161	0.033157
4.162	-0.05961
4.163	0.036983
4.164	0.061848
4.165	-0.154291
4.166	-0.043352
4.167	0.061211
4.168	0.030288
4.169	-0.01753
4.17	-0.020081
4.171	0.096596
4.172	-0.052278
4.173	0.007016
4.174	-0.037295
4.175	-0.129106
4.176	-0.020399
4.177	0.079063
4.178	0.022956
4.179	-0.0781
4.18	0.030926
4.181	-0.041439
4.182	-0.045265
4.183	-0.063436
4.184	-0.072362
4.185	0.028375
4.186	0.00351
4.187	-0.090214
4.188	-0.025181
4.189	0.030288
4.19	-0.00446
4.191	-0.087983
4.192	-0.014024
4.193	-0.005097
4.194	-0.004141
4.195	0.034751
4.196	-0.142496
4.197	0.023912
4.198	0.064399
4.199	0.028057
4.2	-0.020718
4.201	0.021362
4.202	0.108073
4.203	-0.044946
4.204	0.023912
4.205	0.077469
4.206	0.047503
4.207	0.033476
4.208	-0.067899
4.209	-0.057698
4.21	-0.02295
4.211	-0.077463
4.212	0.05866
4.213	-0.047178
4.214	-0.026138
4.215	-0.060567
4.216	0.028057
4.217	-0.084795
4.218	-0.041439
4.219	-0.000634
4.22	0.017218
4.221	-0.057379
4.222	-0.017849
4.223	0.00861
4.224	-0.028688
4.225	-0.086389
4.226	-0.007329
4.227	-0.041758
4.228	0.032838
4.229	0.022956
4.23	-0.019124
4.231	0.012755
4.232	-0.034107
4.233	0.008929
4.234	0.010523
4.235	0.024869
4.236	-0.018487
4.237	-0.034745
4.238	-0.007648
4.239	0.052603
4.24	0.055154
4.241	-0.004141
4.242	-0.092446
4.243	0.041446
4.244	0.022
4.245	-0.117949
4.246	-0.019124
4.247	0.0271
4.248	-0.073637
4.249	-0.060886
4.25	-0.052597
4.251	-0.049728
4.252	0.009886
4.253	-0.045265
4.254	-0.028369
4.255	0.000959
4.256	0.004147
4.257	-0.041121
4.258	-0.052916
4.259	-0.018805
4.26	0.017218
4.261	0.001278
4.262	0.037301
4.263	-0.014661
4.264	0.04559
4.265	0.078744
4.266	-0.127512
4.267	-0.027732
4.268	0.071412
4.269	0.029651
4.27	-0.035382
4.271	-0.030282
4.272	0.073643
4.273	0.014667
4.274	0.047503
4.275	-0.008604
4.276	-0.078419
4.277	0.034751
4.278	0.079382
4.279	-0.010517
4.28	-0.046859
4.281	0.088626
4.282	-0.049728
4.283	-0.034107
4.284	-0.069812
4.285	-0.066943
4.286	0.01913
4.287	0.007654
