6.852	0.033476
6.853	0.057385
6.854	0.019768
6.855	0.013073
6.856	0.073962
6.857	-0.015299
6.858	-0.020081
6.859	0.0746
6.86	0.028057
6.861	0.06408
6.862	-0.059929
6.863	-0.045265
6.864	-0.015618
6.865	-0.049409
6.866	0.09309
6.867	-0.037933
6.868	-0.027413
6.869	-0.04654
6.87	0.012117
6.871	-0.052597
6.872	-0.047178
6.873	-0.002866
6.874	0.009248
6.875	-0.051641
6.876	-0.030601
6.877	-0.019762
6.878	-0.036339
6.879	-0.084795
6.88	-0.006054
6.881	-0.014024
6.882	0.034114
6.883	0.040489
6.884	-0.011473
6.885	0.013711
6.886	0.020724
6.887	0.087351
6.888	0.026781
6.889	0.051328
6.89	-0.040483
6.891	0.00861
6.892	-0.005097
6.893	0.03762
6.894	0.024869
6.895	0.020406
6.896	-0.052916
6.897	0.038577
6.898	0.044634
6.899	-0.091489
6.9	-0.027732
6.901	0.052603
6.902	-0.058973
6.903	-0.060886
6.904	-0.047178
6.905	-0.050684
6.906	0.019768
6.907	-0.041758
6.908	-0.036339
6.909	-0.020399
6.91	-0.020399
6.911	-0.013386
6.912	-0.044627
6.913	-0.014024
6.914	0.01148
6.915	-0.000953
6.916	0.004147
6.917	-0.039527
6.918	0.041127
6.919	0.028057
6.92	-0.14919
6.921	-0.027413
6.922	0.1272
6.923	0.017218
6.924	-0.013067
6.925	-0.036658
6.926	0.065036
6.927	0.002872
6.928	0.01148
6.929	-0.015299
6.93	-0.106791
6.931	0.00861
6.932	0.066949
6.933	-0.005735
6.934	-0.039845
6.935	0.032838
6.936	-0.050366
6.937	-0.011154
6.938	-0.065986
6.939	-0.055147
6.94	0.01658
6.941	0.010204
6.942	-0.059292
6.943	0.000641
6.944	0.026781
6.945	-0.039527
6.946	-0.077463
6.947	0.006379
6.948	0.038577
6.949	0.018812
6.95	0.039533
6.951	-0.114761
6.952	0.038895
6.953	0.039852
6.954	0.026144
6.955	-0.039208
6.956	-0.00446
6.957	0.113492
6.958	-0.020081
6.959	-0.024225
6.96	0.077788
6.961	0.040808
6.962	0.032838
6.963	-0.058335
6.964	-0.091808
6.965	-0.074275
6.966	-0.003822
6.967	0.071731
6.968	-0.042077
6.969	-0.019762
6.97	-0.076825
6.971	0.007016
6.972	-0.081288
6.973	-0.053553
6.974	0.009886
6.975	0.01403
6.976	-0.055466
6.977	-0.014024
6.978	-0.016255
6.979	-0.047496
6.98	-0.094996
6.981	-0.012111
6.982	-0.002228
6.983	0.019449
6.984	0.023594
6.985	-0.051959
6.986	-0.029325
6.987	0.05611
6.988	0.033476
6.989	0.002872
6.99	0.014667
6.991	-0.029007
6.992	-0.00446
6.993	0.006698
6.994	0.036983
6.995	0.052922
6.996	0.022956
6.997	-0.05961
6.998	0.030926
6.999	0.004466
7	-0.122412
7.001	-0.021356
7.002	0.058342
7.003	-0.070768
7.004	-0.059292
7.005	-0.056423
7.006	-0.041758
7.007	-0.001272
7.008	-0.061204
7.009	0.01403
7.01	-0.015299
7.011	-0.029325
7.012	-0.024544
7.013	-0.045265
7.014	-0.043352
7.015	-0.002228
7.016	0.013711
7.017	0.035707
7.018	0.012117
7.019	0.043996
7.02	0.073643
7.021	-0.057698
7.022	-0.033151
7.023	0.067586
7.024	0.01913
7.025	-0.037933
7.026	-0.004779
7.027	0.073006
7.028	0.013711
7.029	0.022318
7.03	3.128e-06
7.031	-0.067261
7.032	0.049097
7.033	0.090539
7.034	0.01403
7.035	-0.052916
7.036	0.047503
7.037	-0.019124
7.038	-0.035382
7.039	-0.087983
7.04	-0.037295
7.041	0.015624
7.042	-0.036339
7.043	-0.064073
7.044	-0.014661
7.045	0.03507
7.046	-0.025819
7.047	-0.06758
7.048	-0.007329
7.049	0.020724
7.05	0.032201
7.051	0.00861
7.052	-0.093721
7.053	0.051966
7.054	0.04559
7.055	-0.01753
7.056	-0.059929
7.057	0.00351
7.058	0.099784
7.059	0.006698
7.06	-0.030282
7.061	0.10074
7.062	-0.000316
7.063	0.029013
7.064	-0.03602
7.065	-0.101372
7.066	-0.045584
7.067	0.05611
7.068	0.088945
7.069	-0.053872
7.07	-0.015618
7.071	-0.05451
7.072	0.00861
7.073	-0.068218
7.074	-0.047178
7.075	0.035707
7.076	0.021362
7.077	-0.085751
7.078	-0.015299
7.079	-0.047178
7.08	-0.039845
7.081	-0.051959
7.082	-0.008604
7.083	0.000959
7.084	0.013711
7.085	0.030288
7.086	-0.05706
7.087	0.004785
7.088	-0.020718
7.089	0.137401
7.09	-0.007648
7.091	0.045909
7.092	-0.005097
7.093	-0.01498
7.094	-0.005416
7.095	0.059935
7.096	0.061211
7.097	0.024869
7.098	-0.063117
7.099	0.018812
7.1	0.025825
7.101	-0.15971
7.102	0.020087
7.103	0.057066
7.104	-0.064392
7.105	-0.042396
7.106	-0.058654
7.107	-0.029644
7.108	-0.001272
7.109	-0.05451
7.11	0.03507
7.111	-0.013705
7.112	-0.020081
7.113	-0.04909
7.114	-0.050047
7.115	-0.055466
7.116	0.003829
7.117	0.023275
7.118	0.044634
7.119	0.018812
7.12	0.025825
7.121	-0.007329
7.122	-0.128788
7.123	-0.082882
7.124	0.099784
7.125	-0.001591
7.126	-0.038889
7.127	-0.011473
7.128	0.045909
7.129	0.013392
7.13	0.043358
7.131	0.029013
7.132	-0.081288
7.133	0.060892
7.134	0.078744
7.135	-0.045584
7.136	-0.044946
7.137	0.050053
7.138	-0.062798
7.139	-0.066624
7.14	-0.065667
7.141	-0.068218
7.142	0.039533
7.143	-0.037933
7.144	-0.036339
7.145	-0.008604
7.146	0.038895
7.147	-0.013067
7.148	-0.060886
7.149	-0.013386
7.15	0.017537
7.151	0.013392
7.152	0.047184
7.153	-0.096909
7.154	0.051966
7.155	-0.052916
7.156	0.025825
7.157	-0.069174
7.158	0.002872
7.159	0.106479
7.16	-0.016255
7.161	-0.051641
7.162	0.11413
7.163	-0.034745
7.164	0.015943
7.165	-0.024544
7.166	-0.102966
7.167	-0.069812
7.168	0.074919
7.169	0.09022
7.17	-0.07013
7.171	-0.003185
7.172	-0.016574
7.173	0.004785
7.174	-0.082882
7.175	-0.04399
7.176	0.032201
7.177	0.032201
7.178	-0.076187
7.179	-0.021675
7.18	-0.010198
7.181	-0.007329
7.182	-0.046221
7.183	-0.007967
7.184	-0.003504
7.185	0.007016
7.186	0.026781
7.187	-0.079694
7.188	0.030926
7.189	0.085439
7.19	0.042721
7.191	0.009248
7.192	0.036983
7.193	0.027419
7.194	-0.023268
7.195	-0.02805
7.196	0.086714
7.197	0.048459
7.198	0.042721
7.199	-0.060886
7.2	0.000322
7.201	0.01403
7.202	-0.111254
7.203	0.048778
7.204	0.039533
7.205	-0.07013
7.206	-0.052916
7.207	-0.024225
7.208	-0.032513
7.209	-0.016574
7.21	-0.028369
7.211	0.025825
7.212	-0.045265
7.213	-0.016255
7.214	-0.049409
7.215	-0.041121
7.216	-0.083201
7.217	0.008929
7.218	0.028375
7.219	0.011798
7.22	0.024231
7.221	0.007973
7.222	0.035707
7.223	-0.047496
7.224	-0.024225
7.225	0.065355
7.226	0.003829
7.227	-0.043033
7.228	-0.019443
7.229	0.035707
7.23	0.01913
7.231	0.028375
7.232	0.034432
7.233	-0.061204
7.234	0.06663
7.235	0.044315
7.236	-0.052278
7.237	-0.048772
7.238	0.054835
7.239	-0.055466
7.24	-0.07013
7.241	-0.052278
7.242	-0.072043
7.243	0.029013
7.244	-0.035382
7.245	-0.070449
7.246	-0.020081
7.247	0.020724
7.248	-0.017211
7.249	-0.062798
7.25	-0.010836
7.251	0.034432
7.252	0.031563
7.253	0.036664
7.254	-0.077781
7.255	0.038258
7.256	0.121781
7.257	-0.086707
7.258	-0.026775
7.259	0.055472
7.26	0.030607
7.261	0.01913
7.262	-0.043033
7.263	0.141227
7.264	-0.013386
7.265	0.018174
7.266	0.007654
7.267	-0.094358
7.268	-0.0255
7.269	0.116999
7.27	0.059617
7.271	-0.056104
7.272	0.03252
7.273	-0.007329
7.274	-0.015618
7.275	-0.07555
7.276	-0.045902
7.277	0.010523
7.278	-0.00191
7.279	-0.073956
7.28	-0.029007
7.281	0.003829
7.282	-0.013067
7.283	-0.061842
7.284	0.01148
7.285	0.010842
7.286	0.059298
7.287	0.0797
7.288	-0.109341
7.289	0.044634
7.29	0.015624
7.291	0.087989
7.292	-0.007967
7.293	0.033157
7.294	0.043677
7.295	-0.036658
7.296	-0.017849
7.297	0.06663
7.298	0.052285
7.299	0.038577
7.3	-0.094358
7.301	-0.023906
7.302	0.014986
7.303	-0.071087
7.304	0.075556
7.305	-0.019443
7.306	-0.080969
7.307	-0.025181
7.308	-0.010836
7.309	-0.034745
7.31	-0.03857
7.311	-0.034426
7.312	0.020087
7.313	-0.068537
7.314	-0.035701
7.315	-0.052916
7.316	-0.051959
7.317	-0.069174
7.318	0.005741
7.319	-0.009879
7.32	-0.003504
7.321	0.029332
7.322	0.004466
7.323	0.020406
7.324	0.095002
7.325	0.001597
7.326	0.03252
7.327	0.029969
7.328	-0.032832
7.329	-0.0255
7.33	0.016899
7.331	0.029013
7.332	0.009886
7.333	0.013392
7.334	-0.059929
7.335	0.036026
7.336	0.047184
7.337	-0.07013
7.338	-0.03602
7.339	0.054197
7.34	-0.067261
7.341	-0.056423
7.342	-0.032513
7.343	-0.063117
7.344	0.012755
7.345	-0.011792
7.346	-0.018805
7.347	0.017855
7.348	0.012117
7.349	0.005104
7.35	-0.053553
7.351	-0.019443
7.352	0.051647
7.353	0.008292
7.354	0.020724
7.355	-0.027732
7.356	0.041446
7.357	0.075875
7.358	-0.082882
7.359	-0.029963
7.36	0.075237
7.361	0.044952
7.362	0.001597
7.363	-0.052278
7.364	0.121143
7.365	0.009248
7.366	0.011161
7.367	0.009567
7.368	-0.101691
7.369	-0.021993
7.37	0.086714
7.371	0.029651
7.372	-0.066305
7.373	0.06663
7.374	-0.028369
7.375	-0.025819
7.376	-0.07555
7.377	-0.054191
7.378	0.011161
7.379	-0.015936
7.38	-0.064073
7.381	-0.037614
7.382	0.005741
7.383	0.004785
7.384	-0.094677
7.385	0.014667
7.386	0.031882
7.387	0.040489
7.388	0.034751
7.389	-0.117311
7.39	0.022
7.391	0.046865
7.392	-0.003185
7.393	-0.016255
7.394	0.010204
7.395	0.060254
7.396	-0.040802
7.397	-0.016574
7.398	0.080338
7.399	0.043358
7.4	0.034114
7.401	-0.077463
7.402	-0.049409
7.403	-0.046859
7.404	-0.081607
7.405	0.094365
7.406	-0.055147
7.407	-0.058973
7.408	-0.011154
7.409	0.007335
7.41	-0.094677
7.411	-0.045265
7.412	-0.020718
7.413	0.001597
7.414	-0.06503
7.415	-0.018805
7.416	-0.073
7.417	-0.018487
7.418	-0.095952
7.419	-0.034107
7.42	-0.006691
7.421	-0.000634
7.422	0.022318
7.423	-0.022631
7.424	-0.003504
7.425	-0.071724
7.426	0.038895
7.427	0.010842
7.428	0.013073
7.429	-0.052597
7.43	0.001597
7.431	0.041764
7.432	0.046865
7.433	0.0271
7.434	0.004785
7.435	-0.048772
7.436	0.05356
7.437	0.04304
7.438	-0.09404
7.439	-0.029325
7.44	0.06663
7.441	-0.063117
7.442	-0.037295
7.443	-0.055466
7.444	-0.047815
7.445	0.007016
7.446	-0.035064
7.447	-0.01753
7.448	-0.009561
7.449	-0.01243
7.45	0.012755
7.451	-0.048772
7.452	-0.03347
7.453	0.014667
7.454	0.001916
7.455	0.052285
7.456	-0.008604
7.457	0.077788
7.458	0.052603
7.459	-0.042715
7.46	-0.057698
7.461	0.140908
7.462	0.019768
7.463	-0.054829
7.464	-0.009879
7.465	0.07715
7.466	0.003191
7.467	0.022637
7.468	-0.011473
7.469	-0.081926
7.47	0.029969
7.471	0.130388
7.472	0.018174
7.473	-0.082244
7.474	0.059298
7.475	0.00861
7.476	-0.032513
7.477	-0.087345
7.478	-0.072362
7.479	-0.001591
7.48	-0.014661
7.481	-0.102966
7.482	-0.014661
7.483	0.021362
7.484	-0.030282
7.485	-0.086389
7.486	-0.001272
7.487	3.128e-06
7.488	-0.00446
7.489	0.018812
7.49	-0.095952
7.491	0.026144
7.492	0.031563
7.493	0.038258
7.494	-0.036976
7.495	-0.012111
7.496	0.109985
7.497	-0.004141
7.498	-0.033151
7.499	0.085439
7.5	0.004147
7.501	0.040489
7.502	-0.053235
7.503	-0.094358
7.504	-0.075869
7.505	-0.023906
7.506	0.099465
7.507	-0.05451
7.508	-0.010517
7.509	-0.055466
7.51	0.01658
7.511	-0.073
7.512	-0.04654
7.513	0.004785
7.514	0.043677
7.515	-0.071406
7.516	-0.030282
7.517	-0.036976
7.518	-0.042396
7.519	-0.067261
7.52	-0.013386
7.521	-0.002866
7.522	0.025187
7.523	0.014667
7.524	-0.045584
7.525	0.000959
7.526	0.090858
7.527	0.044315
7.528	-0.00446
7.529	0.044634
7.53	-0.04654
7.531	0.009248
7.532	0.000322
7.533	0.029969
7.534	0.052285
7.535	0.035707
7.536	-0.05451
7.537	0.048778
7.538	0.014667
7.539	-0.107429
7.54	0.010204
7.541	0.065036
7.542	-0.033151
7.543	-0.051003
7.544	-0.049409
7.545	-0.039527
7.546	0.028694
7.547	-0.057379
7.548	-0.023906
7.549	-0.029007
7.55	-0.003185
7.551	-0.025181
7.552	-0.048453
7.553	-0.043033
7.554	0.018174
7.555	0.026144
7.556	0.029651
7.557	-0.008604
7.558	0.046865
7.559	0.059617
7.56	-0.115398
7.561	-0.045584
7.562	0.063761
7.563	-0.02295
7.564	-0.041121
7.565	-0.006373
7.566	0.066311
7.567	0.004466
7.568	-0.01498
7.569	-0.011473
7.57	-0.100415
7.571	-0.001272
7.572	0.089264
7.573	-0.019762
7.574	-0.073956
7.575	0.044634
7.576	-0.029963
7.577	-0.031876
7.578	-0.092764
7.579	-0.065667
7.58	0.040808
7.581	-0.04654
7.582	-0.085751
7.583	-0.020399
7.584	0.029651
7.585	-0.020718
7.586	-0.084157
7.587	-0.016574
7.588	-0.008604
7.589	0.013392
7.59	0.002553
7.591	-0.080013
7.592	0.033795
7.593	0.088626
7.594	-0.065349
7.595	-0.011154
7.596	0.034751
7.597	0.09022
7.598	-0.025819
7.599	-0.039527
7.6	0.105841
7.601	-0.024544
7.602	0.015305
7.603	-0.013386
7.604	-0.101053
7.605	-0.05961
7.606	0.007654
7.607	0.107435
7.608	-0.080332
7.609	-0.013067
7.61	-0.049409
7.611	0.004147
7.612	-0.054191
7.613	-0.056104
7.614	0.028057
7.615	-0.010198
7.616	-0.073318
7.617	-0.028688
7.618	0.007335
7.619	-0.010517
7.62	-0.047496
7.621	-0.020718
7.622	0.015943
7.623	0.042402
7.624	-0.003822
7.625	-0.024544
7.626	-0.014661
7.627	0.011161
7.628	0.112536
7.629	0.005104
7.63	0.057704
7.631	-0.025819
7.632	-0.049409
7.633	-0.010198
7.634	0.063761
7.635	0.063761
7.636	0.023594
7.637	-0.04654
7.638	0.021362
7.639	0.038258
7.64	-0.097546
7.641	0.007335
7.642	0.044634
7.643	-0.020081
7.644	-0.065349
7.645	-0.024225
7.646	-0.043033
7.647	-0.011473
7.648	-0.085751
7.649	-0.010198
7.65	-0.017849
7.651	0.004785
7.652	-0.052597
7.653	-0.048453
7.654	-0.057379
7.655	-0.002547
7.656	0.007016
7.657	0.015943
7.658	-0.003504
7.659	0.065355
7.66	-0.000634
7.661	-0.071406
7.662	-0.030282
7.663	0.086076
7.664	0.006379
7.665	-0.037933
7.666	-0.023906
7.667	0.058023
7.668	0.010523
7.669	0.025187
7.67	0.022318
7.671	-0.079694
7.672	0.065036
7.673	0.087351
7.674	-0.00701
7.675	-0.058016
7.676	0.073006
7.677	-0.031557
7.678	-0.047178
7.679	-0.08607
7.68	-0.060248
7.681	0.077469
7.682	-0.067261
7.683	-0.029963
7.684	0.001916
7.685	0.011161
7.686	-0.024862
7.687	-0.084157
7.688	-0.00191
7.689	0.022318
7.69	0.031563
7.691	0.047184
7.692	-0.10456
7.693	0.077788
7.694	0.097234
7.695	-0.014024
7.696	-0.068537
7.697	0.030926
7.698	0.048778
7.699	-0.040483
7.7	-0.015618
7.701	0.09022
7.702	-0.041439
7.703	0.04304
7.704	0.001597
7.705	-0.124643
7.706	-0.056104
7.707	0.048459
7.708	0.111579
7.709	-0.067261
7.71	0.009886
7.711	-0.042715
7.712	0.016261
7.713	-0.063117
7.714	-0.070449
7.715	0.048778
7.716	-0.049409
7.717	-0.081288
7.718	-0.011473
7.719	-0.006054
7.72	-0.011792
7.721	-0.07013
7.722	0.014986
7.723	0.015305
7.724	0.02455
7.725	0.024869
7.726	-0.048772
7.727	0.037939
7.728	-0.061204
7.729	0.123056
7.73	-0.015936
7.731	0.004466
7.732	0.033157
7.733	-0.071087
7.734	0.009567
7.735	0.046546
7.736	0.051647
7.737	-0.006691
7.738	-0.076825
7.739	0.004466
7.74	0.004466
7.741	-0.110617
7.742	-0.004779
7.743	0.033795
7.744	-0.034426
7.745	-0.084795
7.746	-0.023906
7.747	-0.030282
7.748	0.003191
7.749	-0.064392
7.75	0.01913
7.751	-0.035701
7.752	-0.005097
7.753	-0.032832
7.754	-0.031557
7.755	-0.039208
7.756	-0.015936
7.757	-0.005735
7.758	0.013711
7.759	-0.003822
7.76	0.041127
7.761	-0.02805
7.762	-0.102966
7.763	-0.118586
7.764	0.083526
7.765	-0.011154
7.766	-0.038889
7.767	-0.004779
7.768	0.030288
7.769	0.029332
7.77	0.035389
7.771	-0.003504
7.772	-0.072043
7.773	0.059617
7.774	0.077788
7.775	-0.036658
7.776	-0.086707
7.777	0.060254
7.778	-0.036976
7.779	-0.064073
7.78	-0.0781
7.781	-0.054191
7.782	0.058979
7.783	-0.062161
7.784	-0.031557
7.785	-0.011473
7.786	0.008929
7.787	-0.051003
7.788	-0.066943
7.789	-0.003822
7.79	0.000322
7.791	-0.000634
7.792	0.047184
7.793	-0.103603
7.794	0.060254
7.795	0.003829
7.796	-0.015299
7.797	-0.058335
7.798	0.014349
7.799	0.067905
7.8	-0.038889
7.801	-0.006373
7.802	0.109667
7.803	-0.041439
7.804	0.032201
7.805	-0.013067
7.806	-0.113167
7.807	-0.044946
7.808	0.065355
7.809	0.087033
7.81	-0.097865
7.811	0.01403
7.812	-0.027094
7.813	0.004466
7.814	-0.08607
7.815	-0.083838
7.816	0.067905
7.817	-0.041758
7.818	-0.057379
7.819	-0.01243
7.82	-0.011792
7.821	-0.012111
7.822	-0.084795
7.823	0.000959
7.824	-0.015299
7.825	0.027738
7.826	0.023275
7.827	-0.079057
7.828	0.028375
7.829	0.04559
7.83	0.100103
7.831	0.022
7.832	0.026144
7.833	0.021681
7.834	-0.055466
7.835	0.011798
7.836	0.080976
7.837	0.048459
7.838	0.045909
7.839	-0.036339
7.84	-0.058654
7.841	-0.003504
7.842	-0.128788
7.843	0.023275
7.844	0.040489
7.845	-0.050684
7.846	-0.073637
7.847	-0.030282
7.848	-0.042396
7.849	-0.002547
7.85	-0.04654
7.851	0.031563
7.852	-0.045584
7.853	0.029969
7.854	-0.055147
7.855	-0.045265
7.856	-0.018487
7.857	-0.020718
7.858	0.009567
7.859	0.024869
7.86	-0.009561
7.861	0.034432
7.862	0.046228
7.863	-0.03347
7.864	-0.051959
7.865	0.036983
7.866	-0.005416
7.867	-0.033789
7.868	0.001278
7.869	0.010204
7.87	0.020724
7.871	0.044634
7.872	0.036983
7.873	-0.064073
7.874	0.066311
7.875	0.042402
7.876	-0.037295
7.877	-0.047178
7.878	0.076194
7.879	-0.036658
7.88	-0.07013
7.881	-0.055147
7.882	-0.060886
7.883	0.047503
7.884	-0.059292
7.885	-0.044309
7.886	-0.015299
7.887	0.031563
7.888	-0.023587
7.889	-0.090533
7.89	-0.012748
7.891	0.000959
7.892	0.004147
7.893	0.025506
7.894	-0.108066
7.895	0.075556
7.896	0.094683
7.897	-0.102009
7.898	-0.030601
7.899	0.024869
7.9	0.086395
7.901	-0.021037
7.902	0.00606
7.903	0.10074
7.904	-0.024225
7.905	0.009567
7.906	-0.012111
7.907	-0.113805
7.908	-0.038889
7.909	0.104566
7.91	0.068224
7.911	-0.094677
7.912	0.018174
7.913	-0.00446
7.914	-0.01243
7.915	-0.072362
7.916	-0.039845
7.917	0.027738
7.918	-0.017849
7.919	-0.07555
7.92	-0.018487
7.921	-0.000316
7.922	-0.01243
7.923	-0.054829
7.924	-0.00191
7.925	0.014349
7.926	-0.007329
7.927	0.007654
7.928	-0.085432
7.929	0.005741
7.93	0.034114
7.931	0.091177
7.932	-0.074275
7.933	0.026463
7.934	0.044952
7.935	-0.065986
7.936	-0.015299
7.937	0.073006
7.938	0.022
7.939	0.03252
7.94	-0.070449
7.941	-0.045584
7.942	-0.024862
7.943	-0.115398
7.944	0.070455
7.945	0.034751
7.946	-0.032832
7.947	-0.064711
7.948	-0.014342
7.949	-0.051322
7.95	-0.022312
7.951	-0.012748
7.952	0.016899
7.953	-0.07555
7.954	0.02455
7.955	-0.056104
7.956	-0.026456
7.957	-0.048453
7.958	-0.002547
7.959	0.002872
7.96	0.025825
7.961	-0.009879
7.962	0.000959
7.963	0.007654
7.964	-0.103922
7.965	-0.015299
7.966	0.046865
7.967	-0.025819
7.968	-0.000953
7.969	-0.00446
7.97	0.012755
7.971	0.039852
7.972	0.021043
7.973	0.021362
7.974	-0.074912
7.975	0.045271
7.976	0.034114
7.977	-0.090533
7.978	-0.033789
7.979	0.086395
7.98	-0.057379
7.981	-0.06248
7.982	-0.022631
7.983	-0.073
7.984	0.047503
7.985	-0.05706
7.986	-0.024544
7.987	0.022
7.988	0.000641
7.989	-0.022631
7.99	-0.079375
7.991	-0.048453
7.992	-0.016255
7.993	0.017537
7.994	0.025506
7.995	-0.085114
7.996	0.084482
7.997	-0.011792
7.998	-0.071087
7.999	-0.080969
8	0.069818
8.001	0.088308
8.002	-0.047815
8.003	-0.015299
8.004	0.089583
8.005	-0.027732
8.006	0.021043
8.007	-0.005735
8.008	-0.127512
8.009	-0.009879
8.01	0.105841
8.011	0.022
8.012	-0.101372
8.013	0.016261
8.014	0.007973
8.015	-0.036339
8.016	-0.119543
8.017	-0.047496
8.018	0.003191
8.019	-0.002547
8.02	-0.079375
8.021	-0.027732
8.022	0.014349
8.023	-0.014342
8.024	-0.040802
8.025	-0.001272
8.026	0.022956
8.027	-0.001272
8.028	0.037939
8.029	-0.08607
8.03	0.029332
8.031	0.071093
8.032	0.037301
8.033	-0.004779
8.034	0.034751
8.035	0.048459
8.036	-0.027732
8.037	-0.008285
8.038	0.078425
8.039	0.046865
8.04	0.060254
8.041	-0.061523
8.042	-0.061204
8.043	-0.012748
8.044	-0.060567
8.045	0.094365
8.046	-0.013705
8.047	-0.04654
8.048	-0.029325
8.049	0.009567
8.05	-0.056741
8.051	-0.03602
8.052	-0.014661
8.053	0.030926
8.054	-0.088939
8.055	-0.002866
8.056	-0.037295
8.057	-0.041439
8.058	-0.051641
8.059	-0.008285
8.06	-0.002228
8.061	-0.004141
8.062	0.014349
8.063	-0.009242
8.064	-0.007329
8.065	0.052285
8.066	0.090539
8.067	0.003191
8.068	0.043996
8.069	-0.023268
8.07	0.017855
8.071	0.02455
8.072	0.059935
8.073	0.029651
8.074	0.051328
8.075	-0.08607
8.076	0.051328
8.077	0.03507
8.078	-0.092764
8.079	-0.008604
8.08	0.096277
8.081	-0.064392
8.082	-0.073318
8.083	-0.031238
8.084	-0.022312
8.085	0.018812
8.086	-0.066305
8.087	-0.004779
8.088	-0.001591
8.089	-0.017211
8.09	-0.017849
8.091	-0.080969
8.092	-0.027094
8.093	0.01148
8.094	0.013711
8.095	0.02455
8.096	-0.071087
8.097	0.064399
8.098	0.068543
8.099	-0.126556
8.1	-0.057379
8.101	0.086076
8.102	0.022956
8.103	-0.019124
8.104	-0.018805
8.105	0.076831
8.106	-0.009561
8.107	-0.000634
8.108	0.007335
8.109	-0.101691
8.11	0.010523
8.111	0.105522
8.112	0.002235
8.113	-0.063755
8.114	0.082251
8.115	0.005741
8.116	-0.059292
8.117	-0.076187
8.118	-0.061523
8.119	0.027419
8.12	-0.024862
8.121	-0.06503
8.122	-0.005735
8.123	0.043358
8.124	-0.021993
8.125	-0.059292
8.126	-0.01753
8.127	0.03507
8.128	0.010204
8.129	0.051966
8.13	-0.101053
8.131	0.034114
8.132	0.07715
8.133	0.038258
8.134	-0.021675
8.135	0.024231
8.136	0.081613
8.137	-0.020081
8.138	-0.030919
8.139	0.087033
8.14	0.028057
8.141	0.039852
8.142	-0.065349
8.143	-0.104241
8.144	-0.023268
8.145	-0.043352
8.146	0.098828
8.147	-0.026775
8.148	-0.035064
8.149	-0.038889
8.15	0.008929
8.151	-0.089258
8.152	-0.029325
8.153	0.022956
8.154	0.057385
8.155	-0.064711
8.156	-0.008285
8.157	-0.03602
8.158	-0.021675
8.159	-0.090852
8.16	-0.037295
8.161	-0.021037
8.162	0.002553
8.163	0.027419
8.164	-0.022631
8.165	-0.014342
8.166	-0.009879
8.167	0.026781
8.168	0.032201
8.169	0.046228
8.17	-0.029007
8.171	-0.008923
8.172	0.03252
8.173	0.024231
8.174	0.040171
8.175	0.017537
8.176	-0.082563
8.177	0.052922
8.178	0.017855
8.179	-0.124962
8.18	-0.024225
8.181	0.051966
8.182	-0.076187
8.183	-0.063755
8.184	-0.061523
8.185	-0.049409
8.186	0.022
8.187	-0.05706
8.188	-0.018487
8.189	-0.020718
8.19	-0.037614
8.191	-0.033151
8.192	-0.033789
8.193	-0.023587
8.194	3.128e-06
8.195	0.006698
8.196	0.012117
8.197	-0.036658
8.198	0.068224
8.199	0.043996
8.2	-0.128788
8.201	-0.043352
8.202	0.111579
8.203	0.021362
8.204	-0.013386
8.205	-0.009242
8.206	0.053241
8.207	0.001597
8.208	0.02455
8.209	0.023912
8.21	-0.112211
8.211	0.03507
8.212	0.101378
8.213	0.00351
8.214	-0.065986
8.215	0.041127
8.216	-0.008923
8.217	-0.016574
8.218	-0.072043
8.219	-0.06248
8.22	0.039852
8.221	-0.040802
8.222	-0.060567
8.223	-0.009879
8.224	0.023912
8.225	-0.026456
8.226	-0.075231
8.227	-0.035701
8.228	0.031244
8.229	0.005741
8.23	0.031563
8.231	-0.100097
8.232	0.020087
8.233	0.046228
8.234	0.05866
8.235	-0.07013
8.236	-0.007648
8.237	0.114767
8.238	0.006379
8.239	-0.010198
8.24	0.103928
8.241	-0.013705
8.242	0.047503
8.243	-0.026775
8.244	-0.114123
8.245	-0.02805
8.246	-0.042396
8.247	0.105841
8.248	-0.05961
8.249	-0.025819
8.25	-0.063117
8.251	-0.002547
8.252	-0.064073
8.253	-0.05451
8.254	0.020724
8.255	-0.010198
8.256	-0.066624
8.257	-0.026456
8.258	-0.032513
8.259	-0.046221
8.26	-0.069174
8.261	0.003829
8.262	0.004785
8.263	0.027738
8.264	0.013711
8.265	-0.03857
8.266	-0.020081
8.267	0.059935
8.268	0.053878
8.269	-0.009879
8.27	0.029651
8.271	-0.014661
8.272	-0.023906
8.273	-0.005735
8.274	0.049415
8.275	0.051009
8.276	0.039533
8.277	-0.05706
8.278	0.059298
8.279	0.008292
8.28	-0.102009
8.281	0.021681
8.282	0.061529
8.283	-0.024225
8.284	-0.053872
8.285	-0.036339
8.286	-0.049409
8.287	-0.001272
8.288	-0.065986
8.289	-0.004779
8.29	-0.01753
8.291	-0.021993
8.292	-0.026138
8.293	-0.03347
8.294	-0.042396
8.295	0.008929
8.296	0.006379
8.297	0.043677
8.298	-0.020399
8.299	0.05356
8.3	0.062486
8.301	-0.049409
8.302	-0.048772
8.303	0.063123
8.304	0.021681
8.305	-0.01753
8.306	-0.01243
8.307	0.059935
8.308	0.00351
8.309	0.032201
8.31	-0.005735
8.311	-0.069493
8.312	0.052603
8.313	0.087989
8.314	-0.013067
8.315	-0.061842
8.316	0.049734
8.317	-0.011473
8.318	-0.034426
8.319	-0.072681
8.32	-0.060886
8.321	0.043996
8.322	-0.039208
8.323	-0.034426
8.324	-0.017849
8.325	0.011161
8.326	-0.013705
8.327	-0.06248
8.328	0.005104
8.329	0.005104
8.33	0.001278
8.331	0.023275
8.332	-0.102647
8.333	0.05611
8.334	0.122418
8.335	-0.069174
8.336	-0.055466
8.337	0.02455
8.338	0.070455
8.339	-0.035701
8.34	-0.019124
8.341	0.074919
8.342	-0.029963
8.343	-0.005416
8.344	-0.014342
8.345	-0.115717
8.346	-0.03857
8.347	0.026781
8.348	0.09564
8.349	-0.063755
8.35	-0.026456
8.351	-0.070768
8.352	0.004466
8.353	-0.081607
8.354	-0.066943
8.355	0.051647
8.356	-0.037295
8.357	-0.079694
8.358	-0.02295
8.359	-0.030919
8.36	-0.01498
8.361	-0.064711
8.362	0.003829
8.363	0.000322
8.364	0.010842
8.365	0.003829
8.366	-0.054829
8.367	0.02455
8.368	-0.044309
8.369	0.102972
8.37	-0.000634
8.371	0.046865
8.372	-0.014342
8.373	-0.071406
8.374	0.003829
8.375	0.052603
8.376	0.063761
8.377	0.042721
8.378	-0.104241
8.379	0.010523
8.38	0.000322
8.381	-0.132613
8.382	0.004466
8.383	0.032201
8.384	-0.029963
8.385	-0.052278
8.386	-0.014661
8.387	-0.038252
8.388	-0.020399
8.389	-0.071406
8.39	0.038258
8.391	-0.034745
8.392	0.003829
8.393	-0.039208
8.394	-0.033151
8.395	-0.032195
8.396	-0.016893
8.397	0.005104
8.398	0.039214
8.399	-0.039845
8.4	0.018174
8.401	-0.022631
8.402	-0.126556
8.403	-0.079057
8.404	0.05866
8.405	-0.011154
8.406	-0.030919
8.407	-0.005735
8.408	0.016899
8.409	0.043358
8.41	0.048459
8.411	0.025187
8.412	-0.066305
8.413	0.042402
8.414	0.044952
8.415	-0.025181
8.416	-0.065349
8.417	0.047821
8.418	-0.064711
8.419	-0.031557
8.42	-0.080013
8.421	-0.07555
8.422	0.051647
8.423	-0.057379
8.424	-0.033789
8.425	-0.003504
8.426	0.004466
8.427	-0.014661
8.428	-0.063755
8.429	0.012755
8.43	0.002235
8.431	0.036983
8.432	0.038577
8.433	-0.0781
8.434	0.06408
8.435	-0.014024
8.436	-0.009879
8.437	-0.064392
8.438	-0.010517
8.439	0.09022
8.44	-0.047178
8.441	-0.002228
8.442	0.134213
8.443	-0.009242
8.444	0.029332
8.445	0.008929
8.446	-0.130063
8.447	-0.03857
8.448	0.089583
8.449	0.057066
8.45	-0.05706
8.451	0.024231
8.452	-0.018805
8.453	0.003829
8.454	-0.08607
8.455	-0.047178
8.456	0.033476
8.457	-0.014661
8.458	-0.07555
8.459	-0.047178
8.46	0.013711
8.461	-0.019762
8.462	-0.066305
8.463	-0.005416
8.464	0.016261
8.465	0.005741
8.466	0.023275
8.467	-0.072043
8.468	0.000959
8.469	0.086395
8.47	0.066949
8.471	0.002553
8.472	0.033476
8.473	0.010204
8.474	-0.036976
8.475	-0.012111
8.476	0.070455
8.477	0.057704
8.478	0.028694
8.479	-0.049409
8.48	-0.00701
8.481	-0.001272
8.482	-0.098184
8.483	0.060892
8.484	0.007973
8.485	-0.016893
8.486	-0.05706
8.487	-0.019443
8.488	-0.048453
8.489	-0.020399
8.49	-0.024225
8.491	0.022956
8.492	-0.049728
8.493	-0.019124
8.494	-0.042715
8.495	-0.027732
8.496	-0.043033
8.497	-0.015299
8.498	-0.006373
8.499	0.025825
8.5	-0.014342
8.501	0.026463
8.502	0.014667
8.503	-0.040802
8.504	-0.008923
8.505	0.062805
8.506	-0.017849
8.507	-0.026138
8.508	-0.001591
8.509	0.022318
8.51	0.043996
8.511	0.025187
8.512	0.023594
8.513	-0.037614
8.514	0.082569
8.515	0.041764
8.516	-0.031238
8.517	-0.027094
8.518	0.061848
8.519	-0.077463
8.52	-0.065667
8.521	-0.04909
8.522	-0.051003
8.523	0.022
8.524	-0.036339
8.525	-0.052916
8.526	-0.017849
8.527	0.057385
8.528	-0.023587
8.529	-0.059292
8.53	0.014986
8.531	0.04304
8.532	-0.01243
8.533	0.033476
8.534	-0.058016
8.535	0.041127
8.536	0.065674
8.537	-0.060886
8.538	-0.035382
8.539	0.102653
8.54	0.038577
8.541	-0.016574
8.542	-0.054191
8.543	0.112536
8.544	-0.021356
8.545	0.001597
8.546	-0.010836
8.547	-0.116674
8.548	-0.0255
8.549	0.087033
8.55	0.010204
8.551	-0.05706
8.552	0.038895
8.553	-0.019762
8.554	-0.031238
8.555	-0.069493
8.556	-0.036976
8.557	0.011161
8.558	0.022956
8.559	-0.060567
8.56	-0.042715
8.561	0.051009
8.562	-0.041758
8.563	-0.067899
8.564	0.004147
8.565	0.046546
8.566	0.013711
8.567	0.043677
8.568	-0.111892
8.569	0.039852
8.57	0.034432
8.571	0.004785
8.572	-0.002228
8.573	0.022956
8.574	0.065355
8.575	-0.011473
8.576	-0.05961
8.577	0.092771
8.578	0.053878
8.579	0.057066
8.58	-0.058335
8.581	-0.055147
8.582	-0.048134
8.583	-0.050684
8.584	0.073325
8.585	-0.040802
8.586	-0.045902
8.587	-0.024225
8.588	0.010204
8.589	-0.058654
8.59	-0.043033
8.591	0.00351
8.592	0.025825
8.593	-0.071087
8.594	-0.042077
8.595	-0.045265
8.596	-0.016574
8.597	-0.056423
8.598	0.000322
8.599	-0.013067
8.6	0.030607
8.601	0.022956
8.602	-0.008604
8.603	-0.006373
8.604	0.09022
8.605	0.045271
8.606	0.03252
8.607	0.032201
8.608	-0.054829
8.609	-0.020399
8.61	0.017537
8.611	0.025825
8.612	-0.006373
8.613	0.038258
8.614	-0.053872
8.615	0.068862
8.616	-0.001272
8.617	-0.12815
8.618	-0.018168
8.619	0.05611
8.62	-0.082563
8.621	-0.051641
8.622	-0.051003
8.623	-0.034745
8.624	0.004466
8.625	-0.010836
8.626	-0.052597
8.627	-0.024544
8.628	0.015305
8.629	-0.017211
8.63	-0.04909
8.631	-0.01498
8.632	0.026781
8.633	-0.008604
8.634	0.029013
8.635	-0.036339
8.636	0.050372
8.637	0.022
8.638	-0.100097
8.639	-0.04399
8.64	0.11413
8.641	-0.007329
8.642	-0.01753
8.643	-0.038889
8.644	0.121462
8.645	-0.000953
8.646	-0.001272
8.647	0.01658
8.648	-0.089258
8.649	0.032201
8.65	0.085439
8.651	-0.022312
8.652	-0.02295
8.653	0.056429
8.654	-0.050047
8.655	-0.037614
8.656	-0.070768
8.657	-0.045584
8.658	0.006379
8.659	0.00606
8.66	-0.065667
8.661	-0.026138
8.662	0.05866
8.663	-0.039527
8.664	-0.072362
8.665	3.128e-06
8.666	0.013711
8.667	0.024869
8.668	0.041127
8.669	-0.126237
8.67	0.038258
8.671	0.051647
8.672	0.008292
8.673	-0.011792
8.674	0.01658
8.675	0.091814
8.676	-0.000316
8.677	-0.014342
8.678	0.090858
8.679	0.033157
8.68	0.05866
8.681	-0.047815
8.682	-0.051003
8.683	-0.072362
8.684	0.056429
8.685	0.06918
8.686	-0.043671
8.687	0.007335
8.688	-0.023906
8.689	0.016261
8.69	-0.057698
8.691	-0.05706
8.692	-0.012111
8.693	0.022
8.694	-0.092446
8.695	-0.024544
8.696	-0.036976
8.697	-0.034107
8.698	-0.093402
8.699	0.002872
8.7	0.004147
8.701	0.039852
8.702	0.026463
8.703	-0.058016
8.704	0.025825
8.705	-0.005097
8.706	0.057704
8.707	0.0271
8.708	0.025506
8.709	-0.029644
8.71	-0.036339
8.711	-0.02295
8.712	0.047503
8.713	0.023275
8.714	0.031244
8.715	-0.061842
8.716	0.049415
8.717	0.003191
8.718	-0.121774
8.719	-0.015936
8.72	0.037301
8.721	-0.028369
8.722	-0.043671
8.723	-0.021675
8.724	-0.051959
8.725	0.000959
8.726	-0.025819
8.727	-0.003822
8.728	-0.016574
8.729	3.128e-06
8.73	0.004466
8.731	-0.055466
8.732	-0.073637
8.733	0.018493
8.734	-0.001591
8.735	0.035707
8.736	-0.01498
8.737	0.025506
8.738	0.001597
8.739	-0.02295
8.74	-0.065986
8.741	0.141227
8.742	-0.003822
8.743	-0.048453
8.744	-0.016574
8.745	0.081613
8.746	0.011161
8.747	0.027738
8.748	-0.007329
8.749	-0.095634
8.75	0.038258
8.751	0.05866
8.752	-0.018805
8.753	-0.04909
8.754	0.04814
8.755	-0.039208
8.756	-0.044627
8.757	-0.066943
8.758	-0.051641
8.759	0.017218
8.76	0.00351
8.761	-0.05961
8.762	-0.023587
8.763	0.027419
8.764	-0.007648
8.765	-0.071406
8.766	0.004785
8.767	0.025187
8.768	0.011798
8.769	0.018812
8.77	-0.114761
8.771	0.056429
8.772	0.164179
8.773	-0.14664
8.774	-0.005097
8.775	0.010523
8.776	0.076194
8.777	0.012755
8.778	-0.032513
8.779	0.112536
8.78	0.033476
8.781	0.046865
8.782	-0.068537
8.783	-0.07555
8.784	-0.072681
8.785	0.041127
8.786	0.086076
8.787	-0.061523
8.788	-0.004779
8.789	-0.042077
8.79	0.012755
8.791	-0.081288
8.792	-0.045584
8.793	0.005741
8.794	0.023594
8.795	-0.109023
8.796	-0.004141
8.797	-0.015618
8.798	-0.05706
8.799	-0.094677
8.8	0.015943
8.801	-0.012111
8.802	-0.005735
8.803	-0.000316
8.804	-0.077781
8.805	0.003829
8.806	0.00861
8.807	0.094046
8.808	-0.033789
8.809	0.021362
8.81	-0.037295
8.811	-0.0255
8.812	0.034114
8.813	0.046546
8.814	0.058023
8.815	0.025825
8.816	-0.072043
8.817	0.024869
8.818	-0.004779
8.819	-0.142814
8.82	-0.008604
8.821	0.034114
8.822	-0.04399
8.823	-0.061842
8.824	-0.036658
8.825	-0.042077
8.826	-0.003185
8.827	-0.043671
8.828	-0.000316
8.829	-0.032832
8.83	-0.010198
8.831	-0.005735
8.832	-0.07013
8.833	-0.089577
8.834	0.015305
8.835	0.002553
8.836	0.020087
8.837	-0.014342
8.838	0.044952
8.839	-0.053553
8.84	-0.14122
8.841	-0.041121
8.842	0.092133
8.843	-0.010836
8.844	-0.044309
8.845	0.020087
8.846	0.056748
8.847	-0.002228
8.848	0.028375
8.849	-0.002547
8.85	-0.04909
8.851	0.029651
8.852	0.062167
8.853	-0.008604
8.854	-0.087345
8.855	0.058023
8.856	-0.01498
8.857	-0.06758
8.858	-0.090214
8.859	-0.076506
8.86	0.030607
8.861	-0.032832
8.862	-0.081288
8.863	0.001597
8.864	0.030926
8.865	-0.013067
8.866	-0.084795
8.867	0.020406
8.868	0.010523
8.869	0.013392
8.87	0.062805
8.871	-0.102647
8.872	0.09022
8.873	-0.016893
8.874	0.006698
8.875	-0.059929
8.876	0.026463
8.877	0.078425
8.878	-0.015936
8.879	-0.023268
8.88	0.110942
8.881	-0.021356
8.882	0.024869
8.883	-0.018805
8.884	-0.085432
8.885	-0.047815
8.886	0.05611
8.887	0.082888
8.888	-0.067899
8.889	0.022956
8.89	-0.045584
8.891	0.02455
8.892	-0.090533
8.893	-0.055147
8.894	0.040808
8.895	-0.008604
8.896	-0.09914
8.897	-0.042396
8.898	-0.009561
8.899	-0.033789
8.9	-0.056104
8.901	-0.011154
8.902	-0.000634
8.903	0.020724
8.904	0.01403
8.905	-0.056104
8.906	0.018493
8.907	0.078744
8.908	0.076512
8.909	0.003829
8.91	0.034114
8.911	0.022318
8.912	-0.04399
8.913	-0.00191
8.914	0.040171
8.915	0.060892
8.916	0.015624
8.917	-0.056741
8.918	0.006698
8.919	0.020724
8.92	-0.116674
8.921	0.034114
8.922	0.037301
8.923	-0.046859
8.924	-0.04654
8.925	-0.026456
8.926	-0.053872
8.927	-0.000953
8.928	-0.053872
8.929	0.021043
8.93	-0.051641
8.931	-0.036976
8.932	-0.05451
8.933	-0.03347
8.934	-0.021356
8.935	-0.001272
8.936	-0.003504
8.937	0.002872
8.938	0.000959
8.939	0.071093
8.94	0.015943
8.941	0.004147
8.942	-0.032513
8.943	0.020406
8.944	0.023594
8.945	-0.056741
8.946	-0.002228
8.947	0.034432
8.948	0.010204
8.949	0.020406
8.95	0.01403
8.951	-0.063436
8.952	0.054516
8.953	0.057704
8.954	-0.02805
8.955	-0.061204
8.956	0.04814
8.957	-0.036976
8.958	-0.057379
8.959	-0.078738
8.96	-0.062161
8.961	0.072687
8.962	-0.064711
8.963	-0.025819
8.964	0.014349
8.965	0.049097
8.966	-0.028688
8.967	-0.094677
8.968	0.002235
8.969	0.013073
8.97	0.023594
8.971	0.043358
8.972	-0.108385
8.973	0.076512
8.974	0.073006
8.975	-0.081288
8.976	-0.04654
8.977	0.077788
8.978	0.033157
8.979	-0.01243
8.98	-0.017211
8.981	0.09022
8.982	-0.024225
8.983	0.028375
8.984	-0.017211
8.985	-0.111254
8.986	-0.05451
8.987	0.073325
8.988	0.066949
8.989	-0.064073
8.99	0.029969
8.991	-0.007648
8.992	0.013073
8.993	-0.108066
8.994	-0.047815
8.995	0.038577
8.996	-0.027094
8.997	-0.105835
8.998	-0.01243
8.999	0.003829
9	-0.037614
9.001	-0.057379
9.002	-0.010836
9.003	-0.00701
9.004	0.011798
9.005	0.0271
9.006	-0.104241
9.007	-0.025819
9.008	0.065355
9.009	0.034114
9.01	0.038258
9.011	0.010204
9.012	0.049097
9.013	-0.060886
9.014	0.028057
9.015	0.019449
9.016	0.025187
9.017	0.040171
9.018	-0.077144
9.019	-0.02295
9.02	0.000641
9.021	-0.153334
9.022	0.04559
9.023	0.020087
9.024	-0.037614
9.025	-0.053235
9.026	-0.023268
9.027	-0.059929
9.028	-0.004779
9.029	-0.050366
9.03	0.014986
9.031	-0.053872
9.032	0.013392
9.033	-0.045584
9.034	-0.038889
9.035	-0.04654
9.036	-0.01753
9.037	-0.00701
9.038	0.009886
9.039	0.033157
9.04	0.022
9.041	-0.016893
9.042	-0.042715
9.043	-0.013386
9.044	0.057385
9.045	0.010523
9.046	-0.050366
9.047	-0.008923
9.048	0.042721
9.049	0.060892
9.05	0.022956
9.051	0.028057
9.052	-0.084157
9.053	0.058023
9.054	0.051966
9.055	-0.039845
9.056	-0.033151
9.057	0.049734
9.058	-0.036658
9.059	-0.047178
9.06	-0.072043
9.061	-0.055147
9.062	0.072687
9.063	-0.059929
9.064	-0.016893
9.065	-0.001272
9.066	0.000322
9.067	-0.044309
9.068	-0.064711
9.069	0.006379
9.07	0.004785
9.071	0.003191
9.072	0.058979
9.073	-0.06758
9.074	0.081294
9.075	0.092771
9.076	-0.07555
9.077	-0.023906
9.078	0.082569
9.079	0.033476
9.08	0.00861
9.081	-0.000634
9.082	0.094046
9.083	0.005104
9.084	0.009567
9.085	0.006379
9.086	-0.112848
9.087	-0.037933
9.088	0.131982
9.089	0.040808
9.09	-0.074912
9.091	0.021362
9.092	-0.000634
9.093	-0.031238
9.094	-0.089258
9.095	-0.065667
9.096	0.023594
9.097	-0.014342
9.098	-0.090852
9.099	-0.019443
9.1	-0.012748
9.101	-0.026138
9.102	-0.046859
9.103	-0.010836
9.104	0.021043
9.105	0.013392
9.106	0.046865
9.107	-0.081607
9.108	0.006698
9.109	0.050372
9.11	0.059617
9.111	-0.005735
9.112	-0.027094
9.113	0.074281
9.114	-0.053553
9.115	0.031563
9.116	0.085757
9.117	0.027419
9.118	0.05611
9.119	-0.056104
9.12	-0.038252
9.121	-0.013705
9.122	-0.098184
9.123	0.092452
9.124	0.001597
9.125	0.000641
9.126	-0.067899
9.127	-0.014342
9.128	-0.026775
9.129	-0.041758
9.13	-0.010517
9.131	0.004466
9.132	-0.057698
9.133	0.022956
9.134	-0.04399
9.135	-0.030282
