2.042	-0.055466
2.043	0.018812
2.044	-0.18872
2.045	-0.110617
2.046	-0.118586
2.047	0.039214
2.048	0.037939
2.049	-0.126556
2.05	-0.113805
2.051	-0.080013
2.052	0.093408
2.053	-0.36246
2.054	0.063442
2.055	-0.162898
2.056	0.173106
2.057	0.010523
2.058	0.077469
2.059	0.046228
2.06	-0.041121
2.061	0.077469
2.062	0.086076
2.063	0.073006
2.064	-0.005416
2.065	0.262048
2.066	-0.111254
2.067	0.198609
2.068	0.02455
2.069	0.202115
2.07	-0.007329
2.071	-0.219961
2.072	0.044634
2.073	-0.033151
2.074	-0.08607
2.075	-0.10966
2.076	-0.005097
2.077	-0.101053
2.078	-0.079057
2.079	-0.088939
2.08	-0.042077
2.081	-0.251521
2.082	-0.075231
2.083	-0.121455
2.084	-0.32038
2.085	0.10074
2.086	-0.185851
2.087	-0.130382
2.088	0.058023
2.089	-0.241639
2.09	0.139633
2.091	0.14824
2.092	0.170874
2.093	0.038577
2.094	-0.010836
2.095	-0.012748
2.096	0.146008
2.097	0.073325
2.098	0.028057
2.099	0.078744
2.1	-0.023587
2.101	0.271611
2.102	-0.091489
2.103	-0.030919
2.104	0.020087
2.105	0.056429
2.106	-0.09659
2.107	0.064399
2.108	0.041127
2.109	0.06918
2.11	-0.146002
2.111	-0.027732
2.112	-0.087983
2.113	-0.145046
2.114	0.007973
2.115	-0.06503
2.116	0.086076
2.117	0.034432
2.118	-0.248015
2.119	0.183944
2.12	-0.326756
2.121	-0.03857
2.122	-0.003504
2.123	-0.174374
2.124	0.096915
2.125	0.113811
2.126	0.043358
2.127	0.145371
2.128	-0.059292
2.129	0.191277
2.13	0.202753
2.131	0.057385
2.132	0.073962
2.133	0.070455
2.134	0.096915
2.135	0.126562
2.136	-0.152378
2.137	0.099147
2.138	0.012436
2.139	-0.039845
2.14	-0.058335
2.141	-0.021993
2.142	0.060254
2.143	-0.174056
2.144	-0.074912
2.145	-0.08862
2.146	-0.126237
2.147	-0.032195
2.148	-0.124325
2.149	-0.166086
2.15	-0.269692
2.151	0.005741
2.152	-0.159073
2.153	-0.028688
2.154	-0.310497
2.155	-0.033789
2.156	-0.110298
2.157	0.024869
2.158	0.09022
2.159	0.102972
2.16	0.11126
2.161	0.096915
2.162	0.041127
2.163	0.055154
2.164	0.16928
2.165	-0.075231
2.166	0.14569
2.167	0.004147
2.168	0.065036
2.169	0.118911
2.17	-0.124325
2.171	0.16673
2.172	-0.125281
2.173	0.025506
2.174	-0.082882
2.175	-0.073318
2.176	0.020406
2.177	-0.131019
2.178	0.01913
2.179	-0.187764
2.18	-0.116036
2.181	-0.131019
2.182	-0.077781
2.183	0.189683
2.184	-0.250246
2.185	-0.026456
2.186	-0.099459
2.187	0.049415
2.188	-0.289138
2.189	-0.027732
2.19	-0.092764
2.191	0.001597
2.192	0.065355
2.193	0.13772
2.194	0.169599
2.195	0.052285
2.196	-0.013067
2.197	0.130069
2.198	0.215186
2.199	0.06918
2.2	0.146327
2.201	-0.020718
2.202	0.214229
2.203	0.062167
2.204	0.094046
2.205	0.059935
2.206	-0.244508
2.207	0.017855
2.208	-0.119543
2.209	0.015624
2.21	0.049734
2.211	0.038577
2.212	-0.045902
2.213	-0.125919
2.214	-0.08607
2.215	-0.11763
2.216	-0.161623
2.217	0.010523
2.218	0.080019
2.219	-0.149828
2.22	0.010523
2.221	-0.134845
2.222	-0.155247
2.223	0.096596
2.224	-0.178519
2.225	0.136126
2.226	0.043996
2.227	0.087989
2.228	0.103928
2.229	0.007973
2.23	0.098828
2.231	0.07715
2.232	-0.106791
2.233	0.107116
2.234	0.28245
2.235	-0.184257
2.236	0.207854
2.237	-0.091489
2.238	0.140908
2.239	0.030926
2.24	-0.148234
2.241	0.093727
2.242	-0.177881
2.243	0.053241
2.244	-0.077463
2.245	0.01403
2.246	0.028057
2.247	-0.135163
2.248	-0.079057
2.249	-0.127512
2.25	-0.197646
2.251	-0.029007
2.252	-0.203065
2.253	-0.100415
2.254	-0.065349
2.255	-0.177881
2.256	-0.189039
2.257	0.040489
2.258	-0.210079
2.259	0.239732
2.26	0.001597
2.261	0.138676
2.262	0.067268
2.263	-0.044309
2.264	0.131025
2.265	0.107435
2.266	-0.049409
2.267	0.135488
2.268	0.206578
2.269	-0.238451
2.27	0.190958
2.271	0.025506
2.272	0.268742
2.273	0.071731
2.274	-0.19127
2.275	-0.256622
2.276	0.126244
2.277	0.005423
2.278	-0.024862
2.279	-0.067261
2.28	-0.118268
2.281	-0.05451
2.282	-0.20976
2.283	0.105522
2.284	-0.177244
2.285	-0.262041
2.286	0.234313
2.287	-0.161304
2.288	0.026463
2.289	-0.237495
2.29	-0.014661
2.291	0.046228
2.292	-0.189995
2.293	0.058342
2.294	0.147921
2.295	0.119549
2.296	0.065355
2.297	-0.053235
2.298	0.105203
2.299	0.082251
2.3	-0.042396
2.301	0.133576
2.302	-0.007648
2.303	0.132938
2.304	0.248659
2.305	-0.322611
2.306	0.283725
2.307	-0.104878
2.308	-0.120499
2.309	0.103291
2.31	-0.220918
2.311	0.093408
2.312	-0.009561
2.313	-0.123368
2.314	-0.119543
2.315	-0.029325
2.316	-0.1307
2.317	-0.219642
2.318	0.027419
2.319	-0.391151
2.32	0.089583
2.321	-0.110617
2.322	-0.134207
2.323	-0.248652
2.324	-0.051641
2.325	-0.073318
2.326	-0.060567
2.327	0.069499
2.328	0.117955
2.329	0.172149
2.33	0.057385
2.331	0.051966
2.332	0.153022
2.333	0.132301
2.334	0.05611
2.335	0.212317
2.336	-0.051003
2.337	0.153341
2.338	0.117317
2.339	-0.039208
2.34	0.197334
2.341	-0.131019
2.342	-0.029644
2.343	-0.019762
2.344	-0.018487
2.345	0.006698
2.346	0.070137
2.347	-0.025819
2.348	-0.15971
2.349	-0.043671
2.35	-0.131019
2.351	-0.023268
2.352	0.100103
2.353	-0.247377
2.354	0.002553
2.355	-0.059292
2.356	-0.080013
2.357	-0.236857
2.358	0.089583
2.359	-0.145683
2.36	0.121143
2.361	-0.052597
2.362	0.168324
2.363	0.102653
2.364	0.105203
2.365	0.033157
2.366	0.160992
2.367	0.198609
2.368	-0.080013
2.369	0.264598
2.37	-0.150465
2.371	0.118911
2.372	-0.030601
2.373	0.078106
2.374	0.002553
2.375	-0.206253
2.376	0.036345
2.377	-0.00191
2.378	-0.007648
2.379	-0.051959
2.38	-0.100415
2.381	0.058023
2.382	-0.23877
2.383	-0.014342
2.384	-0.100734
2.385	-0.1307
2.386	0.02455
2.387	-0.00446
2.388	-0.125281
2.389	0.000959
2.39	-0.121137
2.391	-0.203703
2.392	0.109348
2.393	-0.233988
2.394	0.204347
2.395	0.062167
2.396	0.080338
2.397	0.094046
2.398	-0.091489
2.399	0.099465
2.4	0.086714
2.401	-0.029644
2.402	0.094683
2.403	0.270655
2.404	-0.159391
2.405	0.211041
2.406	0.013711
2.407	0.150472
2.408	0.062167
2.409	-0.206253
2.41	0.024869
2.411	0.055472
2.412	-0.044309
2.413	-0.049409
2.414	-0.013386
2.415	-0.154291
2.416	-0.031876
2.417	-0.165448
2.418	-0.146002
2.419	-0.051641
2.42	-0.179794
2.421	-0.049728
2.422	-0.246421
2.423	-0.010198
2.424	-0.065349
2.425	-0.16226
2.426	0.005423
2.427	-0.236857
2.428	0.126881
2.429	0.153659
2.43	0.16131
2.431	0.063123
2.432	0.017218
2.433	0.000959
2.434	0.153022
2.435	-0.025181
2.436	0.037301
2.437	0.026144
2.438	0.131982
2.439	0.296158
2.44	-0.160667
2.441	0.285
2.442	-0.111573
2.443	-0.139626
2.444	0.117636
2.445	-0.178519
2.446	0.137401
2.447	-0.085432
2.448	-0.05961
2.449	-0.087664
2.45	-0.055785
2.451	-0.098821
2.452	-0.268736
2.453	0.033476
2.454	-0.558515
2.455	0.011798
2.456	-0.163536
2.457	-0.07555
2.458	-0.256941
2.459	-0.064711
2.46	-0.092764
2.461	-0.20721
2.462	0.168324
2.463	0.143458
2.464	0.141545
2.465	0.048778
2.466	-0.005416
2.467	0.138995
2.468	0.250571
2.469	-0.03347
2.47	0.033476
2.471	0.027738
2.472	0.047503
2.473	0.172468
2.474	-0.185532
2.475	0.213911
2.476	-0.135163
2.477	0.062805
2.478	0.05866
2.479	-0.131019
2.48	0.0746
2.481	-0.105516
2.482	-0.009879
2.483	-0.223149
2.484	0.012755
2.485	-0.091171
2.486	-0.123687
2.487	0.244514
2.488	-0.340464
2.489	0.159716
2.49	0.017218
2.491	0.05866
2.492	-0.18075
2.493	-0.07013
2.494	-0.127194
2.495	-0.0781
2.496	0.098509
2.497	0.092771
2.498	0.14027
2.499	0.01403
2.5	0.061211
2.501	0.143139
2.502	0.071412
2.503	-0.002547
2.504	0.168324
2.505	0.040171
2.506	0.028057
2.507	0.142183
2.508	-0.198284
2.509	0.235269
2.51	-0.121774
2.511	-0.045584
2.512	0.16673
2.513	-0.073318
2.514	0.001597
2.515	-0.059929
2.516	-0.026775
2.517	-0.072362
2.518	-0.132294
2.519	-0.121455
2.52	-0.05961
2.521	0.143139
2.522	-0.089577
2.523	-0.08065
2.524	-0.006054
2.525	-0.06758
2.526	-0.306034
2.527	0.122099
2.528	-0.185532
2.529	0.1798
2.53	-0.029007
2.531	0.140908
2.532	0.043358
2.533	-0.000316
2.534	0.035707
2.535	0.141545
2.536	0.16928
2.537	0.048778
2.538	0.210723
2.539	-0.123368
2.54	0.271611
2.541	0.096915
2.542	-0.010517
2.543	0.050691
2.544	-0.22028
2.545	-0.026138
2.546	0.001916
2.547	-0.041439
2.548	-0.055466
2.549	0.037939
2.55	-0.001591
2.551	-0.185851
2.552	-0.080332
2.553	-0.203065
2.554	0.000322
2.555	0.108073
2.556	-0.292008
2.557	0.204666
2.558	-0.098821
2.559	-0.015299
2.56	-0.298383
2.561	-0.03602
2.562	-0.093402
2.563	0.154616
2.564	0.04559
2.565	0.215823
2.566	0.028694
2.567	-0.020399
2.568	0.08767
2.569	0.138039
2.57	0.080976
2.571	0.047184
2.572	0.172149
2.573	-0.078738
2.574	0.248021
2.575	-0.13612
2.576	0.21678
2.577	0.122737
2.578	-0.266504
2.579	0.084801
2.58	-0.153016
2.581	0.087351
2.582	-0.140902
2.583	-0.073
2.584	-0.030919
2.585	-0.108704
2.586	-0.021356
2.587	-0.194458
2.588	-0.193821
2.589	-0.027413
2.59	0.107754
2.591	-0.116992
2.592	0.142183
2.593	-0.294239
2.594	-0.111254
2.595	-0.04654
2.596	-0.241958
2.597	0.155891
2.598	0.168643
2.599	0.076512
2.6	0.072049
2.601	-0.028369
2.602	-0.055785
2.603	0.083526
2.604	-0.061204
2.605	0.138039
2.606	-0.033789
2.607	-0.051322
2.608	0.387332
2.609	-0.265867
2.61	0.15621
2.611	0.103928
2.612	-0.10711
2.613	-0.022631
2.614	-0.015618
2.615	0.002872
2.616	-0.007967
2.617	-0.069174
2.618	0.032201
2.619	-0.212629
2.62	-0.113486
2.621	-0.123368
2.622	-0.255028
2.623	0.04814
2.624	-0.246421
2.625	-0.193821
2.626	0.042721
2.627	-0.232075
2.628	-0.113486
2.629	-0.031238
2.63	-0.222193
2.631	0.190958
2.632	0.077788
2.633	0.16673
2.634	0.053241
2.635	0.06408
2.636	0.133895
2.637	0.072368
2.638	0.046865
2.639	0.06408
2.64	0.105841
2.641	0.067586
2.642	0.159716
2.643	-0.171187
2.644	0.226025
2.645	-0.144727
2.646	-0.00191
2.647	0.034751
2.648	-0.24387
2.649	0.05866
2.65	-0.017849
2.651	0.008292
2.652	-0.159391
2.653	-0.098503
2.654	-0.157797
2.655	-0.204659
2.656	0.044634
2.657	-0.292008
2.658	0.136126
2.659	0.000959
2.66	-0.026775
2.661	-0.235901
2.662	0.051328
2.663	-0.117311
2.664	0.040808
2.665	0.090539
2.666	0.107435
2.667	0.138039
2.668	0.062486
2.669	0.050053
2.67	0.116042
2.671	-0.003504
2.672	-0.014661
2.673	0.251209
2.674	-0.043671
2.675	-0.000316
2.676	0.15079
2.677	-0.026775
2.678	0.175656
2.679	0.000959
2.68	-0.125919
2.681	-0.045584
2.682	-0.068855
2.683	-0.073
2.684	0.010523
2.685	-0.052278
2.686	-0.113167
2.687	-0.109979
2.688	-0.146321
2.689	-0.158754
2.69	-0.003185
2.691	-0.369155
2.692	0.240689
2.693	0.05611
2.694	-0.056423
2.695	-0.241001
2.696	-0.002866
2.697	-0.100415
2.698	0.078425
2.699	0.055472
2.7	0.099784
2.701	0.046228
2.702	-0.035064
2.703	0.039852
2.704	0.138676
2.705	0.108391
2.706	0.0797
2.707	0.157804
2.708	-0.123049
2.709	0.210723
2.71	0.161629
2.711	-0.013386
2.712	0.172468
2.713	-0.218049
2.714	-0.020399
2.715	0.041764
2.716	-0.05961
2.717	-0.040802
2.718	-0.05706
2.719	-0.030282
2.72	-0.128469
2.721	-0.144408
2.722	-0.04654
2.723	0.197971
2.724	-0.015299
2.725	-0.105516
2.726	-0.055147
2.727	-0.045265
2.728	0.053241
2.729	-0.331219
2.73	0.067586
2.731	-0.151103
2.732	0.212317
2.733	0.065992
2.734	0.125606
2.735	0.050053
2.736	-0.095315
2.737	0.063761
2.738	0.244196
2.739	-0.01498
2.74	-0.013705
2.741	0.204984
2.742	-0.034426
2.743	0.218374
2.744	-0.088939
2.745	0.286913
2.746	0.033157
2.747	-0.210398
2.748	0.082251
2.749	-0.015618
2.75	0.049734
2.751	-0.019443
2.752	-0.039845
2.753	-0.115398
2.754	-0.100097
2.755	-0.197327
2.756	-0.122412
2.757	-0.375212
2.758	-0.184576
2.759	0.021681
2.76	-0.150465
2.761	-0.000953
2.762	-0.077463
2.763	-0.222193
2.764	0.109029
2.765	-0.170868
2.766	0.159716
2.767	0.146965
2.768	0.21136
2.769	0.063123
2.77	-0.029007
2.771	0.082569
2.772	0.170236
2.773	0.222199
2.774	0.03252
2.775	0.129431
2.776	0.002872
2.777	0.22985
2.778	-0.110617
2.779	0.214229
2.78	3.128e-06
2.781	-0.087664
2.782	0.054197
2.783	-0.15461
2.784	0.112217
2.785	0.012436
2.786	0.025825
2.787	-0.099459
2.788	-0.06503
2.789	-0.233669
2.79	-0.138351
2.791	-0.150146
2.792	-0.131019
2.793	-0.120499
2.794	-0.077781
2.795	-0.019762
2.796	-0.163536
2.797	-0.18075
2.798	0.022
2.799	-0.171187
2.8	0.101697
2.801	0.090539
2.802	0.20881
2.803	0.041446
2.804	0.055154
2.805	0.071731
2.806	0.109667
2.807	-0.118268
2.808	0.059935
2.809	0.117636
2.81	0.069499
2.811	0.256309
2.812	-0.213904
2.813	0.247383
2.814	-0.089258
2.815	0.015943
2.816	-0.005416
2.817	-0.184576
2.818	-0.049409
2.819	-0.084795
2.82	-0.043033
2.821	-0.063436
2.822	-0.102328
2.823	-0.140902
2.824	0.199246
2.825	-0.065667
2.826	-0.220918
2.827	0.19032
2.828	-0.079375
2.829	0.075875
2.83	-0.261085
2.831	-0.068537
2.832	-0.079057
2.833	-0.058335
2.834	0.089264
2.835	0.110623
2.836	0.085757
2.837	0.006698
2.838	0.065036
2.839	0.113492
2.84	0.250252
2.841	-0.036976
2.842	0.143777
2.843	0.012755
2.844	0.105841
2.845	0.18777
2.846	-0.155247
2.847	0.135488
2.848	-0.158754
2.849	-0.00191
2.85	0.004785
2.851	-0.105197
2.852	0.013073
2.853	-0.109023
2.854	-0.016255
2.855	-0.08862
2.856	-0.147596
2.857	-0.136439
2.858	-0.114123
2.859	-0.066943
2.86	-0.458734
2.861	0.218374
2.862	-0.134207
2.863	-0.006373
2.864	-0.293602
2.865	-0.106791
2.866	-0.108704
2.867	0.023594
2.868	0.111898
2.869	0.102016
2.87	0.08512
2.871	-0.003822
2.872	0.070455
2.873	0.100422
2.874	0.111579
2.875	-0.036339
2.876	0.19032
2.877	-0.034107
2.878	0.107754
2.879	0.051328
2.88	-0.053235
2.881	0.115405
2.882	-0.172143
2.883	0.046865
2.884	0.060573
2.885	-0.011792
2.886	0.066311
2.887	-0.075869
2.888	-0.071406
2.889	-0.060567
2.89	-0.210716
2.891	-0.031557
2.892	0.102653
2.893	-0.036339
2.894	-0.121455
2.895	-0.065349
2.896	-0.035382
2.897	-0.053235
2.898	-0.282444
2.899	0.080338
2.9	-0.179156
2.901	0.208172
2.902	0.093408
2.903	0.176931
2.904	0.057385
2.905	-0.01243
2.906	0.056429
2.907	0.236863
2.908	0.047821
2.909	-0.04654
2.91	0.101697
2.911	-0.00446
2.912	0.218692
2.913	-0.034107
2.914	0.110942
2.915	-0.014661
2.916	-0.169593
2.917	-0.014661
2.918	-0.113486
2.919	0.116042
2.92	-0.028688
2.921	-0.056423
2.922	-0.104241
2.923	-0.039527
2.924	-0.170868
2.925	-0.10456
2.926	0.070137
2.927	-0.085751
2.928	0.024869
2.929	-0.047178
2.93	-0.001272
2.931	-0.00701
2.932	-0.281169
2.933	0.055154
2.934	-0.127194
2.935	0.093408
2.936	0.133257
2.937	0.168643
2.938	0.004466
2.939	0.130707
2.94	0.120824
2.941	0.223474
2.942	0.037301
2.943	0.035389
2.944	0.129431
2.945	0.025825
2.946	0.320386
2.947	-0.171505
2.948	0.210085
2.949	-0.082882
2.95	-0.04399
2.951	0.00351
2.952	-0.181707
2.953	0.133576
2.954	-0.011154
2.955	-0.049728
2.956	-0.034426
2.957	-0.082563
2.958	-0.242277
2.959	-0.194777
2.96	-0.204341
2.961	-0.189039
2.962	0.134532
2.963	-0.114442
2.964	0.094046
2.965	-0.164811
2.966	-0.198284
2.967	-0.049728
2.968	-0.150465
2.969	0.168324
2.97	0.107435
2.971	0.186176
2.972	0.033795
2.973	0.089264
2.974	0.054516
2.975	0.209448
2.976	0.052922
2.977	0.039214
2.978	0.203391
2.979	-0.004779
2.98	0.323255
2.981	-0.19669
2.982	0.157804
2.983	-0.101053
2.984	0.005104
2.985	-0.00701
2.986	-0.156522
2.987	0.062486
2.988	-0.097865
2.989	-0.001272
2.99	-0.093083
2.991	-0.102328
2.992	-0.22283
2.993	-0.147596
2.994	0.003829
2.995	-0.530143
2.996	0.023912
2.997	-0.227612
2.998	0.021681
2.999	-0.201472
3	-0.13867
3.001	-0.051959
3.002	-0.097865
3.003	0.112217
3.004	0.137082
3.005	0.129431
3.006	-0.059929
3.007	0.09819
3.008	0.041764
3.009	0.063442
3.01	0.017537
3.011	0.149196
3.012	0.077788
3.013	0.106479
3.014	0.172787
3.015	-0.119224
3.016	0.174381
3.017	-0.138989
3.018	0.004785
3.019	0.029013
3.02	-0.013705
3.021	0.010523
3.022	-0.116992
3.023	-0.034107
3.024	-0.091808
3.025	-0.193502
3.026	-0.042396
3.027	-0.150465
3.028	-0.084476
3.029	-0.174374
3.03	0.101059
3.031	-0.082882
3.032	0.043677
3.033	-0.321017
3.034	0.041446
3.035	-0.082244
3.036	0.112217
3.037	0.124012
3.038	0.125606
3.039	0.073643
3.04	-0.036976
3.041	0.025506
3.042	0.018812
3.043	0.197334
3.044	-0.108066
3.045	0.04304
3.046	0.099147
3.047	0.053241
3.048	0.205941
3.049	-0.056104
3.05	-0.03602
3.051	-0.002547
3.052	0.018812
3.053	-0.104241
3.054	-0.06758
3.055	-0.050366
3.056	-0.045584
3.057	-0.051322
3.058	-0.07013
3.059	-0.225699
3.06	-0.126875
3.061	0.237182
3.062	-0.296152
3.063	-0.039208
3.064	-0.055466
3.065	0.061211
3.066	0.024869
3.067	-0.291689
3.068	0.092771
3.069	-0.053553
3.07	0.070455
3.071	0.096596
3.072	0.168005
3.073	0.025506
3.074	0.055791
3.075	-0.005416
3.076	0.121781
3.077	0.139951
3.078	0.020406
3.079	0.073325
3.08	0.166092
3.081	0.151109
3.082	-0.118905
3.083	0.154616
3.084	-0.058973
3.085	-0.042396
3.086	0.082569
3.087	-0.065349
3.088	0.132619
3.089	0.0271
3.09	-0.092764
3.091	-0.149828
3.092	-0.027413
3.093	-0.224106
3.094	-0.047178
3.095	0.127838
3.096	-0.206253
3.097	0.055154
3.098	-0.059929
3.099	-0.010836
3.1	-0.048134
3.101	-0.287863
3.102	0.03507
3.103	-0.121137
3.104	0.146965
3.105	0.112854
3.106	0.240689
3.107	0.006698
3.108	0.113811
3.109	0.089583
3.11	0.044952
3.111	0.026144
3.112	0.222518
3.113	0.153659
3.114	-0.000634
3.115	0.28245
3.116	-0.124962
3.117	0.214867
3.118	0.020406
3.119	-0.050684
3.12	0.011798
3.121	-0.119862
3.122	0.05356
3.123	-0.08862
3.124	-0.053553
3.125	-0.119543
3.126	-0.092446
3.127	-0.178519
3.128	-0.213267
3.129	-0.168636
3.13	-0.145365
3.131	0.05866
3.132	-0.100097
3.133	0.041446
3.134	-0.225062
3.135	-0.109979
3.136	0.025825
3.137	-0.148234
3.138	0.159079
3.139	0.114448
3.14	0.134851
3.141	0.030607
3.142	0.061529
3.143	0.143139
3.144	0.206897
3.145	-0.008285
3.146	0.083526
3.147	0.156529
3.148	0.1272
3.149	0.273524
3.15	-0.153972
3.151	0.224112
3.152	-0.123687
3.153	0.01913
3.154	-0.006054
3.155	-0.206253
3.156	0.066311
3.157	-0.083838
3.158	-0.016574
3.159	-0.112529
3.16	-0.181707
3.161	-0.152059
3.162	-0.199559
3.163	0.021362
3.164	-0.400715
3.165	0.128794
3.166	-0.135482
3.167	-0.005097
3.168	-0.129425
3.169	-0.174693
3.17	-0.112211
3.171	-0.056104
3.172	0.143458
3.173	0.074281
3.174	0.105203
3.175	-0.087983
3.176	0.095959
3.177	0.043358
3.178	0.021043
3.179	-0.0255
3.18	0.073325
3.181	0.072049
3.182	0.089264
3.183	0.083207
3.184	-0.101053
3.185	0.113173
3.186	-0.15716
3.187	0.027738
3.188	-0.042396
3.189	-0.049409
3.19	-0.113486
3.191	-0.156522
3.192	0.034114
3.193	-0.094996
3.194	-0.163217
3.195	-0.037933
3.196	0.065674
3.197	-0.065349
3.198	-0.106154
3.199	0.024231
3.2	0.058342
3.201	-0.025819
3.202	-0.314642
3.203	0.120505
3.204	-0.08607
3.205	0.173424
3.206	0.051328
3.207	0.179481
3.208	0.076512
3.209	-0.005097
3.21	0.018812
3.211	0.201797
3.212	0.075237
3.213	0.036664
3.214	0.139951
3.215	-0.052916
3.216	0.21933
3.217	0.051966
3.218	-0.092446
3.219	0.064717
3.22	-0.053553
3.221	-0.029007
3.222	-0.076825
3.223	0.007973
3.224	0.000959
3.225	-0.027094
3.226	0.077469
3.227	-0.164173
3.228	-0.143133
3.229	-0.075869
3.23	0.055791
3.231	0.055472
3.232	-0.323886
3.233	0.222199
3.234	-0.015618
3.235	-0.006373
3.236	-0.233988
3.237	0.006379
3.238	-0.090533
3.239	0.220605
3.24	0.040808
3.241	0.205941
3.242	0.025506
3.243	-0.029644
3.244	0.100103
3.245	0.165136
3.246	0.059298
3.247	-0.034107
3.248	0.135488
3.249	-0.011154
3.25	0.167686
3.251	0.030926
3.252	-0.017849
3.253	0.05611
3.254	0.019449
3.255	-0.028688
3.256	-0.033789
3.257	0.012117
3.258	-0.084795
3.259	-0.158116
3.26	-0.021675
3.261	-0.101053
3.262	-0.17565
3.263	-0.062161
3.264	-0.223787
3.265	-0.020081
3.266	-0.143452
3.267	-0.116674
3.268	0.019768
3.269	-0.127831
3.27	-0.121774
3.271	-0.066943
3.272	-0.238451
3.273	0.097553
3.274	0.072049
3.275	0.165136
3.276	0.036345
3.277	0.120505
3.278	0.088626
3.279	0.054516
3.28	0.058342
3.281	0.015943
3.282	0.126881
3.283	0.074919
3.284	0.243877
3.285	-0.214861
3.286	0.248021
3.287	-0.10966
3.288	-0.003185
3.289	0.02455
3.29	-0.172143
3.291	0.068543
3.292	-0.067261
3.293	-0.042396
3.294	-0.123687
3.295	-0.026138
3.296	-0.210079
3.297	-0.102328
3.298	-0.066624
3.299	-0.072043
3.3	-0.065986
3.301	-0.18872
3.302	0.013711
3.303	-0.12018
3.304	-0.255984
3.305	-0.002866
3.306	-0.105835
3.307	0.10871
3.308	0.095959
3.309	0.243558
3.31	-0.00191
3.311	0.125287
3.312	0.08512
3.313	-0.084795
3.314	-0.039208
3.315	0.121143
3.316	0.030926
3.317	0.015305
3.318	0.257903
3.319	-0.167999
3.32	0.226025
3.321	0.002872
3.322	-0.095634
3.323	0.073325
3.324	-0.186807
3.325	-0.019762
3.326	-0.050684
3.327	-0.06248
3.328	-0.009242
3.329	-0.167999
3.33	-0.108704
3.331	0.138676
3.332	0.113173
3.333	-0.487744
3.334	0.223474
3.335	-0.012748
3.336	0.015624
3.337	-0.311454
3.338	0.015943
3.339	-0.058973
3.34	0.047821
3.341	0.123374
3.342	0.092771
3.343	0.067586
3.344	0.034114
3.345	0.057385
3.346	0.134213
3.347	-0.034426
3.348	0.080976
3.349	0.152384
3.35	-0.053235
3.351	0.181075
3.352	0.168961
3.353	-0.076825
3.354	0.153978
3.355	-0.221236
3.356	0.012117
3.357	-0.010198
3.358	-0.060248
3.359	0.038577
3.36	-0.04399
3.361	0.008929
3.362	-0.126237
3.363	-0.183619
3.364	-0.07555
3.365	-0.037295
3.366	0.241645
3.367	-0.270649
3.368	0.02455
3.369	-0.025819
3.37	-0.000634
3.371	-0.273199
3.372	-0.066943
3.373	-0.203703
3.374	0.179163
3.375	0.076831
3.376	0.173743
3.377	0.027738
3.378	0.004147
3.379	0.062805
3.38	0.03507
3.381	0.073325
3.382	0.00351
3.383	0.251209
3.384	-0.063755
3.385	0.2799
3.386	-0.045265
3.387	0.095321
3.388	0.146327
3.389	-0.241001
3.39	0.005104
3.391	0.042083
3.392	0.030288
3.393	0.00351
3.394	-0.100415
3.395	-0.014024
3.396	-0.087664
3.397	-0.173418
3.398	-0.083838
3.399	0.0746
3.4	-0.05451
3.401	-0.082882
3.402	-0.187445
3.403	0.045909
3.404	-0.091171
3.405	-0.265229
3.406	0.059298
3.407	-0.173099
3.408	0.145052
3.409	0.098509
3.41	0.191277
3.411	0.070455
3.412	0.020724
3.413	0.051328
3.414	0.138039
3.415	0.177887
3.416	0.045909
3.417	0.130069
3.418	-0.102966
3.419	0.265873
3.42	-0.122412
3.421	0.138676
3.422	0.050372
3.423	-0.162898
3.424	-0.002547
3.425	-0.089895
3.426	0.021362
3.427	-0.090214
3.428	-0.043033
3.429	-0.097546
3.43	-0.12018
3.431	-0.174056
3.432	-0.072043
3.433	-0.265867
3.434	-0.006373
3.435	-0.07555
3.436	-0.108066
3.437	0.020724
3.438	-0.14409
3.439	-0.23622
3.44	0.119549
3.441	-0.166086
3.442	0.126881
3.443	0.124012
3.444	0.211998
3.445	-0.022312
3.446	0.038258
3.447	0.10361
3.448	0.097234
3.449	0.072049
3.45	0.082251
3.451	0.128156
3.452	0.09564
3.453	0.262685
3.454	-0.197008
3.455	0.18235
3.456	0.013711
3.457	-0.084157
3.458	0.034114
3.459	-0.158116
3.46	0.080976
3.461	0.005104
3.462	-0.077781
3.463	-0.013067
3.464	-0.162579
3.465	-0.147915
3.466	-0.211992
3.467	-0.231756
3.468	-0.100097
3.469	0.05356
3.47	-0.047815
3.471	0.109029
3.472	-0.157479
3.473	-0.142496
3.474	-0.010198
3.475	-0.098184
3.476	0.144415
3.477	0.100422
3.478	0.160673
3.479	-0.021993
3.48	0.082888
3.481	0.040489
3.482	-0.003822
3.483	-0.00701
3.484	0.092133
3.485	0.134532
3.486	0.059935
3.487	0.285319
3.488	-0.164492
3.489	0.219011
3.49	-0.074275
3.491	0.009567
3.492	0.007654
3.493	-0.105197
3.494	0.158122
3.495	-0.062161
3.496	-0.056104
3.497	-0.024862
3.498	-0.239407
3.499	-0.153653
3.5	0.061848
3.501	-0.044946
3.502	-0.157479
3.503	0.213911
3.504	-0.072362
3.505	0.089902
3.506	-0.210079
3.507	-0.150465
3.508	-0.094358
3.509	-0.003185
3.51	0.087351
3.511	0.108073
3.512	0.099465
3.513	-0.026138
3.514	0.062167
3.515	0.051647
3.516	0.100103
3.517	-0.03347
3.518	0.116042
3.519	0.066311
3.52	0.138676
3.521	0.061529
3.522	-0.09404
3.523	0.12465
3.524	-0.199559
3.525	0.072368
3.526	-0.033151
3.527	-0.113805
3.528	0.016261
3.529	-0.105197
3.53	-0.04399
3.531	-0.067261
3.532	-0.258854
3.533	-0.038252
3.534	0.036983
3.535	0.065355
3.536	-0.213586
3.537	0.039533
3.538	-0.077144
3.539	-0.003504
3.54	-0.345245
3.541	-0.011792
3.542	-0.133569
3.543	0.170874
3.544	0.085757
3.545	0.197015
3.546	-0.004141
3.547	-0.013067
3.548	0.041764
3.549	0.146646
3.55	0.100103
3.551	0.033476
3.552	0.136445
3.553	0.048459
3.554	0.194146
3.555	-0.017211
3.556	0.024231
3.557	0.105841
3.558	-0.150465
3.559	0.084801
3.56	-0.042077
3.561	0.006379
3.562	0.049415
3.563	-0.1307
3.564	-0.065667
3.565	-0.072362
3.566	-0.245464
3.567	-0.022312
3.568	0.087351
3.569	-0.108385
3.57	-0.095634
3.571	-0.114442
3.572	-0.022312
3.573	-0.002866
3.574	-0.379037
3.575	0.060892
3.576	-0.129106
3.577	0.15079
3.578	0.075875
3.579	0.181075
3.58	-0.009242
3.581	0.025825
3.582	0.065355
3.583	-0.006373
3.584	0.068543
3.585	0.134213
3.586	0.212635
3.587	0.011161
3.588	0.26938
3.589	-0.075869
3.59	0.095002
3.591	0.062805
3.592	-0.109341
3.593	-0.025181
3.594	-0.042396
3.595	0.057066
3.596	-0.009561
3.597	-0.095952
3.598	-0.040483
3.599	-0.131657
3.6	-0.216773
3.601	-0.041758
3.602	-0.298065
3.603	-0.040483
3.604	-0.089895
3.605	-0.086707
3.606	-0.061523
3.607	-0.2308
3.608	-0.240364
3.609	0.033476
3.61	-0.246421
3.611	0.073006
3.612	0.104566
3.613	0.22985
3.614	0.08512
3.615	0.104885
3.616	0.108391
3.617	0.067586
3.618	0.01403
3.619	0.005741
3.62	0.191595
3.621	0.000322
3.622	0.258541
3.623	-0.055147
3.624	0.216461
3.625	-0.072681
3.626	-0.027413
3.627	-0.059292
3.628	-0.110298
3.629	0.107116
3.63	-0.066624
3.631	-0.012111
3.632	-0.060567
3.633	-0.119862
3.634	-0.231119
3.635	-0.13612
3.636	-0.143452
3.637	-0.140902
3.638	0.146965
3.639	-0.095952
3.64	0.081613
3.641	-0.123049
3.642	-0.227293
3.643	-0.033789
3.644	-0.08607
3.645	0.11923
3.646	0.131663
3.647	0.144096
3.648	-0.065986
3.649	0.153022
3.65	0.043996
3.651	0.196696
3.652	-0.039527
3.653	0.05866
3.654	0.150472
3.655	0.073006
3.656	0.281175
3.657	-0.225062
3.658	0.193508
3.659	-0.091489
3.66	0.027419
3.661	0.006379
3.662	-0.185851
3.663	0.081932
3.664	-0.115717
3.665	-0.012748
3.666	-0.03347
3.667	-0.195096
3.668	-0.073956
3.669	0.114767
3.67	-0.029007
3.671	-0.208485
3.672	0.160354
3.673	-0.003185
3.674	0.110304
3.675	-0.242595
3.676	-0.078738
3.677	-0.061204
3.678	0.089264
3.679	0.077788
3.68	0.110623
3.681	0.063442
3.682	-0.122093
3.683	0.051647
3.684	0.063442
3.685	0.182032
3.686	-0.056423
3.687	0.172468
3.688	0.04814
3.689	0.139314
3.69	0.051966
3.691	-0.085114
3.692	0.131344
3.693	-0.150465
3.694	0.051966
3.695	0.046228
3.696	-0.027732
3.697	-0.047815
3.698	-0.092446
3.699	-0.056423
3.7	-0.032513
3.701	-0.24132
3.702	-0.072362
3.703	-0.008285
3.704	0.039214
3.705	-0.114761
3.706	0.116999
3.707	-0.016574
3.708	0.024231
3.709	-0.357997
3.71	0.008929
3.711	-0.13867
3.712	0.088626
3.713	0.120187
3.714	0.197015
3.715	0.02455
3.716	0.044952
3.717	0.061848
3.718	-0.116036
3.719	0.168643
3.72	-0.015299
3.721	0.167686
3.722	0.073643
3.723	0.128475
3.724	0.04814
3.725	-0.038889
3.726	0.018493
3.727	-0.049409
3.728	0.046228
3.729	-0.126875
3.73	0.06918
3.731	-0.005097
3.732	-0.067261
3.733	-0.110298
3.734	-0.049409
3.735	-0.285632
3.736	-0.096271
3.737	0.114767
3.738	-0.153016
3.739	-0.17023
3.74	0.03507
3.741	-0.057379
3.742	0.034114
3.743	-0.345245
3.744	0.001278
3.745	-0.132932
3.746	0.145371
3.747	0.076194
3.748	0.274799
3.749	-0.030919
3.75	0.090858
3.751	0.042083
3.752	-0.161304
3.753	0.031244
3.754	0.01148
3.755	0.174381
3.756	-0.003504
3.757	0.244514
3.758	-0.101372
3.759	0.057066
3.76	0.058979
3.761	-0.094996
3.762	0.018174
3.763	-0.037614
3.764	0.041446
3.765	0.06663
3.766	-0.0781
3.767	-0.019762
3.768	-0.151103
3.769	-0.15174
3.77	-0.172462
3.771	-0.067899
3.772	-0.1782
3.773	0.005741
3.774	-0.056104
3.775	0.017855
3.776	-0.26778
3.777	-0.019762
3.778	-0.013386
3.779	-0.171505
3.78	0.062167
3.781	0.138358
3.782	0.123374
3.783	0.023594
3.784	0.045271
3.785	0.146327
3.786	0.074281
3.787	0.139314
3.788	0.009248
3.789	-0.003504
3.79	0.088308
3.791	0.249934
3.792	-0.069174
3.793	0.181394
3.794	-0.030601
3.795	-0.047178
3.796	0.042402
3.797	-0.122412
3.798	0.072368
3.799	-0.054191
3.8	-0.022631
3.801	-0.107748
3.802	-0.129744
3.803	-0.129744
3.804	-0.049728
3.805	-0.087026
3.806	-0.125919
3.807	-0.124325
3.808	-0.09404
3.809	-0.00191
3.81	-0.19127
3.811	-0.245464
3.812	0.013392
3.813	-0.078419
3.814	0.138995
3.815	0.078425
3.816	0.177569
3.817	-0.111573
3.818	0.083207
3.819	0.033476
3.82	-0.071406
3.821	0.021043
3.822	0.122418
3.823	0.139633
3.824	0.013073
3.825	0.120187
3.826	-0.176287
3.827	0.228575
3.828	0.051009
3.829	-0.105835
3.83	0.028375
3.831	-0.143452
3.832	0.061848
3.833	-0.124006
3.834	0.00861
3.835	-0.078419
3.836	-0.240045
3.837	-0.023268
3.838	-0.049409
3.839	0.078425
3.84	-0.116992
3.841	0.058979
3.842	0.023275
3.843	-0.032513
3.844	-0.314642
3.845	0.077469
3.846	-0.158435
3.847	0.112854
3.848	0.073006
3.849	0.14569
3.85	0.021043
3.851	-0.019443
3.852	0.018493
3.853	0.01148
3.854	0.180438
3.855	-0.089258
3.856	0.06663
3.857	0.064399
3.858	0.168005
3.859	0.237501
3.86	-0.152697
3.861	0.044952
3.862	0.010523
3.863	-0.001591
3.864	-0.076187
3.865	0.061529
3.866	0.037939
3.867	-0.053553
3.868	0.059935
3.869	-0.19127
3.87	-0.145365
3.871	-0.125281
3.872	0.017218
3.873	0.133576
3.874	-0.23622
3.875	0.098509
3.876	-0.071406
3.877	0.026144
3.878	-0.232394
3.879	-0.042077
3.88	-0.129106
3.881	0.192233
3.882	0.075556
3.883	0.190001
3.884	0.044634
3.885	-0.075231
3.886	0.10074
3.887	-0.03602
3.888	0.1272
3.889	-0.072362
3.89	0.106479
3.891	0.132938
3.892	0.117317
3.893	-0.045584
3.894	0.083526
3.895	0.003829
3.896	-0.064711
3.897	0.099784
3.898	-0.105835
3.899	0.029651
3.9	-0.10966
3.901	-0.051322
3.902	-0.10456
3.903	-0.026775
3.904	-0.144408
3.905	-0.035382
3.906	-0.197965
3.907	-0.035701
3.908	-0.112211
3.909	-0.204978
3.91	0.038258
3.911	0.018174
3.912	-0.220918
3.913	-0.050684
3.914	-0.191908
3.915	0.115724
3.916	0.087033
3.917	0.197652
3.918	-0.00701
3.919	0.073643
3.92	0.133257
3.921	-0.055147
3.922	0.059298
3.923	0.155253
3.924	0.056429
3.925	0.057066
3.926	0.161629
3.927	-0.183938
3.928	0.236545
3.929	-0.008604
3.93	-0.079694
3.931	0.041764
3.932	-0.193183
3.933	0.056429
3.934	-0.000953
3.935	-0.114761
3.936	-0.043352
3.937	-0.097865
3.938	-0.160985
3.939	-0.091171
3.94	0.018493
3.941	-0.136757
3.942	0.050691
3.943	0.023275
3.944	-0.108385
3.945	-0.073956
3.946	-0.296789
3.947	0.044952
3.948	-0.093721
3.949	0.121143
3.95	0.052603
3.951	0.216461
3.952	-0.054829
3.953	0.115405
3.954	0.074919
3.955	0.088308
3.956	0.09564
3.957	-0.008604
3.958	0.099465
3.959	0.020406
3.96	0.293927
3.961	-0.137395
3.962	0.203072
3.963	-0.016893
3.964	-0.037933
3.965	-0.00191
3.966	-0.016255
3.967	0.097871
3.968	-0.08862
3.969	-0.02805
3.97	-0.05961
3.971	-0.218049
3.972	-0.144727
3.973	0.11413
3.974	-0.017211
3.975	-0.135163
3.976	0.128156
3.977	0.008929
3.978	0.035389
3.979	-0.247696
3.98	-0.153972
3.981	-0.074275
3.982	-0.030282
3.983	0.096596
3.984	0.127838
3.985	0.120505
3.986	-0.060248
3.987	0.035707
3.988	-0.111892
3.989	0.099465
3.99	0.085757
3.991	0.082888
3.992	0.091814
3.993	0.10871
3.994	0.010204
3.995	-0.018805
3.996	0.116361
3.997	-0.131976
3.998	0.022318
3.999	-0.042715
4	-0.067261
4.001	0.02455
4.002	-0.041758
4.003	-0.01498
4.004	-0.015299
4.005	-0.193821
4.006	-0.136439
4.007	-0.111573
4.008	-0.19924
4.009	-0.301571
4.01	0.189045
4.011	-0.145683
4.012	0.027738
4.013	-0.241001
4.014	-0.093402
4.015	-0.08352
4.016	0.069499
4.017	0.095321
4.018	0.16673
4.019	0.097871
4.02	-0.024862
4.021	0.063442
4.022	-0.065986
4.023	0.028057
4.024	0.024231
4.025	0.167049
4.026	0.040489
4.027	0.243558
4.028	0.007973
4.029	0.025506
4.03	0.150153
4.031	-0.158754
4.032	0.031244
4.033	0.000641
4.034	-0.101691
4.035	0.031563
4.036	-0.130063
4.037	0.002872
4.038	-0.053872
4.039	-0.248015
4.04	-0.033151
4.041	0.088626
4.042	-0.152059
4.043	-0.085114
4.044	0.079382
4.045	-0.001272
4.046	0.061848
4.047	-0.323886
4.048	0.036026
4.049	-0.093083
4.05	0.168643
4.051	0.098509
4.052	0.224431
4.053	0.045909
4.054	0.01403
4.055	0.067268
4.056	0.078744
4.057	0.094683
4.058	0.006698
4.059	0.146646
4.06	0.039533
4.061	0.236863
4.062	-0.008604
4.063	0.060892
4.064	0.041127
4.065	-0.102009
4.066	0.051328
4.067	-0.150146
4.068	0.080338
4.069	-0.0255
4.07	-0.065986
4.071	-0.093402
4.072	-0.064711
4.073	-0.212948
4.074	-0.069174
4.075	-0.143452
4.076	-0.174056
4.077	0.03507
4.078	-0.078419
4.079	-0.006691
4.08	-0.047815
4.081	-0.282444
4.082	0.038895
4.083	-0.121455
