2.266	0.238776
2.267	-0.083201
2.268	-0.190314
2.269	0.179481
2.27	-0.182663
2.271	-0.047178
2.272	0.013711
2.273	-0.157797
2.274	-0.320061
2.275	-0.036976
2.276	-0.156841
2.277	-0.309222
2.278	-0.277981
2.279	0.083526
2.28	-0.180113
2.281	0.03507
2.282	-0.35991
2.283	0.060254
2.284	0.05866
2.285	-0.229525
2.286	0.211679
2.287	0.084163
2.288	0.170874
2.289	0.061211
2.29	-0.017849
2.291	0.052285
2.292	0.087033
2.293	0.146965
2.294	0.133257
2.295	-0.077463
2.296	0.149515
2.297	0.164817
2.298	-0.173418
2.299	0.139951
2.3	0.09819
2.301	-0.19924
2.302	-0.020081
2.303	0.040808
2.304	-0.138989
2.305	0.067905
2.306	0.001597
2.307	-0.201153
2.308	-0.16768
2.309	-0.034745
2.31	-0.289457
2.311	0.071412
2.312	-0.302209
2.313	0.04304
2.314	0.12465
2.315	-0.193502
2.316	-0.33887
2.317	0.108391
2.318	-0.056423
2.319	0.016899
2.32	-0.010517
2.321	0.057385
2.322	0.206578
2.323	0.06663
2.324	0.014667
2.325	0.121143
2.326	0.061848
2.327	-0.040483
2.328	0.257585
2.329	-0.145046
2.33	0.235269
2.331	0.08512
2.332	-0.065986
2.333	0.167686
2.334	0.031563
2.335	-0.257578
2.336	0.108073
2.337	-0.013386
2.338	-0.197965
2.339	-0.076506
2.34	-0.043033
2.341	-0.205616
2.342	-0.150465
2.343	0.011161
2.344	0.063123
2.345	0.428456
2.346	-0.275431
2.347	0.011798
2.348	0.083526
2.349	-0.226337
2.35	-0.195415
2.351	0.06408
2.352	-0.22825
2.353	0.280856
2.354	-0.021675
2.355	0.114448
2.356	0.124331
2.357	-0.053235
2.358	0.059935
2.359	0.14569
2.36	0.082888
2.361	-0.013705
2.362	0.299665
2.363	-0.118268
2.364	0.37458
2.365	-0.122731
2.366	0.153341
2.367	0.226981
2.368	-0.090214
2.369	-0.178519
2.37	0.116999
2.371	0.123056
2.372	-0.176287
2.373	0.149196
2.374	-0.133569
2.375	-0.314642
2.376	-0.010836
2.377	-0.067899
2.378	-0.227293
2.379	-0.144727
2.38	-0.048453
2.381	-0.45204
2.382	-0.005416
2.383	-0.285632
2.384	-0.02805
2.385	0.039533
2.386	-0.273518
2.387	0.197334
2.388	0.057385
2.389	0.097234
2.39	0.167049
2.391	-0.02295
2.392	0.076831
2.393	0.203391
2.394	0.116361
2.395	0.161629
2.396	0.071412
2.397	0.071093
2.398	0.210404
2.399	-0.206572
2.4	0.200203
2.401	0.161948
2.402	-0.117311
2.403	-0.041758
2.404	-0.029644
2.405	0.067905
2.406	-0.089258
2.407	0.018493
2.408	-0.271286
2.409	-0.119224
2.41	-0.084795
2.411	-0.326437
2.412	0.017855
2.413	-0.538431
2.414	0.054835
2.415	0.006379
2.416	-0.145365
2.417	-0.240364
2.418	0.10361
2.419	-0.045584
2.42	-0.101691
2.421	0.204028
2.422	0.036983
2.423	0.222199
2.424	0.021681
2.425	-0.047496
2.426	0.187451
2.427	-0.033789
2.428	0.026463
2.429	0.130388
2.43	0.039852
2.431	0.153341
2.432	0.32453
2.433	-0.193821
2.434	0.130069
2.435	0.065355
2.436	0.011798
2.437	-0.09404
2.438	0.040808
2.439	0.085439
2.44	-0.174056
2.441	-0.090214
2.442	-0.21773
2.443	-0.22825
2.444	-0.035382
2.445	-0.526636
2.446	0.349715
2.447	-0.452996
2.448	-0.006373
2.449	0.244514
2.45	-0.322611
2.451	-0.245146
2.452	0.109029
2.453	-0.205616
2.454	0.066949
2.455	0.082888
2.456	0.126244
2.457	0.125287
2.458	-0.037295
2.459	0.033476
2.46	0.110942
2.461	0.165455
2.462	0.035707
2.463	0.255991
2.464	-0.068218
2.465	0.09564
2.466	0.309547
2.467	-0.077144
2.468	0.146327
2.469	0.201478
2.47	-0.144727
2.471	-0.031557
2.472	0.19574
2.473	-0.172781
2.474	-0.066943
2.475	-0.076825
2.476	-0.045902
2.477	-0.350665
2.478	0.085757
2.479	-0.173099
2.48	0.046228
2.481	-0.263635
2.482	0.012755
2.483	0.168643
2.484	-0.296471
2.485	-0.340145
2.486	0.15079
2.487	-0.07013
2.488	0.00861
2.489	0.096596
2.49	0.036664
2.491	0.191277
2.492	-0.002547
2.493	0.001597
2.494	0.093727
2.495	0.048778
2.496	0.10361
2.497	0.267148
2.498	-0.08862
2.499	0.221561
2.5	0.040171
2.501	-0.08607
2.502	0.228575
2.503	0.029651
2.504	-0.102328
2.505	0.020406
2.506	0.018493
2.507	-0.213904
2.508	0.063761
2.509	-0.1307
2.51	-0.26778
2.511	-0.084157
2.512	-0.005735
2.513	-0.040164
2.514	-0.154928
2.515	-0.128469
2.516	-0.420798
2.517	0.052285
2.518	-0.160029
2.519	-0.078419
2.52	0.104566
2.521	-0.273837
2.522	0.230806
2.523	0.067268
2.524	0.051966
2.525	0.092771
2.526	0.00606
2.527	0.029651
2.528	0.118593
2.529	-0.037933
2.53	0.14824
2.531	0.183944
2.532	-0.130382
2.533	0.372667
2.534	-0.149828
2.535	0.139633
2.536	0.123056
2.537	-0.05961
2.538	-0.152697
2.539	0.062805
2.54	0.107754
2.541	-0.194458
2.542	-0.056423
2.543	-0.166405
2.544	-0.322293
2.545	-0.080013
2.546	-0.134207
2.547	-0.3309
2.548	-0.143771
2.549	-0.22825
2.55	-0.434825
2.551	-0.06503
2.552	-0.254709
2.553	-0.058335
2.554	-0.010836
2.555	-0.202109
2.556	0.306359
2.557	0.047503
2.558	0.160673
2.559	0.01148
2.56	0.069818
2.561	0.094046
2.562	0.082251
2.563	0.101378
2.564	0.144415
2.565	0.183307
2.566	-0.099459
2.567	0.416342
2.568	-0.245146
2.569	0.196058
2.57	0.190001
2.571	-0.109979
2.572	-0.122093
2.573	0.157485
2.574	-0.169274
2.575	0.072368
2.576	0.013073
2.577	-0.042715
2.578	-0.41251
2.579	-0.024225
2.58	-0.15461
2.581	-0.090852
2.582	0.036664
2.583	0.05356
2.584	-0.212948
2.585	0.099147
2.586	-0.361822
2.587	0.043996
2.588	0.029969
2.589	-0.183301
2.59	0.238457
2.591	0.032201
2.592	0.068224
2.593	0.023275
2.594	0.033795
2.595	0.081613
2.596	0.136764
2.597	0.16131
2.598	0.013711
2.599	0.126562
2.6	0.175656
2.601	0.073006
2.602	-0.010836
2.603	0.044315
2.604	0.031244
2.605	0.074281
2.606	-0.060248
2.607	-0.138989
2.608	0.015624
2.609	0.127519
2.61	-0.234307
2.611	-0.257578
2.612	-0.118586
2.613	-0.070768
2.614	0.144096
2.615	0.146327
2.616	-0.048772
2.617	-0.321017
2.618	0.039533
2.619	-0.162898
2.62	-0.138351
2.621	0.100422
2.622	-0.192227
2.623	0.139314
2.624	-0.077781
2.625	0.165773
2.626	0.131344
2.627	0.10361
2.628	0.034114
2.629	0.120505
2.63	0.061529
2.631	0.089902
2.632	0.14027
2.633	-0.135801
2.634	0.297433
2.635	0.096915
2.636	-0.052916
2.637	0.018493
2.638	-0.024225
2.639	-0.012111
2.64	0.038258
2.641	0.146965
2.642	-0.176287
2.643	-0.002866
2.644	-0.004779
2.645	-0.141858
2.646	-0.071724
2.647	-0.105835
2.648	-0.642994
2.649	0.193508
2.65	-0.179475
2.651	-0.367879
2.652	-0.048134
2.653	-0.193183
2.654	-0.082244
2.655	-0.042077
2.656	-0.316873
2.657	0.292333
2.658	0.036345
2.659	0.169599
2.66	0.08512
2.661	-0.003504
2.662	0.023912
2.663	0.175656
2.664	0.116361
2.665	-0.022631
2.666	0.198927
2.667	-0.143771
2.668	0.29839
2.669	-0.108385
2.67	0.149515
2.671	0.122737
2.672	-0.097546
2.673	-0.075869
2.674	0.08767
2.675	0.062805
2.676	-0.034107
2.677	-0.073318
2.678	-0.1256
2.679	-0.315279
2.68	-0.049409
2.681	-0.16226
2.682	0.003829
2.683	-0.275431
2.684	-0.115398
2.685	-0.384775
2.686	-0.121455
2.687	-0.260129
2.688	-0.022312
2.689	0.031563
2.69	-0.271924
2.691	0.228575
2.692	0.128156
2.693	0.153659
2.694	0.095002
2.695	-0.010836
2.696	0.097234
2.697	0.132619
2.698	0.065036
2.699	0.121462
2.7	0.065992
2.701	-0.084795
2.702	0.365654
2.703	-0.105197
2.704	0.176931
2.705	0.221561
2.706	-0.063436
2.707	-0.148871
2.708	0.127519
2.709	0.083526
2.71	-0.015936
2.711	-0.011792
2.712	-0.077144
2.713	-0.346202
2.714	-0.019124
2.715	-0.402309
2.716	-0.176925
2.717	-0.504321
2.718	0.193827
2.719	-0.029325
2.72	-0.131019
2.721	-0.384775
2.722	0.109985
2.723	-0.08607
2.724	-0.100734
2.725	0.193508
2.726	0.042721
2.727	0.219968
2.728	0.022956
2.729	0.017855
2.73	0.080657
2.731	0.107754
2.732	0.053878
2.733	0.032201
2.734	0.083526
2.735	0.060573
2.736	0.169599
2.737	-0.087983
2.738	0.102653
2.739	0.051647
2.74	-0.156841
2.741	-0.045584
2.742	0.146008
2.743	-0.213267
2.744	0.065036
2.745	-0.166724
2.746	0.028694
2.747	-0.337276
2.748	0.047821
2.749	-0.342376
2.75	0.009567
2.751	-0.310816
2.752	-0.00701
2.753	0.234632
2.754	-0.241958
2.755	-0.257578
2.756	0.183626
2.757	-0.199559
2.758	0.084482
2.759	0.095321
2.76	0.078106
2.761	0.226343
2.762	-0.00191
2.763	0.062486
2.764	0.105203
2.765	0.1747
2.766	0.091496
2.767	0.194464
2.768	-0.087026
2.769	0.264598
2.77	0.021362
2.771	-0.062161
2.772	0.118593
2.773	0.014667
2.774	-0.072043
2.775	0.048459
2.776	0.047184
2.777	0.002235
2.778	0.085757
2.779	-0.105197
2.78	-0.241001
2.781	-0.120499
2.782	-0.025819
2.783	0.277668
2.784	0.240051
2.785	-0.192864
2.786	-0.217411
2.787	0.10361
2.788	-0.245783
2.789	-0.231438
2.79	0.067905
2.791	-0.151103
2.792	0.189045
2.793	0.02455
2.794	0.122099
2.795	0.124968
2.796	-0.005416
2.797	0.000959
2.798	0.158441
2.799	0.155572
2.8	-0.017211
2.801	0.186176
2.802	-0.0781
2.803	0.348758
2.804	-0.178519
2.805	0.192552
2.806	0.120505
2.807	-0.044627
2.808	-0.056104
2.809	-0.011473
2.81	-0.039845
2.811	0.091496
2.812	0.126562
2.813	-0.289138
2.814	-0.286588
2.815	-0.061204
2.816	-0.125919
2.817	-0.39147
2.818	0.002872
2.819	-0.091489
2.82	-0.404859
2.821	0.007654
2.822	-0.289138
2.823	-0.045265
2.824	0.030607
2.825	-0.102966
2.826	0.121781
2.827	-0.060567
2.828	0.202434
2.829	0.101378
2.83	-0.022631
2.831	0.152065
2.832	0.067905
2.833	0.068862
2.834	0.005741
2.835	0.08512
2.836	-0.070768
2.837	0.327081
2.838	-0.108385
2.839	0.047503
2.84	0.087033
2.841	-0.053872
2.842	-0.046221
2.843	0.03252
2.844	0.157166
2.845	-0.167361
2.846	0.060254
2.847	-0.227293
2.848	-0.212629
2.849	-0.001272
2.85	0.020724
2.851	0.094046
2.852	-0.319742
2.853	0.103928
2.854	-0.140583
2.855	-0.069812
2.856	-0.296152
2.857	0.062486
2.858	-0.135482
2.859	-0.05961
2.86	0.095959
2.861	0.081613
2.862	0.212954
2.863	-0.030601
2.864	0.030926
2.865	0.142183
2.866	-0.085114
2.867	-0.095952
2.868	0.238139
2.869	-0.022631
2.87	0.076512
2.871	0.089902
2.872	-0.050047
2.873	0.076831
2.874	0.207535
2.875	-0.122093
2.876	-0.116674
2.877	0.116361
2.878	-0.195096
2.879	-0.016255
2.88	-0.098503
2.881	-0.04654
2.882	-0.186488
2.883	-0.023587
2.884	-0.340782
2.885	0.005423
2.886	-0.500177
2.887	0.110942
2.888	0.168643
2.889	-0.286907
2.89	-0.302528
2.891	0.223793
2.892	-0.098503
2.893	0.044952
2.894	0.014986
2.895	0.126244
2.896	0.129431
2.897	-0.021993
2.898	0.044315
2.899	0.162904
2.9	0.087351
2.901	-0.09659
2.902	0.284363
2.903	0.081932
2.904	-0.01753
2.905	0.294564
2.906	-0.140264
2.907	0.11413
2.908	0.046865
2.909	-0.045584
2.91	-0.153334
2.911	0.147284
2.912	-0.211354
2.913	-0.103285
2.914	-0.016574
2.915	-0.01498
2.916	-0.251203
2.917	-0.028369
2.918	-0.254709
2.919	-0.079375
2.92	-0.354809
2.921	0.078744
2.922	0.12465
2.923	-0.274793
2.924	-0.44407
2.925	0.250252
2.926	-0.039208
2.927	0.044634
2.928	0.118593
2.929	0.122418
2.93	0.122418
2.931	0.029332
2.932	0.016261
2.933	0.061211
2.934	0.06918
2.935	0.030607
2.936	0.251209
2.937	-0.079375
2.938	0.017218
2.939	-0.01753
2.94	-0.20179
2.941	0.242283
2.942	-0.036339
2.943	-0.240045
2.944	0.151428
2.945	0.101378
2.946	-0.090533
2.947	-0.095952
2.948	-0.113486
2.949	-0.27288
2.95	-0.14664
2.951	0.070455
2.952	-0.227293
2.953	0.066949
2.954	-0.03602
2.955	-0.466385
2.956	0.134213
2.957	-0.067899
2.958	-0.178519
2.959	0.11126
2.96	-0.322611
2.961	0.246427
2.962	0.088626
2.963	0.09564
2.964	0.070137
2.965	0.033795
2.966	-0.002547
2.967	0.132938
2.968	0.179481
2.969	0.142183
2.97	0.208172
2.971	-0.041121
2.972	0.395939
2.973	-0.037295
2.974	0.151109
2.975	0.185538
2.976	-0.202747
2.977	-0.033789
2.978	0.073962
2.979	-0.007648
2.98	0.006698
2.981	-0.212948
2.982	-0.132294
2.983	-0.297427
2.984	-0.035064
2.985	-0.044946
2.986	-0.01753
2.987	-0.229525
2.988	-0.116355
2.989	-0.401033
2.99	-0.062798
2.991	-0.392107
2.992	-0.026456
2.993	0.052603
2.994	-0.277343
2.995	0.220286
2.996	0.06663
2.997	0.162267
2.998	0.036345
2.999	0.000322
3	0.05611
3.001	0.151747
3.002	0.098828
3.003	0.010523
3.004	0.0271
3.005	0.037939
3.006	0.4852
3.007	-0.32835
3.008	0.203072
3.009	-0.037295
3.01	-0.117311
3.011	0.057704
3.012	-0.036658
3.013	-0.014661
3.014	-0.076506
3.015	0.072368
3.016	-0.171824
3.017	-0.214223
3.018	-0.013067
3.019	-0.443432
3.02	0.164498
3.021	-0.342057
3.022	-0.133888
3.023	-0.092764
3.024	0.091814
3.025	-0.310816
3.026	0.050053
3.027	-0.10456
3.028	-0.069174
3.029	0.137401
3.03	-0.005735
3.031	0.261729
3.032	-0.010517
3.033	0.008929
3.034	0.123056
3.035	0.186176
3.036	-0.018487
3.037	0.175018
3.038	-0.02805
3.039	0.215504
3.04	-0.0255
3.041	-0.16768
3.042	0.210085
3.043	0.06408
3.044	-0.135482
3.045	-0.027094
3.046	0.078106
3.047	-0.068218
3.048	0.092452
3.049	-0.028688
3.05	-0.200196
3.051	-0.067261
3.052	-0.085432
3.053	-0.365648
3.054	0.379362
3.055	0.017537
3.056	-0.42558
3.057	0.110304
3.058	-0.198602
3.059	-0.080332
3.06	0.010204
3.061	-0.126556
3.062	0.117317
3.063	0.009248
3.064	0.084482
3.065	0.04304
3.066	0.086395
3.067	0.048459
3.068	0.205303
3.069	0.083526
3.07	0.005104
3.071	0.097234
3.072	-0.074593
3.073	0.293608
3.074	-0.032513
3.075	0.051647
3.076	0.061211
3.077	-0.056104
3.078	0.005741
3.079	0.016261
3.08	0.231444
3.081	-0.190314
3.082	-0.008604
3.083	-0.209122
3.084	-0.216455
3.085	0.005741
3.086	-0.113167
3.087	-0.231119
3.088	0.175656
3.089	-0.07013
3.09	-0.396252
3.091	-0.085114
3.092	-0.159073
3.093	-0.130063
3.094	0.10074
3.095	-0.315279
3.096	0.429093
3.097	0.015624
3.098	0.121143
3.099	0.127838
3.1	-0.106472
3.101	0.015624
3.102	0.185538
3.103	0.012117
3.104	0.054835
3.105	0.178525
3.106	-0.145365
3.107	0.297752
3.108	-0.032832
3.109	0.079382
3.11	0.201478
3.111	-0.109341
3.112	-0.050047
3.113	0.031882
3.114	0.119868
3.115	0.034751
3.116	-0.125919
3.117	-0.116036
3.118	-0.313685
3.119	-0.050047
3.12	-0.004141
3.121	-0.492845
3.122	0.272887
3.123	-0.124962
3.124	-0.219961
3.125	0.001916
3.126	-0.200196
3.127	-0.123687
3.128	0.038577
3.129	-0.263635
3.13	0.299346
3.131	-0.001272
3.132	0.183307
3.133	0.047821
3.134	0.033157
3.135	0.070774
3.136	0.104247
3.137	0.022
3.138	0.084163
3.139	0.162904
3.14	-0.119862
3.141	0.41411
3.142	-0.22283
3.143	0.097553
3.144	0.211998
3.145	-0.077144
3.146	-0.116355
3.147	0.164817
3.148	-0.039845
3.149	0.080019
3.15	-0.071087
3.151	-0.134845
3.152	-0.394339
3.153	-0.052597
3.154	-0.00191
3.155	-0.069812
3.156	-0.31783
3.157	0.119868
3.158	-0.011154
3.159	-0.006691
3.16	-0.46511
3.161	0.092771
3.162	0.014349
3.163	-0.123368
3.164	0.173743
3.165	0.000959
3.166	0.124968
3.167	0.081932
3.168	0.001916
3.169	0.131982
3.17	0.18235
3.171	0.071093
3.172	0.136126
3.173	0.040808
3.174	0.167686
3.175	0.146327
3.176	-0.010836
3.177	0.049097
3.178	-0.031238
3.179	0.072368
3.18	-0.116992
3.181	0.09819
3.182	0.101378
3.183	-0.124006
3.184	-0.16226
3.185	-0.173737
3.186	-0.054191
3.187	-0.047496
3.188	-0.548314
3.189	0.286913
3.19	-0.215498
3.191	-0.260447
3.192	0.050053
3.193	-0.283719
3.194	-0.14664
3.195	0.125606
3.196	-0.184576
3.197	0.209448
3.198	-0.043033
3.199	0.143458
3.2	0.11126
3.201	0.028057
3.202	-0.002866
3.203	0.197015
3.204	0.142821
3.205	0.05866
3.206	0.19032
3.207	-0.178838
3.208	0.320705
3.209	0.136764
3.21	-0.073956
3.211	0.124331
3.212	-0.10456
3.213	0.067586
3.214	0.075556
3.215	0.098509
3.216	0.067905
3.217	-0.025181
3.218	-0.194458
3.219	-0.134207
3.22	-0.09404
3.221	-0.014342
3.222	-0.385732
3.223	0.477868
3.224	-0.367561
3.225	-0.156203
3.226	-0.010836
3.227	-0.122412
3.228	-0.240364
3.229	0.138995
3.23	-0.32548
3.231	0.247065
3.232	0.041127
3.233	0.12975
3.234	0.102972
3.235	-0.058973
3.236	0.018812
3.237	0.044634
3.238	0.089902
3.239	0.044634
3.24	0.090858
3.241	0.152065
3.242	0.204347
3.243	-0.053235
3.244	0.118911
3.245	0.081932
3.246	-0.01243
3.247	-0.069493
3.248	-0.017211
3.249	-0.046859
3.25	-0.040164
3.251	-0.014024
3.252	-0.148553
3.253	-0.277343
3.254	-0.029963
3.255	-0.234944
3.256	0.014349
3.257	-0.395614
3.258	0.025506
3.259	-0.289138
3.26	0.031563
3.261	-0.32835
3.262	0.052922
3.263	-0.051641
3.264	-0.045902
3.265	0.210404
3.266	0.06663
3.267	0.107116
3.268	0.15079
3.269	-0.042396
3.27	0.091177
3.271	0.166411
3.272	0.075556
3.273	0.095959
3.274	0.034432
3.275	-0.011473
3.276	0.452365
3.277	-0.233032
3.278	0.181075
3.279	0.061529
3.28	-0.056423
3.281	0.029332
3.282	-0.081607
3.283	0.004466
3.284	-0.042077
3.285	0.031244
3.286	-0.174374
3.287	-0.225699
3.288	0.037301
3.289	-0.30444
3.29	0.072049
3.291	-0.214542
3.292	-0.003185
3.293	-0.024225
3.294	-0.127512
3.295	-0.208166
3.296	0.09022
3.297	-0.175331
3.298	0.068862
3.299	0.140908
3.3	0.039214
3.301	0.174381
3.302	-0.048453
3.303	0.023594
3.304	0.113492
3.305	0.197015
3.306	-0.045265
3.307	0.204028
3.308	0.001597
3.309	0.188089
3.31	0.236863
3.311	-0.154928
3.312	0.112217
3.313	0.112854
3.314	-0.029007
3.315	-0.068218
3.316	0.162586
3.317	0.063442
3.318	-0.089895
3.319	0.038258
3.32	-0.234944
3.321	-0.167999
3.322	0.039214
3.323	-0.464154
3.324	0.371711
3.325	-0.165767
3.326	-0.035064
3.327	0.087989
3.328	-0.315598
3.329	-0.237813
3.33	0.144415
3.331	-0.178519
3.332	0.112536
3.333	0.036026
3.334	0.093408
3.335	0.143458
3.336	-0.047496
3.337	0.059617
3.338	0.098509
3.339	0.158122
3.34	0.065036
3.341	0.191277
3.342	-0.045584
3.343	0.196377
3.344	0.139951
3.345	-0.095634
3.346	0.058342
3.347	-0.032195
3.348	0.051647
3.349	-0.05961
3.35	0.023275
3.351	0.007016
3.352	0.065355
3.353	-0.081926
3.354	-0.336319
3.355	-0.112848
3.356	-0.020081
3.357	-0.197965
3.358	0.050691
3.359	-0.045265
3.36	-0.208485
3.361	-0.011154
3.362	-0.130063
3.363	-0.243552
3.364	0.123693
3.365	-0.265229
3.366	0.228894
3.367	0.036664
3.368	0.085757
3.369	0.110942
3.37	0.03507
3.371	-0.043033
3.372	0.153341
3.373	0.170874
3.374	0.078744
3.375	0.192552
3.376	-0.048453
3.377	0.218055
3.378	-0.027732
3.379	0.10361
3.38	0.111579
3.381	-0.123687
3.382	-0.006054
3.383	0.046546
3.384	0.068224
3.385	-0.108385
3.386	0.023912
3.387	-0.189039
3.388	-0.237176
3.389	-0.009879
3.39	-0.096271
3.391	-0.386369
3.392	0.107116
3.393	-0.065349
3.394	-0.255984
3.395	-0.069493
3.396	-0.192227
3.397	-0.055147
3.398	-0.016893
3.399	-0.20721
3.4	0.235588
3.401	0.053878
3.402	0.149834
3.403	0.068862
3.404	-0.016574
3.405	0.070137
3.406	0.167049
3.407	0.050053
3.408	0.06663
3.409	0.153022
3.41	-0.121455
3.411	0.417298
3.412	-0.133569
3.413	0.17725
3.414	0.223474
3.415	-0.153016
3.416	-0.102009
3.417	0.205941
3.418	-0.032832
3.419	-0.097546
3.42	0.043677
3.421	-0.23622
3.422	-0.308266
3.423	0.04304
3.424	-0.376805
3.425	-0.173418
3.426	-0.59932
3.427	-0.040164
3.428	-0.060886
3.429	-0.041439
3.43	-0.225381
3.431	0.052603
3.432	0.117636
3.433	-0.234626
3.434	0.195102
3.435	0.132938
3.436	0.130069
3.437	0.068862
3.438	0.007016
3.439	0.162904
3.44	0.004466
3.441	0.040808
3.442	0.063761
3.443	-0.009242
3.444	0.212317
3.445	0.094046
3.446	-0.219005
3.447	0.19574
3.448	0.170874
3.449	-0.129425
3.45	-0.011154
3.451	0.124331
3.452	-0.07555
3.453	0.071731
3.454	-0.070768
3.455	-0.287863
3.456	-0.142814
3.457	-0.064711
3.458	-0.419523
3.459	0.095002
3.46	-0.627692
3.461	0.117636
3.462	0.069499
3.463	-0.18075
3.464	-0.286269
3.465	0.194146
3.466	-0.110617
3.467	0.049097
3.468	-0.066305
3.469	0.10871
3.47	0.168005
3.471	0.054516
3.472	0.029969
3.473	0.181075
3.474	0.121462
3.475	-0.028369
3.476	0.160673
3.477	-0.023587
3.478	0.248021
3.479	0.199565
3.48	-0.05706
3.481	-0.016893
3.482	0.00351
3.483	0.030926
3.484	-0.100097
3.485	0.195421
3.486	-0.131019
3.487	0.001278
3.488	0.014349
3.489	-0.108704
3.49	-0.137395
3.491	-0.001272
3.492	-0.83618
3.493	0.165773
3.494	0.143139
3.495	-0.367879
3.496	0.028694
3.497	-0.287226
3.498	-0.152378
3.499	0.075556
3.5	-0.285951
3.501	0.301896
3.502	0.05356
3.503	0.081932
3.504	0.146965
3.505	-0.05706
3.506	0.049415
3.507	0.171193
3.508	0.062167
3.509	-0.02295
3.51	0.27448
3.511	-0.102647
3.512	0.247065
3.513	-0.042077
3.514	0.088945
3.515	0.082888
3.516	-0.063755
3.517	-0.077781
3.518	0.066311
3.519	0.085757
3.52	0.005104
3.521	-0.102009
3.522	-0.130382
3.523	-0.300934
3.524	-0.116992
3.525	-0.023268
3.526	-0.164173
3.527	-0.108704
3.528	0.048459
3.529	-0.422392
3.53	-0.043671
3.531	-0.122731
3.532	-0.084157
3.533	0.046228
3.534	-0.197327
3.535	0.196377
3.536	0.088308
3.537	0.104566
3.538	0.041764
3.539	0.0271
3.54	0.049415
3.541	0.155891
3.542	-0.011473
3.543	0.071093
3.544	0.186495
3.545	-0.122731
3.546	0.208172
3.547	-0.08607
3.548	0.146327
3.549	0.043677
3.55	-0.003185
3.551	-0.113167
3.552	0.043996
3.553	0.165136
3.554	-0.045265
3.555	-0.135163
3.556	-0.163854
3.557	-0.345245
3.558	-0.106472
3.559	0.048459
3.56	-0.095634
3.561	-0.213586
3.562	-0.00446
3.563	-0.452996
3.564	0.131982
3.565	-0.104878
3.566	-0.176287
3.567	0.049097
3.568	-0.226975
3.569	0.281494
3.57	0.073962
3.571	0.181713
3.572	0.073643
3.573	0.080976
3.574	0.023275
3.575	0.05866
3.576	0.033157
3.577	0.051009
3.578	0.028057
3.579	0.05866
3.58	0.353859
3.581	-0.305397
3.582	0.132301
3.583	0.256309
3.584	-0.129425
3.585	-0.084795
3.586	0.211041
3.587	-0.226337
3.588	0.056429
3.589	0.002872
3.59	-0.062798
3.591	-0.32038
3.592	0.08767
3.593	-0.32038
3.594	0.000322
3.595	-0.173418
3.596	0.077788
3.597	0.094046
3.598	-0.202747
3.599	-0.442157
3.6	0.199246
3.601	-0.069174
3.602	0.016899
3.603	0.065674
3.604	0.02455
3.605	0.184263
3.606	0.109667
3.607	-0.003185
3.608	0.110942
3.609	0.177569
3.61	0.081613
3.611	0.146008
3.612	-0.081607
3.613	0.161948
3.614	0.204347
3.615	-0.091171
3.616	0.107116
3.617	0.026781
3.618	-0.084476
3.619	-0.032195
3.62	0.072368
3.621	0.072049
3.622	-0.042396
3.623	-0.025819
3.624	-0.136757
3.625	-0.189676
3.626	-0.012111
3.627	-0.407409
3.628	0.33505
3.629	-0.283082
3.63	0.05356
3.631	0.130388
3.632	-0.295195
3.633	-0.273518
3.634	0.081932
3.635	-0.054829
3.636	0.067905
3.637	0.055472
3.638	0.078425
3.639	0.155891
3.64	-0.056104
3.641	0.019768
3.642	0.096277
3.643	0.083207
3.644	0.023912
3.645	0.26938
3.646	-0.160667
3.647	0.210404
3.648	0.036026
3.649	-0.175968
3.65	0.259816
3.651	0.039852
3.652	-0.126556
3.653	0.056748
3.654	0.041764
3.655	-0.110935
3.656	0.155891
3.657	-0.052916
3.658	-0.329943
3.659	-0.090533
3.66	-0.040802
3.661	0.308591
3.662	0.053878
3.663	-0.136757
3.664	-0.341101
3.665	0.072049
3.666	-0.194458
3.667	-0.202109
3.668	0.044315
3.669	-0.258216
3.67	0.16928
3.671	0.04814
3.672	0.098828
3.673	0.043996
3.674	0.04814
3.675	-0.016574
3.676	0.130707
3.677	0.183626
3.678	0.032201
3.679	0.203072
3.68	-0.142814
3.681	0.31146
3.682	-0.124006
3.683	0.136445
3.684	0.063123
3.685	-0.133888
3.686	0.145371
3.687	-0.098503
3.688	0.13517
3.689	-0.14409
3.69	-0.036339
3.691	-0.184894
3.692	-0.136439
3.693	-0.040802
3.694	-0.187445
3.695	-0.005735
3.696	-0.358634
3.697	-0.117311
3.698	-0.354171
3.699	-0.110935
3.7	-0.217092
3.701	-0.023906
3.702	-0.044309
3.703	-0.191589
3.704	0.201159
3.705	0.048778
3.706	0.196696
3.707	0.065355
3.708	0.005423
3.709	0.117317
3.71	0.149196
3.711	0.043358
3.712	0.160035
3.713	0.138995
3.714	-0.026138
3.715	0.407097
3.716	-0.186807
3.717	0.148559
3.718	0.182988
3.719	-0.114761
3.72	-0.102966
3.721	0.142821
3.722	-0.005735
3.723	-0.039527
3.724	-0.072681
3.725	-0.178519
3.726	-0.42048
3.727	-0.006691
3.728	-0.168636
3.729	-0.04909
3.73	-0.023587
3.731	0.076831
3.732	-0.033151
3.733	-0.06248
3.734	-0.337594
3.735	0.046546
3.736	-0.021675
3.737	-0.193502
3.738	0.234951
3.739	0.068224
3.74	0.175975
3.741	0.004147
3.742	-0.044309
3.743	0.089583
3.744	0.052603
3.745	-0.001591
3.746	0.136126
3.747	-0.038889
3.748	0.184582
3.749	0.207854
3.75	-0.203703
3.751	0.127838
3.752	0.126244
3.753	-0.147596
3.754	-0.018805
3.755	0.054516
3.756	-0.034107
3.757	0.132301
3.758	-0.108066
3.759	-0.284357
3.76	-0.192545
3.761	-0.009879
3.762	-0.240683
3.763	0.230806
3.764	-0.165767
3.765	-0.221236
3.766	0.2273
3.767	-0.251521
3.768	-0.358634
3.769	0.140589
3.77	-0.151103
3.771	0.087033
3.772	0.029013
3.773	0.117955
3.774	0.156529
3.775	0.10074
3.776	-0.009561
3.777	0.157804
3.778	0.072687
3.779	0.10361
3.78	0.159079
3.781	-0.142177
3.782	0.355772
3.783	0.024231
3.784	-0.094677
3.785	0.194146
3.786	0.002872
3.787	-0.077144
3.788	-0.029963
3.789	-0.027413
3.79	0.069818
3.791	0.023275
3.792	-0.013386
3.793	-0.226656
3.794	-0.087664
3.795	-0.084476
3.796	-0.116355
3.797	0.099147
3.798	-0.238451
3.799	-0.041758
3.8	0.065992
3.801	-0.210398
3.802	-0.169274
3.803	0.123693
3.804	-0.243552
3.805	0.31146
3.806	-0.003504
3.807	0.171193
3.808	0.160035
3.809	-0.024862
3.81	0.049097
3.811	0.115724
3.812	0.073006
3.813	0.095321
3.814	0.255672
3.815	-0.169911
3.816	0.435788
3.817	0.021043
3.818	0.04304
3.819	0.21678
3.82	-0.024544
3.821	-0.168317
3.822	0.119549
3.823	-0.020081
3.824	-0.091489
3.825	-0.134845
3.826	-0.066943
3.827	-0.306991
3.828	-0.14919
3.829	0.113492
3.83	-0.539069
3.831	0.180119
3.832	0.05356
3.833	-0.458415
3.834	0.138676
3.835	-0.226337
3.836	-0.124325
3.837	0.076831
3.838	-0.281488
3.839	0.347164
3.84	0.085439
3.841	0.132301
3.842	0.004147
3.843	0.079382
3.844	0.051647
3.845	0.035389
3.846	0.2799
3.847	-0.00701
3.848	0.102334
3.849	0.102653
3.85	0.333775
3.851	-0.155566
3.852	0.206897
3.853	0.207854
3.854	-0.195733
3.855	-0.063755
3.856	-0.009879
3.857	0.07715
3.858	-0.101691
3.859	0.014349
3.86	-0.300934
3.861	-0.189039
3.862	-0.043352
3.863	-0.26778
3.864	0.112217
3.865	-0.158754
3.866	-0.003185
3.867	0.016261
3.868	-0.16226
3.869	-0.326437
3.87	0.233357
3.871	-0.12815
3.872	0.011161
3.873	0.00351
3.874	0.049734
3.875	0.15876
3.876	0.057385
3.877	-0.008604
3.878	0.161948
3.879	0.115086
3.88	-0.006054
3.881	0.118911
3.882	-0.045265
3.883	0.241964
3.884	0.215504
3.885	-0.14664
3.886	0.071412
3.887	-0.022631
3.888	0.017855
3.889	-0.00701
3.89	0.021362
3.891	-0.024544
3.892	-0.106791
3.893	-0.176287
3.894	-0.186488
3.895	-0.187764
3.896	0.065036
3.897	-0.18075
3.898	0.081932
3.899	-0.226018
3.9	-0.063117
3.901	0.092452
3.902	-0.118905
3.903	-0.302528
3.904	0.13772
3.905	-0.272561
3.906	0.23782
3.907	-0.01498
3.908	0.112217
3.909	0.167367
3.91	-0.083201
3.911	0.08512
3.912	0.122418
3.913	0.093727
3.914	-0.112529
3.915	0.378087
3.916	-0.086389
3.917	0.226981
3.918	0.053241
3.919	-0.047178
3.92	0.113492
3.921	0.029013
3.922	-0.139308
3.923	-0.017849
3.924	0.091177
3.925	-0.055147
3.926	-0.07555
3.927	-0.061204
3.928	-0.103922
3.929	-0.377762
3.93	0.130388
3.931	-0.268417
3.932	0.11413
3.933	-0.215817
3.934	0.050372
3.935	0.119549
3.936	-0.299659
3.937	-0.242914
3.938	0.130069
3.939	-0.127194
3.94	0.104885
3.941	0.091496
3.942	0.073643
3.943	0.163542
3.944	-0.086707
3.945	0.020406
3.946	0.025825
3.947	0.045909
3.948	0.061211
3.949	0.295521
3.95	-0.100097
3.951	0.299027
3.952	-0.073637
3.953	0.014349
3.954	0.210404
3.955	-0.039845
3.956	-0.173737
3.957	0.146646
3.958	-0.051641
3.959	-0.034107
3.96	-0.063117
3.961	-0.08862
3.962	-0.336957
3.963	-0.142496
3.964	-0.077781
3.965	0.115086
3.966	-0.242277
3.967	0.05866
3.968	-0.341739
3.969	-0.031557
3.97	-0.396252
3.971	0.109029
3.972	0.06918
3.973	-0.187764
3.974	0.189683
3.975	-0.006373
3.976	0.051328
3.977	0.127519
3.978	-0.139308
3.979	0.127519
3.98	0.189683
3.981	0.090858
3.982	0.014667
3.983	0.016899
3.984	0.105841
3.985	0.321342
3.986	-0.203703
3.987	0.182032
3.988	0.00606
3.989	-0.101372
3.99	0.09309
3.991	-0.142496
3.992	0.200203
3.993	-0.072681
3.994	-0.182025
3.995	-0.169274
3.996	-0.158116
3.997	0.010523
3.998	-0.233669
3.999	-0.012748
4	-0.124006
4.001	-0.148553
4.002	-0.188401
4.003	-0.042077
4.004	-0.224106
4.005	-0.068855
4.006	0.001597
4.007	-0.168636
4.008	0.299027
4.009	0.085439
4.01	0.256309
4.011	-0.043033
4.012	0.083526
4.013	0.111898
4.014	0.033476
4.015	0.098828
4.016	0.061529
4.017	0.096277
4.018	0.068862
4.019	0.389563
4.02	-0.238132
4.021	0.19032
4.022	0.181394
4.023	-0.11763
4.024	-0.010517
4.025	0.149196
4.026	-0.285313
4.027	0.106797
4.028	-0.050047
4.029	-0.218049
4.03	-0.142177
4.031	-0.121455
4.032	0.166092
4.033	0.100422
4.034	-0.305397
4.035	0.175337
4.036	0.093408
4.037	-0.034107
4.038	-0.40199
4.039	0.055472
4.04	0.05866
4.041	-0.102966
4.042	0.10074
4.043	0.028057
4.044	0.177887
4.045	0.012436
4.046	0.042083
4.047	0.146646
4.048	0.060573
4.049	0.148878
4.05	0.124968
4.051	-0.125919
4.052	0.195102
4.053	0.108073
4.054	-0.133569
4.055	0.213592
4.056	0.097553
4.057	-0.067261
4.058	-0.04399
4.059	-0.024862
4.06	-0.141858
4.061	0.115086
4.062	-0.058016
4.063	-0.246421
4.064	-0.056104
4.065	-0.027732
4.066	-0.13867
4.067	0.160673
4.068	-0.224424
4.069	-0.131976
4.07	0.077469
4.071	-0.239089
4.072	-0.164173
4.073	0.029013
4.074	-0.18075
4.075	0.192552
4.076	-0.016255
4.077	0.139633
4.078	0.177887
4.079	-0.007329
4.08	-0.013705
4.081	0.184901
4.082	0.089583
4.083	-0.030601
4.084	0.322618
4.085	-0.163854
4.086	0.241645
4.087	-0.047178
4.088	0.01658
4.089	0.229212
4.09	-0.007329
4.091	-0.245146
4.092	0.137082
4.093	0.010204
4.094	-0.163217
4.095	-0.089258
4.096	-0.022312
4.097	-0.175968
4.098	-0.196052
4.099	0.107116
4.1	-0.342376
4.101	0.094365
4.102	-0.026456
4.103	-0.511334
4.104	0.244833
4.105	-0.285632
4.106	-0.142496
4.107	0.121781
4.108	-0.262041
4.109	0.2273
4.11	0.102016
4.111	0.089583
4.112	0.091814
4.113	0.017537
4.114	0.081294
4.115	0.073006
4.116	0.036983
4.117	-0.01753
4.118	0.05866
4.119	0.147284
4.12	0.336963
4.121	-0.116992
4.122	0.190639
4.123	0.117636
4.124	0.001916
4.125	-0.073318
4.126	-0.04399
4.127	0.063761
4.128	-0.148871
4.129	0.101378
4.13	-0.152378
4.131	-0.165767
4.132	-0.031557
4.133	-0.377443
4.134	0.286594
4.135	-0.42303
4.136	-0.101691
4.137	-0.102647
4.138	0.007654
4.139	-0.343014
4.14	0.089264
4.141	-0.079694
4.142	-0.134526
4.143	0.123374
4.144	0.062486
4.145	0.16131
4.146	0.089264
4.147	-0.032513
4.148	0.180438
4.149	0.156847
4.15	-0.002228
4.151	0.128794
4.152	-0.033151
4.153	0.079063
4.154	0.35354
4.155	-0.233032
4.156	0.113492
4.157	-0.002228
4.158	-0.028369
4.159	-0.023906
4.16	0.095002
4.161	-0.109979
4.162	-0.088301
4.163	0.047821
4.164	-0.155566
4.165	-0.256941
4.166	-0.021675
4.167	-0.467979
4.168	-0.008604
4.169	-0.352259
4.17	-0.056423
4.171	-0.094677
4.172	-0.133251
4.173	-0.321655
4.174	0.118911
4.175	-0.105516
4.176	0.049734
4.177	0.051009
4.178	0.082251
4.179	0.226343
4.18	-0.079375
4.181	0.045271
4.182	0.109667
4.183	0.143458
4.184	0.024869
4.185	0.320386
4.186	-0.134845
4.187	0.174381
4.188	0.060892
4.189	-0.124643
4.19	0.14027
4.191	0.097553
4.192	-0.080013
4.193	-0.043352
4.194	0.043677
4.195	-0.248652
4.196	-0.018487
4.197	-0.091171
4.198	-0.1256
4.199	-0.131657
4.2	-0.006373
4.201	-0.626417
4.202	0.291057
4.203	-0.465748
4.204	-0.042715
4.205	0.126244
4.206	-0.222193
4.207	-0.268417
4.208	0.102334
4.209	-0.274793
4.21	0.210723
4.211	0.002553
4.212	0.143777
4.213	0.124012
4.214	-0.032195
4.215	0.029013
4.216	0.109348
4.217	0.118911
4.218	0.093408
4.219	0.223474
4.22	-0.10711
4.221	0.128156
4.222	0.018812
4.223	0.064399
4.224	0.133895
4.225	-0.035382
4.226	-0.197965
4.227	0.041127
4.228	0.219649
4.229	-0.253434
4.23	-0.155247
4.231	-0.169911
4.232	-0.269692
4.233	-0.121455
4.234	0.042402
4.235	-0.340145
4.236	0.184263
4.237	-0.263954
4.238	-0.084795
4.239	-0.011473
4.24	-0.078419
4.241	-0.169593
4.242	0.07715
4.243	-0.17565
4.244	0.152703
4.245	0.09564
4.246	0.089583
4.247	0.097553
4.248	0.051328
4.249	-0.011473
4.25	0.078425
4.251	0.167367
4.252	-0.01243
4.253	0.143458
4.254	0.044634
4.255	0.249934
4.256	-0.157479
4.257	0.149515
4.258	0.24834
4.259	-0.184257
4.26	-0.043352
4.261	0.180756
4.262	-0.034107
4.263	-0.040802
4.264	-0.175012
4.265	-0.157797
4.266	-0.226656
4.267	-0.054829
4.268	-0.27033
4.269	0.138358
4.27	-0.02805
4.271	0.020087
4.272	0.104247
4.273	-0.153016
4.274	-0.371067
4.275	0.197015
4.276	-0.047178
4.277	-0.12815
4.278	0.133895
4.279	0.060254
4.28	0.134213
4.281	0.06408
4.282	-0.110617
4.283	0.207854
4.284	0.181394
4.285	0.055472
4.286	0.116361
4.287	0.025506
4.288	0.075875
4.289	0.072049
4.29	-0.020081
4.291	0.107754
4.292	0.084801
4.293	-0.106791
4.294	-0.095952
4.295	0.077788
4.296	0.223155
4.297	0.005104
4.298	-0.015936
4.299	0.019768
4.3	-0.35449
4.301	-0.098503
4.302	-0.152697
4.303	-0.293283
4.304	-0.232075
4.305	-0.236857
4.306	-0.164811
4.307	-0.117311
4.308	-0.218049
4.309	-0.061842
4.31	0.044952
4.311	-0.183938
4.312	0.216142
4.313	0.10361
4.314	0.199884
4.315	-0.062161
4.316	0.043358
4.317	0.088626
4.318	-0.115398
4.319	0.073962
4.32	0.063442
4.321	-0.051322
4.322	0.204028
4.323	0.173106
4.324	-0.268736
4.325	0.204347
4.326	0.027738
4.327	-0.087345
4.328	-0.012111
4.329	0.046546
4.33	-0.185851
4.331	0.162904
4.332	0.029332
4.333	-0.317511
4.334	-0.145046
4.335	-0.079057
4.336	-0.253434
4.337	0.061529
4.338	-0.240683
4.339	-0.381269
4.34	0.062805
4.341	-0.147596
4.342	-0.265867
4.343	0.118911
4.344	-0.089577
4.345	0.113492
4.346	-0.010198
4.347	0.157485
4.348	0.059617
4.349	0.1798
4.35	-0.017211
4.351	0.11923
4.352	0.158122
4.353	0.015624
4.354	0.149834
4.355	-0.115398
4.356	0.363423
4.357	-0.057379
4.358	0.105522
4.359	0.048778
4.36	-0.090852
4.361	0.145371
4.362	-0.026775
4.363	0.131982
4.364	0.038258
4.365	-0.094677
4.366	-0.226656
4.367	-0.215817
4.368	-0.061204
4.369	-0.25981
4.37	-0.247058
4.371	-0.275431
4.372	0.087351
4.373	-0.296789
4.374	-0.123368
4.375	-0.240364
4.376	-0.035064
4.377	-0.01498
4.378	-0.288501
4.379	0.352265
4.38	0.036664
4.381	0.118911
4.382	0.067905
4.383	-0.103603
4.384	0.053241
4.385	0.109985
4.386	0.003829
4.387	0.082569
4.388	0.200521
4.389	-0.109341
4.39	0.269699
4.391	-0.049409
4.392	0.084482
4.393	0.155253
4.394	-0.075869
4.395	-0.039845
4.396	0.027419
4.397	0.023275
4.398	-0.084795
4.399	-0.140264
4.4	-0.183619
4.401	-0.146002
4.402	-0.048453
4.403	-0.016893
4.404	0.259179
4.405	0.328356
4.406	-0.350346
4.407	-0.198602
4.408	-0.038889
4.409	-0.166086
4.41	-0.163536
4.411	0.009567
4.412	-0.205616
4.413	0.362147
4.414	-0.004779
4.415	0.22985
4.416	0.013073
4.417	0.065674
4.418	0.076512
4.419	0.072687
4.42	0.149515
4.421	0.03507
4.422	0.22985
4.423	-0.127194
4.424	0.365973
4.425	-0.046221
4.426	0.007654
4.427	0.241326
4.428	-0.03857
4.429	-0.150146
4.43	0.176612
4.431	-0.218367
4.432	-0.058335
4.433	0.087989
4.434	-0.101053
4.435	-0.226975
4.436	-0.130063
4.437	0.053241
4.438	0.209448
4.439	-0.423986
4.44	0.215186
4.441	-0.079694
4.442	-0.016574
4.443	-0.370111
4.444	-0.003185
4.445	0.027738
4.446	-0.150465
4.447	0.160035
4.448	0.012117
4.449	0.100422
4.45	0.043996
4.451	0.040808
4.452	0.038895
4.453	0.093408
4.454	0.065036
4.455	0.062486
4.456	0.012755
4.457	0.095321
4.458	0.203709
4.459	-0.11508
4.46	0.19287
4.461	0.098828
4.462	-0.214861
4.463	0.014986
4.464	0.046228
4.465	-0.152378
4.466	0.031563
4.467	-0.179475
4.468	-0.000316
4.469	-0.384775
4.47	0.029969
4.471	-0.29137
4.472	0.302853
4.473	-0.294877
4.474	-0.283719
4.475	0.136126
4.476	-0.18075
4.477	-0.211354
4.478	0.143777
4.479	-0.268417
4.48	0.186813
4.481	0.074281
4.482	0.116042
4.483	0.167367
4.484	-0.010198
4.485	0.035707
4.486	0.154297
4.487	-0.008285
4.488	-0.003822
4.489	0.283088
4.49	-0.091489
4.491	0.193189
4.492	-0.029963
4.493	0.123374
4.494	0.076512
4.495	-0.067899
4.496	0.029332
4.497	-0.035701
4.498	0.038577
4.499	-0.071087
4.5	0.081932
4.501	-0.30444
4.502	-0.347796
4.503	-0.061204
4.504	-0.082563
4.505	-0.256303
4.506	0.175018
4.507	-0.098821
4.508	-0.334725
4.509	0.020087
4.51	-0.327393
4.511	-0.098503
4.512	0.040808
4.513	-0.277981
4.514	0.205941
4.515	-0.020399
4.516	0.185857
4.517	0.100103
4.518	0.034432
4.519	0.058979
4.52	0.029013
4.521	0.175018
4.522	0.03507
4.523	0.126562
4.524	0.030926
4.525	0.407734
4.526	-0.22825
4.527	0.134851
4.528	0.082251
4.529	-0.156522
4.53	0.065355
4.531	0.083207
