0	0.029651
0.001	0.166411
0.002	-0.111254
0.003	0.028057
0.004	-0.018487
0.005	0.102016
0.006	0.434513
0.007	-0.213267
0.008	0.031244
0.009	-0.042396
0.01	0.006698
0.011	-0.021993
0.012	-0.072681
0.013	0.031244
0.014	-0.036339
0.015	-0.037295
0.016	-0.1307
0.017	-0.097546
0.018	-0.129744
0.019	0.147921
0.02	-0.134845
0.021	-0.101691
0.022	0.022956
0.023	-0.027094
0.024	0.001916
0.025	-0.303484
0.026	0.153978
0.027	-0.042396
0.028	0.01913
0.029	-0.007648
0.03	0.175018
0.031	0.088626
0.032	0.100103
0.033	-0.020081
0.034	-0.038889
0.035	0.207216
0.036	-0.077781
0.037	0.19829
0.038	0.01658
0.039	0.251209
0.04	0.045271
0.041	0.01658
0.042	0.013711
0.043	-0.029007
0.044	-0.010198
0.045	0.01658
0.046	-0.033151
0.047	-0.013386
0.048	-0.075869
0.049	0.039533
0.05	-0.090214
0.051	-0.094996
0.052	-0.108704
0.053	0.083207
0.054	-0.219005
0.055	0.044315
0.056	-0.24387
0.057	0.052603
0.058	-0.091489
0.059	-0.279894
0.06	0.04559
0.061	-0.103603
0.062	0.184263
0.063	0.029651
0.064	0.071412
0.065	0.09022
0.066	0.00606
0.067	0.092452
0.068	0.147921
0.069	0.124968
0.07	0.010204
0.071	0.144415
0.072	0.001278
0.073	0.203072
0.074	-0.014661
0.075	-0.075869
0.076	-0.002866
0.077	0.05356
0.078	-0.081607
0.079	-0.018168
0.08	-0.029325
0.081	0.057704
0.082	-0.148871
0.083	0.076831
0.084	-0.09659
0.085	-0.105516
0.086	-0.084476
0.087	-0.213267
0.088	-0.162898
0.089	-0.03602
0.09	-0.254709
0.091	0.162904
0.092	-0.204659
0.093	-0.088939
0.094	-0.073637
0.095	-0.250884
0.096	0.222199
0.097	0.107435
0.098	0.095321
0.099	0.133257
0.1	-0.057379
0.101	0.008929
0.102	0.202115
0.103	0.01658
0.104	-0.056741
0.105	0.08512
0.106	0.057385
0.107	0.253122
0.108	-0.06503
0.109	0.003829
0.11	0.018812
0.111	-0.008604
0.112	-0.005416
0.113	-0.014024
0.114	0.059935
0.115	-0.050684
0.116	-0.174056
0.117	-0.011154
0.118	-0.093402
0.119	-0.06248
0.12	-0.043352
0.121	-0.021037
0.122	-0.27288
0.123	-0.0255
0.124	-0.340464
0.125	0.097553
0.126	-0.26236
0.127	-0.021356
0.128	-0.058016
0.129	-0.203065
0.13	0.223793
0.131	0.141545
0.132	0.124012
0.133	0.11668
0.134	-0.04399
0.135	0.05611
0.136	0.087351
0.137	0.102334
0.138	0.172787
0.139	-0.03347
0.14	0.051328
0.141	0.27735
0.142	-0.138033
0.143	0.080657
0.144	0.005104
0.145	-0.071406
0.146	0.027419
0.147	-0.116036
0.148	0.068862
0.149	-0.05451
0.15	-0.074912
0.151	-0.064711
0.152	-0.107429
0.153	-0.065986
0.154	-0.098184
0.155	-0.119862
0.156	-0.375849
0.157	0.093408
0.158	-0.179475
0.159	-0.014024
0.16	-0.297108
0.161	0.00351
0.162	-0.107748
0.163	-0.092764
0.164	0.137082
0.165	0.098828
0.166	0.110623
0.167	0.065992
0.168	-0.036658
0.169	0.097871
0.17	0.218692
0.171	0.097871
0.172	0.096915
0.173	0.004147
0.174	0.074281
0.175	0.321661
0.176	-0.105516
0.177	0.115724
0.178	-0.117949
0.179	0.030607
0.18	-0.032832
0.181	0.001916
0.182	-0.100734
0.183	0.063442
0.184	-0.05961
0.185	-0.15716
0.186	-0.056741
0.187	-0.161304
0.188	-0.01498
0.189	-0.08065
0.19	-0.05706
0.191	-0.118586
0.192	0.013392
0.193	-0.000316
0.194	-0.403584
0.195	0.059935
0.196	-0.096909
0.197	0.029969
0.198	-0.012748
0.199	0.135807
0.2	0.074919
0.201	0.078744
0.202	-0.059929
0.203	0.220924
0.204	-0.008923
0.205	-0.08065
0.206	0.233675
0.207	-0.054191
0.208	0.190639
0.209	0.165455
0.21	-0.150146
0.211	0.033476
0.212	-0.105835
0.213	-0.003185
0.214	0.050372
0.215	-0.056104
0.216	0.031882
0.217	-0.013705
0.218	-0.035382
0.219	-0.152697
0.22	-0.130063
0.221	-0.077144
0.222	-0.143771
0.223	-0.135163
0.224	0.124968
0.225	-0.214861
0.226	0.114767
0.227	-0.072043
0.228	-0.263317
0.229	0.040171
0.23	-0.146321
0.231	0.141864
0.232	0.061529
0.233	0.129113
0.234	0.105841
0.235	0.097234
0.236	0.094365
0.237	0.169599
0.238	0.09564
0.239	-0.029963
0.24	0.20881
0.241	0.065036
0.242	0.235269
0.243	0.066949
0.244	0.041127
0.245	-0.023268
0.246	0.032838
0.247	-0.032513
0.248	-0.000634
0.249	-0.003185
0.25	0.035389
0.251	-0.154928
0.252	0.006698
0.253	-0.075231
0.254	-0.127512
0.255	-0.015936
0.256	-0.035064
0.257	-0.124006
0.258	0.109348
0.259	-0.252478
0.26	0.204984
0.261	-0.279894
0.262	-0.029325
0.263	-0.060886
0.264	-0.202109
0.265	0.183307
0.266	0.098828
0.267	0.062486
0.268	0.112536
0.269	-0.112529
0.27	0.25886
0.271	0.096915
0.272	-0.060886
0.273	0.041127
0.274	0.059935
0.275	0.034114
0.276	0.260773
0.277	-0.039845
0.278	-0.036339
0.279	0.0271
0.28	0.0271
0.281	-0.04399
0.282	0.069499
0.283	-0.020081
0.284	-0.078738
0.285	-0.184576
0.286	-0.035701
0.287	-0.101691
0.288	-0.057379
0.289	0.068224
0.29	-0.086389
0.291	-0.223149
0.292	-0.018805
0.293	-0.311773
0.294	0.135488
0.295	-0.294558
0.296	0.012436
0.297	-0.069493
0.298	-0.181388
0.299	0.230806
0.3	0.065355
0.301	0.115086
0.302	0.0797
0.303	-0.058654
0.304	0.058023
0.305	0.069818
0.306	0.096277
0.307	0.141227
0.308	0.03252
0.309	0.066311
0.31	0.239732
0.311	-0.166724
0.312	0.141227
0.313	-0.033151
0.314	-0.062798
0.315	0.044634
0.316	-0.055785
0.317	-0.000316
0.318	-0.065667
0.319	-0.068855
0.32	-0.130063
0.321	-0.020399
0.322	-0.119224
0.323	0.10871
0.324	-0.090533
0.325	-0.253115
0.326	0.149515
0.327	-0.060886
0.328	0.033795
0.329	-0.251521
0.33	-0.047496
0.331	-0.103922
0.332	-0.124643
0.333	0.186495
0.334	0.09819
0.335	0.123056
0.336	0.052603
0.337	-0.041439
0.338	0.13772
0.339	0.039214
0.34	0.199884
0.341	0.11668
0.342	0.041127
0.343	-0.004141
0.344	0.212954
0.345	-0.050366
0.346	0.136126
0.347	-0.058335
0.348	-0.050684
0.349	0.033476
0.35	-0.131976
0.351	-0.029644
0.352	0.029651
0.353	-0.07555
0.354	-0.04909
0.355	-0.029007
0.356	-0.077463
0.357	-0.023268
0.358	-0.157797
0.359	-0.01498
0.36	-0.157797
0.361	0.062805
0.362	-0.089895
0.363	-0.211035
0.364	0.065674
0.365	-0.13867
0.366	0.036026
0.367	0.01403
0.368	0.141545
0.369	0.109348
0.37	0.138039
0.371	-0.002547
0.372	0.218055
0.373	0.063442
0.374	-0.080969
0.375	0.192552
0.376	-0.067899
0.377	0.267786
0.378	0.021681
0.379	0.029969
0.38	0.041446
0.381	-0.017211
0.382	-0.016574
0.383	-0.006373
0.384	-0.065667
0.385	0.073643
0.386	-0.016574
0.387	0.001278
0.388	-0.056741
0.389	-0.073956
0.39	-0.066305
0.391	-0.377124
0.392	-0.02805
0.393	-0.016893
0.394	-0.330581
0.395	0.049415
0.396	-0.133569
0.397	-0.229206
0.398	0.04304
0.399	-0.275431
0.4	0.1747
0.401	0.065674
0.402	0.060892
0.403	0.173743
0.404	-0.024225
0.405	0.082569
0.406	0.130707
0.407	0.094046
0.408	0.065036
0.409	0.125606
0.41	-0.05706
0.411	0.284044
0.412	-0.13612
0.413	0.06663
0.414	-0.10711
0.415	-0.034107
0.416	-0.023906
0.417	0.015943
0.418	-0.04654
0.419	-0.097865
0.42	-0.147596
0.421	-0.058335
0.422	-0.034107
0.423	-0.181388
0.424	-0.140583
0.425	-0.061204
0.426	-0.132613
0.427	-0.063755
0.428	-0.316873
0.429	0.114767
0.43	-0.174056
0.431	-0.102966
0.432	-0.063117
0.433	-0.214223
0.434	0.238457
0.435	0.097871
0.436	0.070137
0.437	0.077788
0.438	-0.027413
0.439	0.100103
0.44	0.003829
0.441	-0.043671
0.442	0.112854
0.443	-0.023268
0.444	-0.117949
0.445	0.279262
0.446	-0.053553
0.447	0.121781
0.448	-0.016893
0.449	-0.153334
0.45	0.044315
0.451	0.029969
0.452	-0.06248
0.453	-0.037933
0.454	-0.000634
0.455	-0.138351
0.456	-0.044946
0.457	-0.167999
0.458	-0.071406
0.459	-0.035382
0.46	-0.270011
0.461	0.180756
0.462	-0.155247
0.463	0.149196
0.464	-0.273518
0.465	-0.029007
0.466	0.02455
0.467	-0.199559
0.468	0.202753
0.469	0.14824
0.47	0.078106
0.471	0.073962
0.472	-0.042396
0.473	0.212954
0.474	0.327399
0.475	0.088626
0.476	0.047503
0.477	-0.05706
0.478	0.005423
0.479	0.365335
0.48	-0.118586
0.481	0.130707
0.482	-0.026456
0.483	-0.089577
0.484	0.041446
0.485	-0.10966
0.486	0.098509
0.487	-0.069812
0.488	-0.051959
0.489	-0.032513
0.49	-0.085751
0.491	-0.132294
0.492	-0.061523
0.493	0.084482
0.494	-0.409003
0.495	0.040489
0.496	-0.302209
0.497	0.00861
0.498	-0.357041
0.499	-0.019443
0.5	-0.116355
0.501	-0.081288
0.502	0.178206
0.503	0.106479
0.504	0.125606
0.505	0.083526
0.506	-0.038252
0.507	-0.013705
0.508	0.000322
0.509	0.090858
0.51	0.076512
0.511	0.133576
0.512	0.2799
0.513	0.059298
0.514	0.01148
0.515	-0.03857
0.516	0.000959
0.517	0.01913
0.518	-0.108385
0.519	0.029332
0.52	0.037939
0.521	-0.126556
0.522	-0.088301
0.523	-0.113167
0.524	-0.10456
0.525	-0.093083
0.526	0.094683
0.527	-0.016893
0.528	-0.088301
0.529	-0.250884
0.53	0.048459
0.531	-0.031876
0.532	-0.257897
0.533	0.057385
0.534	-0.155247
0.535	0.136445
0.536	0.088626
0.537	0.036026
0.538	0.075875
0.539	-0.033151
0.54	0.017218
0.541	-0.266823
0.542	-0.030919
0.543	0.130707
0.544	0.211041
0.545	-0.068855
0.546	0.223474
0.547	0.119549
0.548	-0.087345
0.549	0.028375
0.55	-0.019762
0.551	-0.031876
0.552	0.013073
0.553	-0.09659
0.554	-0.10456
0.555	-0.042077
0.556	-0.051641
0.557	-0.136757
0.558	-0.161623
0.559	-0.055785
0.56	-0.321974
0.561	-0.116992
0.562	0.015305
0.563	-0.243552
0.564	0.031244
0.565	-0.123049
0.566	-0.171505
0.567	0.051328
0.568	-0.186807
0.569	0.186813
0.57	0.080019
0.571	0.032201
0.572	0.074919
0.573	-0.004779
0.574	0.033157
0.575	0.039852
0.576	-0.020081
0.577	0.172787
0.578	0.194783
0.579	-0.078419
0.58	0.127838
0.581	-0.070449
0.582	0.100103
0.583	0.014986
0.584	-0.119543
0.585	0.065674
0.586	-0.043352
0.587	-0.145046
0.588	-0.117949
0.589	0.028694
0.59	-0.078419
0.591	-0.033789
0.592	-0.111892
0.593	-0.167999
0.594	-0.143452
0.595	-0.162898
0.596	0.031563
0.597	-0.27288
0.598	0.101378
0.599	-0.153653
0.6	-0.175012
0.601	0.013711
0.602	-0.164811
0.603	0.163223
0.604	0.118911
0.605	0.113173
0.606	0.076512
0.607	-0.007967
0.608	0.080976
0.609	0.21678
0.61	0.09819
0.611	0.071093
0.612	0.18522
0.613	-0.031557
0.614	0.302215
0.615	-0.040802
0.616	0.096915
0.617	0.037939
0.618	-0.079694
0.619	0.00351
0.62	-0.022312
0.621	0.067905
0.622	-0.139308
0.623	-0.022312
0.624	-0.042077
0.625	-0.106791
0.626	-0.065349
0.627	-0.001591
0.628	0.083207
0.629	-0.108385
0.63	0.065036
0.631	-0.175331
0.632	0.153978
0.633	-0.305397
0.634	-0.072681
0.635	-0.056423
0.636	-0.151422
0.637	0.23782
0.638	0.097871
0.639	0.085439
0.64	0.124968
0.641	-0.058973
0.642	0.074281
0.643	0.195421
0.644	0.061848
0.645	0.077469
0.646	0.047184
0.647	0.010523
0.648	0.245789
0.649	-0.158754
0.65	0.072368
0.651	-0.02805
0.652	0.025506
0.653	0.006698
0.654	-0.139626
0.655	0.006379
0.656	-0.103603
0.657	-0.028369
0.658	-0.067261
0.659	-0.106791
0.66	-0.024862
0.661	-0.084476
0.662	0.111898
0.663	-0.105197
0.664	-0.164492
0.665	-0.097228
0.666	-0.020399
0.667	-0.368836
0.668	0.079063
0.669	-0.119543
0.67	-0.018487
0.671	0.097234
0.672	0.147284
0.673	0.051328
0.674	0.083845
0.675	-0.093083
0.676	-0.359591
0.677	0.043677
0.678	-0.002228
0.679	0.287551
0.68	-0.014024
0.681	0.186176
0.682	0.105203
0.683	-0.042077
0.684	0.04814
0.685	-0.076506
0.686	-0.022631
0.687	-0.005735
0.688	-0.033789
0.689	-0.035382
0.69	-0.148553
0.691	-0.001591
0.692	-0.137395
0.693	-0.123049
0.694	-0.102009
0.695	0.003191
0.696	0.040489
0.697	-0.000634
0.698	-0.249609
0.699	0.044315
0.7	-0.091808
0.701	-0.218049
0.702	0.131982
0.703	-0.147596
0.704	0.104566
0.705	0.03507
0.706	0.104885
0.707	0.129431
0.708	0.113173
0.709	0.002553
0.71	-0.206572
0.711	0.265236
0.712	-0.03857
0.713	0.109029
0.714	0.057704
0.715	0.182988
0.716	0.064399
0.717	-0.043033
0.718	0.063123
0.719	-0.03857
0.72	-0.008604
0.721	0.063123
0.722	-0.029007
0.723	-0.069174
0.724	-0.120818
0.725	0.039533
0.726	-0.15971
0.727	-0.02295
0.728	-0.061204
0.729	-0.406134
0.73	-0.164492
0.731	-0.073
0.732	-0.295195
0.733	0.063761
0.734	-0.092764
0.735	-0.218049
0.736	0.015305
0.737	-0.116992
0.738	0.205303
0.739	0.022956
0.74	0.061529
0.741	0.061529
0.742	-0.006691
0.743	0.074281
0.744	0.00351
0.745	0.216142
0.746	0.011798
0.747	0.25089
0.748	0.022637
0.749	0.168005
0.75	-0.037933
0.751	0.03507
0.752	0.009567
0.753	-0.035064
0.754	-0.027413
0.755	-0.101372
0.756	0.018812
0.757	-0.041758
0.758	-0.028369
0.759	0.105203
0.76	-0.177562
0.761	-0.072043
0.762	-0.169274
0.763	-0.063436
0.764	-0.093402
0.765	-0.09914
0.766	-0.248652
0.767	0.143777
0.768	-0.152378
0.769	-0.140902
0.77	-0.099459
0.771	-0.158116
0.772	0.171512
0.773	0.05866
0.774	0.058342
0.775	0.063761
0.776	-0.055785
0.777	0.039852
0.778	0.504327
0.779	-0.073318
0.78	0.027419
0.781	0.089264
0.782	-0.043033
0.783	0.325487
0.784	-0.157479
0.785	0.080338
0.786	0.033476
0.787	-0.103922
0.788	0.018174
0.789	-0.056104
0.79	0.046865
0.791	-0.082563
0.792	-0.131019
0.793	0.01658
0.794	-0.188401
0.795	-0.08352
0.796	0.001597
0.797	-0.121774
0.798	-0.028688
0.799	-0.008923
0.8	-0.118268
0.801	0.045909
0.802	-0.280531
0.803	0.021362
0.804	-0.124962
0.805	-0.126875
0.806	0.24834
0.807	0.106797
0.808	0.094365
0.809	0.10361
0.81	-0.08065
0.811	0.318473
0.812	0.292333
0.813	-0.097865
0.814	0.114767
0.815	-0.034107
0.816	-0.017849
0.817	0.341426
0.818	-0.182982
0.819	0.179481
0.82	-0.08065
0.821	-0.024862
0.822	0.014349
0.823	-0.06758
0.824	-0.020718
0.825	-0.110617
0.826	-0.016893
0.827	-0.044309
0.828	-0.152059
0.829	-0.05961
0.83	-0.051641
0.831	0.082888
0.832	-0.100415
0.833	-0.104241
0.834	-0.024862
0.835	0.097234
0.836	-0.380631
0.837	0.101378
0.838	-0.120818
0.839	-0.048134
0.84	0.156529
0.841	0.104885
0.842	0.075556
0.843	0.096915
0.844	-0.071406
0.845	0.126562
0.846	0.344933
0.847	0.02455
0.848	0.113811
0.849	-0.029644
0.85	0.215186
0.851	0.060254
0.852	-0.044946
0.853	0.142183
0.854	-0.080013
0.855	0.030288
0.856	-0.003185
0.857	-0.047178
0.858	0.024231
0.859	-0.079694
0.86	0.025187
0.861	-0.192227
0.862	-0.097865
0.863	0.013392
0.864	0.14027
0.865	0.034114
0.866	-0.147596
0.867	-0.231756
0.868	0.023275
0.869	-0.037614
0.87	-0.230481
0.871	0.069818
0.872	-0.140264
0.873	0.089902
0.874	-0.003504
0.875	0.145371
0.876	0.068862
0.877	0.112536
0.878	-0.04654
0.879	0.000959
0.88	0.243558
0.881	0.041764
0.882	0.141227
0.883	-0.097546
0.884	0.247702
0.885	0.145052
0.886	-0.149509
0.887	0.042402
0.888	0.009567
0.889	-0.024225
0.89	-0.011473
0.891	-0.0255
0.892	-0.050684
0.893	-0.1307
0.894	-0.058016
0.895	-0.212948
0.896	-0.087026
0.897	-0.049728
0.898	-0.069174
0.899	-0.064392
0.9	-0.043352
0.901	-0.211673
0.902	0.112854
0.903	-0.126875
0.904	-0.167999
0.905	0.04559
0.906	-0.148234
0.907	0.192233
0.908	0.046228
0.909	0.018174
0.91	0.146008
0.911	-0.024225
0.912	0.051647
0.913	0.017855
0.914	0.144733
0.915	-0.090214
0.916	0.17183
0.917	3.128e-06
0.918	0.11923
0.919	0.063123
0.92	-0.10711
0.921	0.072368
0.922	-0.042077
0.923	-0.001591
0.924	0.034751
0.925	-0.017211
0.926	-0.070449
0.927	-0.027732
0.928	0.046865
0.929	-0.15174
0.93	-0.134845
0.931	-0.14919
0.932	-0.128469
0.933	-0.003185
0.934	0.085757
0.935	-0.081607
0.936	0.107116
0.937	-0.214223
0.938	-0.043033
0.939	-0.047815
0.94	-0.215179
0.941	0.23782
0.942	0.072049
0.943	0.06408
0.944	0.091496
0.945	-0.052278
0.946	0.086076
0.947	0.211998
0.948	-0.153653
0.949	-0.045584
0.95	0.09819
0.951	-0.037614
0.952	0.223474
0.953	-0.126237
0.954	0.235269
0.955	0.00861
0.956	-0.092764
0.957	0.140589
0.958	0.017218
0.959	-0.05706
0.96	-0.012748
0.961	-0.028688
0.962	-0.093083
0.963	-0.065667
0.964	-0.165767
0.965	0.149196
0.966	-0.219005
0.967	-0.202109
0.968	0.151747
0.969	-0.045902
0.97	0.056429
0.971	-0.284994
0.972	-0.034107
0.973	0.033795
0.974	-0.261723
0.975	0.175656
0.976	0.158441
0.977	0.039214
0.978	0.091496
0.979	-0.111254
0.98	0.203391
0.981	0.517079
0.982	-0.041758
0.983	0.099147
0.984	-0.072362
0.985	0.063123
0.986	0.319748
0.987	-0.030282
0.988	0.064399
0.989	-0.058654
0.99	-0.064392
0.991	-0.00446
0.992	-0.088301
0.993	0.109985
0.994	-0.106472
0.995	-0.034745
0.996	-0.087664
0.997	-0.093083
0.998	-0.139626
0.999	0.03762
1	0.115405
1.001	-0.253115
1.002	-0.00701
1.003	-0.110617
1.004	0.090858
1.005	-0.277662
1.006	-0.000953
1.007	-0.088301
1.008	-0.116674
1.009	0.042402
1.01	0.129431
1.011	0.109985
1.012	0.068862
1.013	-0.027732
1.014	0.116042
1.015	0.305722
1.016	0.051966
1.017	0.17725
1.018	-0.051959
1.019	0.115086
1.02	0.193508
1.021	-0.16513
1.022	0.105203
1.023	-0.181388
1.024	0.038258
1.025	-0.073956
1.026	0.014667
1.027	-0.091489
1.028	0.102972
1.029	-0.031557
1.03	-0.148553
1.031	-0.077463
1.032	-0.126237
1.033	0.303809
1.034	-0.016574
1.035	-0.146959
1.036	-0.077463
1.037	-0.047496
1.038	-0.036339
1.039	-0.281806
1.04	0.091496
1.041	-0.159391
1.042	0.071731
1.043	-0.009242
1.044	0.134851
1.045	0.096596
1.046	0.127519
1.047	-0.010198
1.048	0.191277
1.049	-0.075869
1.05	0.036983
1.051	0.236545
1.052	-0.22283
1.053	0.178844
1.054	-0.082563
1.055	0.056429
1.056	0.030607
1.057	-0.177244
1.058	0.032201
1.059	-0.199559
1.06	0.076831
1.061	-0.083838
1.062	-0.026775
1.063	0.072049
1.064	-0.167999
1.065	-0.016255
1.066	-0.173099
1.067	-0.264911
1.068	-0.212948
1.069	0.028375
1.07	-0.160348
1.071	-0.056741
1.072	-0.08607
1.073	-0.155566
1.074	0.062486
1.075	-0.190314
1.076	0.14027
1.077	0.037301
1.078	0.11126
1.079	0.029969
1.08	0.000322
1.081	0.088308
1.082	0.200521
1.083	0.166411
1.084	0.010204
1.085	0.062805
1.086	0.04304
1.087	0.228894
1.088	-0.037933
1.089	0.043677
1.09	0.017855
1.091	-0.093721
1.092	0.044634
1.093	-0.166405
1.094	0.117317
1.095	-0.099778
1.096	-0.001591
1.097	-0.008923
1.098	-0.067899
1.099	-0.131019
1.1	-0.186807
1.101	-0.052916
1.102	-0.215817
1.103	-0.027413
1.104	-0.213267
1.105	0.025825
1.106	-0.114442
1.107	-0.158116
1.108	-0.037295
1.109	-0.241001
1.11	0.202753
1.111	0.129431
1.112	0.151747
1.113	0.031244
1.114	0.002235
1.115	0.089583
1.116	0.06663
1.117	-0.167042
1.118	0.076194
1.119	0.121781
1.12	-0.102966
1.121	0.211041
1.122	-0.12018
1.123	0.253759
1.124	-0.058973
1.125	-0.077781
1.126	0.066949
1.127	0.03762
1.128	-0.034107
1.129	0.050053
1.13	0.001597
1.131	-0.189676
1.132	-0.034426
1.133	-0.16513
1.134	-0.15716
1.135	-0.181388
1.136	-0.205297
1.137	0.144733
1.138	-0.053235
1.139	-0.020399
1.14	-0.324524
1.141	0.01658
1.142	-0.015936
1.143	-0.132932
1.144	0.150153
1.145	0.125287
1.146	0.079382
1.147	0.081932
1.148	-0.079694
1.149	0.107116
1.15	0.170874
1.151	-0.0781
1.152	0.154935
1.153	-0.065986
1.154	0.028057
1.155	0.350352
1.156	-0.225381
1.157	0.116999
1.158	-0.029644
1.159	-0.051641
1.16	0.033157
1.161	-0.114442
1.162	0.047503
1.163	-0.089895
1.164	-0.05706
1.165	-0.100415
1.166	-0.124006
1.167	-0.123368
1.168	-0.036658
1.169	0.04559
1.17	-0.39147
1.171	-0.001272
1.172	-0.257897
1.173	0.012117
1.174	-0.338551
1.175	-0.008604
1.176	-0.085432
1.177	-0.057379
1.178	0.09022
1.179	0.118911
1.18	0.132619
1.181	0.071731
1.182	-0.010198
1.183	0.04559
1.184	0.155253
1.185	0.063123
1.186	0.111898
1.187	0.132938
1.188	0.129431
1.189	0.052922
1.19	-0.090214
1.191	-0.00191
1.192	0.059935
1.193	0.010204
1.194	-0.060886
1.195	-0.018487
1.196	0.114767
1.197	-0.098503
1.198	-0.057379
1.199	-0.105516
1.2	-0.132932
1.201	-0.10456
1.202	-0.182663
1.203	0.091496
1.204	0.061529
1.205	-0.223468
1.206	0.088626
1.207	-0.045902
1.208	-0.237495
1.209	0.03507
1.21	-0.115398
1.211	0.196377
1.212	0.05356
1.213	0.060573
1.214	0.062805
1.215	0.006698
1.216	0.065355
1.217	-0.349071
1.218	-0.055466
1.219	0.155891
1.22	0.265873
1.221	-0.042715
1.222	0.301259
1.223	0.105203
1.224	-0.005735
1.225	0.10361
1.226	-0.071406
1.227	-0.046859
1.228	0.058023
1.229	-0.049728
1.23	-0.049409
1.231	0.055472
1.232	0.018174
1.233	-0.139626
1.234	-0.05961
1.235	-0.101053
1.236	-0.061204
1.237	0.10074
1.238	-0.093083
1.239	-0.048453
1.24	0.018174
1.241	0.010523
1.242	-0.23335
1.243	0.090539
1.244	-0.189995
1.245	0.189045
1.246	0.034114
1.247	0.061848
1.248	0.051328
1.249	-0.006373
1.25	0.075875
1.251	0.27735
1.252	0.05866
1.253	0.017855
1.254	0.16673
1.255	-0.077463
1.256	0.241008
1.257	-0.053553
1.258	0.077788
1.259	0.00351
1.26	-0.152059
1.261	0.039214
1.262	-0.042715
1.263	-0.146002
1.264	-0.082244
1.265	0.074281
1.266	-0.110617
1.267	-0.043352
1.268	-0.121774
1.269	-0.226337
1.27	-0.169911
1.271	-0.171505
1.272	0.127838
1.273	-0.155885
1.274	0.079382
1.275	-0.18075
1.276	-0.200834
1.277	0.041764
1.278	-0.233032
1.279	0.215823
1.28	0.174381
1.281	0.097871
1.282	0.054835
1.283	-0.03347
1.284	0.065355
1.285	0.054516
1.286	-0.113486
1.287	0.009248
1.288	0.112536
1.289	-0.077463
1.29	0.197971
1.291	-0.256622
1.292	0.258541
1.293	-0.093083
1.294	-0.043352
1.295	0.050691
1.296	-0.031876
1.297	-0.033789
1.298	-0.126237
1.299	-0.012748
1.3	-0.170549
1.301	-0.068537
1.302	-0.124962
1.303	-0.277025
1.304	-0.026138
1.305	-0.511653
1.306	0.081932
1.307	-0.123368
1.308	-0.022312
1.309	-0.233988
1.31	-0.073637
1.311	-0.083838
1.312	-0.218049
1.313	0.199884
1.314	0.163542
1.315	0.147602
1.316	0.043358
1.317	0.005104
1.318	0.075237
1.319	0.146008
1.32	-0.14122
1.321	0.143777
1.322	0.00606
1.323	0.099465
1.324	0.393389
1.325	-0.213267
1.326	0.229531
1.327	-0.157797
1.328	0.001597
1.329	0.052285
1.33	-0.067899
1.331	-0.018805
1.332	-0.063436
1.333	0.01658
1.334	-0.182982
1.335	-0.035064
1.336	-0.102647
1.337	0.047821
1.338	0.237182
1.339	-0.292008
1.34	-0.027094
1.341	-0.072043
1.342	-0.063436
1.343	-0.310179
1.344	0.020406
1.345	-0.140902
1.346	-0.050366
1.347	0.023912
1.348	0.113811
1.349	0.112217
1.35	0.080976
1.351	0.03507
1.352	0.160992
1.353	-0.146321
1.354	0.079063
1.355	0.193508
1.356	-0.134845
1.357	0.099784
1.358	0.030607
1.359	0.060892
1.36	0.096277
1.361	-0.179156
1.362	-0.013705
1.363	-0.105197
1.364	0.046228
1.365	-0.072681
1.366	0.060254
1.367	-0.072681
1.368	-0.123687
1.369	-0.022312
1.37	-0.175968
1.371	0.173106
1.372	-0.01498
1.373	-0.06503
1.374	-0.054191
1.375	-0.10966
1.376	-0.033789
1.377	-0.283719
1.378	0.120187
1.379	-0.145365
1.38	0.117636
1.381	-0.019762
1.382	0.155891
1.383	0.083845
1.384	0.080976
1.385	-0.000634
1.386	0.102972
1.387	0.358322
1.388	0.167686
1.389	0.206578
1.39	-0.105835
1.391	0.180438
1.392	-0.018168
1.393	0.138039
1.394	0.031563
1.395	-0.17565
1.396	0.022318
1.397	-0.132294
1.398	-0.000953
1.399	-0.214861
1.4	0.131025
1.401	-0.051959
1.402	-0.147277
1.403	-0.01498
1.404	-0.194458
1.405	-0.019762
1.406	-0.057379
1.407	0.153978
1.408	-0.161304
1.409	0.020406
1.41	-0.014342
1.411	-0.197646
1.412	0.052285
1.413	-0.142496
1.414	0.143777
1.415	0.038895
1.416	0.065036
1.417	0.077788
1.418	-0.020718
1.419	0.066311
1.42	-0.211354
1.421	-0.019124
1.422	0.190639
1.423	0.246746
1.424	-0.058335
1.425	0.364698
1.426	-0.110298
1.427	0.199884
1.428	0.071093
1.429	-0.073637
1.43	0.020724
1.431	-0.093721
1.432	-0.094677
1.433	-0.155566
1.434	0.014667
1.435	-0.066305
1.436	-0.043352
1.437	-0.094996
1.438	-0.313366
1.439	-0.155566
1.44	-0.138351
1.441	0.065036
1.442	-0.073637
1.443	-0.040802
1.444	-0.167042
1.445	-0.122412
1.446	-0.045902
1.447	-0.226975
1.448	0.234951
1.449	0.140908
1.45	0.133576
1.451	0.040489
1.452	-0.013705
1.453	0.083526
1.454	0.042083
1.455	0.03252
1.456	0.204666
1.457	0.046228
1.458	-0.011154
1.459	0.290101
1.46	-0.053235
1.461	0.223793
1.462	-0.053872
1.463	-0.175012
1.464	0.0746
1.465	0.021681
1.466	-0.088301
1.467	-0.049409
1.468	-0.015936
1.469	-0.142177
1.47	-0.061204
1.471	-0.19669
1.472	0.149515
1.473	-0.159073
1.474	-0.326756
1.475	0.1798
1.476	-0.052916
1.477	0.029969
1.478	-0.378399
1.479	-0.01753
1.48	0.006698
1.481	-0.219642
1.482	0.138358
1.483	0.161948
1.484	0.059935
1.485	0.121143
1.486	-0.106791
1.487	0.170874
1.488	0.125287
1.489	-0.122412
1.49	0.143139
1.491	-0.045265
1.492	0.15621
1.493	0.279262
1.494	-0.111254
1.495	0.116042
1.496	-0.117949
1.497	-0.00701
1.498	0.055472
1.499	-0.039208
1.5	0.038895
1.501	-0.095634
1.502	-0.011154
1.503	-0.110298
1.504	-0.069174
1.505	-0.160985
1.506	0.062486
1.507	0.138995
1.508	-0.203065
1.509	-0.031876
1.51	-0.109979
1.511	0.113492
1.512	-0.324205
1.513	0.028375
1.514	-0.089895
1.515	-0.064392
1.516	0.049097
1.517	0.144415
1.518	0.084482
1.519	0.082569
1.52	-0.017211
1.521	0.088945
1.522	0.182988
1.523	-0.012111
1.524	0.172468
1.525	-0.009561
1.526	0.142502
1.527	0.222837
1.528	-0.114123
1.529	0.06408
1.53	-0.036976
1.531	-0.003822
1.532	0.0746
1.533	-0.054829
1.534	-0.015618
1.535	0.027419
1.536	-0.002547
1.537	-0.168955
1.538	-0.142177
1.539	-0.107429
1.54	0.181075
1.541	-0.03602
1.542	-0.106791
1.543	-0.185532
1.544	-0.017211
1.545	-0.013705
1.546	-0.331856
1.547	0.111579
1.548	-0.167999
1.549	0.202434
1.55	0.02455
1.551	0.125606
1.552	0.09819
1.553	0.087989
1.554	0.007973
1.555	0.092452
1.556	0.03507
1.557	0.122418
1.558	0.230806
1.559	-0.143452
1.56	0.14824
1.561	0.089264
1.562	0.18777
1.563	0.047503
1.564	-0.196052
1.565	0.036345
1.566	-0.032513
1.567	-0.008923
1.568	-0.103603
1.569	0.016899
1.57	-0.073956
1.571	-0.047815
1.572	-0.104878
1.573	-0.110935
1.574	-0.175968
1.575	-0.109023
1.576	-0.032832
1.577	-0.262998
1.578	0.042721
1.579	-0.10966
1.58	-0.113486
1.581	0.04559
1.582	-0.196371
1.583	0.128475
1.584	0.083845
1.585	0.101059
1.586	0.065992
1.587	0.046865
1.588	0.095321
1.589	0.102972
1.59	0.109348
1.591	0.050053
1.592	0.104247
1.593	-0.055785
1.594	0.387969
1.595	-0.031557
1.596	-0.005416
1.597	0.013073
1.598	-0.05706
1.599	-0.07555
1.6	0.047503
1.601	0.043996
1.602	-0.085432
1.603	-0.135163
1.604	-0.024225
1.605	-0.043033
1.606	-0.149828
1.607	-0.181707
1.608	-0.042396
1.609	-0.324205
1.61	0.122418
1.611	-0.177562
1.612	0.01403
1.613	-0.087026
1.614	-0.1256
1.615	-0.07013
1.616	-0.22825
1.617	0.154297
1.618	0.115086
1.619	0.129431
1.62	0.056429
1.621	-0.082563
1.622	0.141864
1.623	0.042083
1.624	0.030288
1.625	0.160354
1.626	0.077788
1.627	-0.005416
1.628	0.19829
1.629	-0.189995
1.63	0.26396
1.631	-0.037614
1.632	-0.03857
1.633	0.068224
1.634	-0.061842
1.635	-0.047178
1.636	0.105522
1.637	-0.013067
1.638	-0.159391
1.639	-0.055785
1.64	-0.171505
1.641	-0.13867
1.642	0.04814
1.643	-0.37553
1.644	0.141864
1.645	-0.076506
1.646	0.050372
1.647	-0.309541
1.648	0.007973
1.649	-0.02295
1.65	-0.180431
1.651	0.168324
1.652	0.162904
1.653	0.040171
1.654	0.05866
1.655	-0.089895
1.656	0.070455
1.657	0.249934
1.658	-0.103285
1.659	0.130069
1.66	-0.044309
1.661	0.054835
1.662	0.443757
1.663	-0.251521
1.664	0.16928
1.665	-0.082244
1.666	-0.024544
1.667	0.021362
1.668	-0.055147
1.669	0.05611
1.67	-0.134845
1.671	0.029013
1.672	-0.137395
1.673	-0.119862
1.674	-0.134845
1.675	-0.05706
1.676	0.104885
1.677	-0.245146
1.678	-0.098821
1.679	-0.110935
1.68	0.14027
1.681	-0.357997
1.682	0.052603
1.683	-0.025181
1.684	-0.039527
1.685	0.032838
1.686	0.129431
1.687	0.146646
1.688	0.056748
1.689	-0.008285
1.69	-0.043033
1.691	0.141864
1.692	-0.000316
1.693	0.063123
1.694	0.114767
1.695	0.1272
1.696	0.146646
1.697	-0.107429
1.698	-0.051003
1.699	0.04559
1.7	-0.009561
1.701	-0.072362
1.702	-0.051641
1.703	-0.087664
1.704	-0.058654
1.705	-0.002547
1.706	-0.073
1.707	-0.170549
1.708	-0.055466
1.709	0.03762
1.71	-0.079375
1.711	0.076512
1.712	-0.164492
1.713	-0.00701
1.714	-0.016893
1.715	-0.218049
1.716	0.071731
1.717	-0.189995
1.718	0.157166
1.719	0.063761
1.72	0.047821
1.721	0.09022
1.722	0.014667
1.723	0.042083
1.724	0.121143
1.725	-0.142496
1.726	0.09309
1.727	0.217417
1.728	-0.139308
1.729	0.231444
1.73	-0.016893
1.731	0.164817
1.732	0.073962
1.733	-0.175331
1.734	0.071731
1.735	-0.063117
1.736	-0.082563
1.737	-0.085114
1.738	0.072687
1.739	-0.079694
1.74	-0.049409
1.741	-0.006691
1.742	-0.172781
1.743	-0.118586
1.744	-0.08607
1.745	-0.014024
1.746	-0.197008
1.747	-0.021037
1.748	-0.161623
1.749	-0.249609
1.75	0.033157
1.751	-0.271924
1.752	0.122737
1.753	0.06408
1.754	0.139633
1.755	0.050372
1.756	0.004147
1.757	0.076194
1.758	0.115405
1.759	0.0271
1.76	0.09564
1.761	0.207854
1.762	-0.127831
1.763	0.263642
1.764	-0.037933
1.765	0.182032
1.766	-0.029325
1.767	-0.119862
1.768	0.075556
1.769	-0.007329
1.77	-0.062161
1.771	-0.109023
1.772	-0.020718
1.773	-0.05706
1.774	-0.089895
1.775	-0.098184
1.776	-0.194458
1.777	-0.216136
1.778	-0.388919
1.779	0.093408
1.78	-0.262679
1.781	0.031563
1.782	-0.299659
1.783	-0.093402
1.784	0.01148
1.785	-0.231119
1.786	0.191595
1.787	0.220286
1.788	0.093727
1.789	0.065355
1.79	-0.065349
1.791	-0.082563
1.792	0.25344
1.793	-0.136757
1.794	0.140908
1.795	0.00861
1.796	0.05866
1.797	0.316242
1.798	-0.169593
1.799	0.132938
1.8	-0.033789
1.801	-0.025181
1.802	0.007335
1.803	-0.123049
1.804	0.123374
1.805	-0.09914
1.806	-0.074593
1.807	-0.08607
1.808	-0.084157
1.809	-0.148553
1.81	-0.129744
1.811	-0.053553
1.812	-0.429406
1.813	0.080019
1.814	-0.162579
1.815	-0.03602
1.816	-0.253434
1.817	-0.055785
1.818	-0.069812
1.819	-0.085751
1.82	0.126244
1.821	0.11668
1.822	0.120187
1.823	0.047821
1.824	0.021043
1.825	0.102653
1.826	0.107435
1.827	-0.002228
1.828	0.339195
1.829	-0.013067
1.83	0.105522
1.831	0.15079
1.832	-0.052916
1.833	0.233038
1.834	-0.130063
1.835	-0.011154
1.836	-0.027732
1.837	-0.122412
1.838	-0.034426
1.839	0.118911
1.84	-0.061523
1.841	-0.117949
1.842	0.00606
1.843	-0.189676
1.844	0.02455
1.845	0.191277
1.846	-0.212629
1.847	0.196696
1.848	0.014667
1.849	-0.058335
1.85	-0.22283
1.851	0.074919
1.852	-0.150465
1.853	-0.011154
1.854	0.043358
1.855	0.12975
1.856	0.107116
1.857	0.163861
1.858	0.020406
1.859	0.117636
1.86	-0.002866
1.861	0.038577
1.862	0.113492
1.863	-0.062161
1.864	0.252484
1.865	0.083845
1.866	0.010842
1.867	0.036664
1.868	-0.177244
1.869	0.088626
1.87	-0.00701
1.871	-0.070449
1.872	0.061211
1.873	-0.073956
1.874	0.054835
1.875	-0.172462
1.876	-0.020081
1.877	-0.137395
1.878	-0.061204
1.879	0.112217
1.88	-0.1256
1.881	-0.043352
1.882	-0.06248
1.883	0.027419
1.884	-0.271605
1.885	0.104247
1.886	-0.157797
1.887	0.123693
1.888	0.089902
1.889	0.054516
1.89	0.102016
1.891	-0.030601
1.892	0.063123
1.893	-0.00446
1.894	0.117636
1.895	0.038258
1.896	0.105522
1.897	0.000641
1.898	0.250571
1.899	-0.03857
1.9	0.031244
1.901	0.009567
1.902	-0.033789
1.903	0.065674
1.904	-0.086389
1.905	0.011798
1.906	-0.036339
1.907	-0.004141
1.908	-0.011473
1.909	-0.100415
1.91	-0.074275
1.911	-0.219642
1.912	-0.159391
1.913	-0.106472
1.914	-0.016255
1.915	-0.108704
1.916	-0.076506
1.917	-0.125281
1.918	-0.243552
1.919	0.081932
1.92	-0.226975
1.921	0.183307
1.922	0.051647
1.923	0.123693
1.924	0.061211
1.925	-0.030919
1.926	0.107754
1.927	0.078425
1.928	0.105203
1.929	0.08767
1.93	0.264917
1.931	-0.107748
1.932	0.233038
1.933	-0.114761
1.934	0.21678
1.935	0.081932
1.936	-0.16768
1.937	0.114448
1.938	0.005104
1.939	-0.063117
1.94	-0.078419
1.941	-0.089258
1.942	-0.118905
1.943	-0.069493
1.944	-0.088939
1.945	-0.247377
1.946	-0.093083
1.947	-0.263635
1.948	0.066949
1.949	-0.113167
1.95	0.120187
1.951	-0.336638
1.952	0.005741
1.953	0.012755
1.954	-0.249609
1.955	0.157804
1.956	0.168643
1.957	0.077788
1.958	0.094683
1.959	-0.06758
1.96	0.091177
1.961	0.05356
1.962	-0.026775
1.963	0.080976
1.964	-0.033151
1.965	0.05356
1.966	0.326762
1.967	-0.071087
1.968	0.030926
1.969	-0.034107
1.97	0.00606
1.971	-0.011473
1.972	0.004147
1.973	0.090858
1.974	-0.101691
1.975	-0.119224
1.976	0.002872
1.977	-0.108385
1.978	-0.099459
1.979	-0.129106
1.98	-0.045902
1.981	-0.31783
1.982	0.053241
1.983	-0.101372
1.984	-0.023587
1.985	-0.275112
1.986	-0.041758
1.987	-0.078419
1.988	-0.121137
1.989	0.102972
1.99	0.119868
1.991	0.144415
1.992	0.082251
1.993	-0.003822
1.994	0.151747
1.995	0.167367
1.996	0.011798
1.997	0.226343
1.998	-0.090852
1.999	0.128475
2	0.188407
2.001	-0.13612
2.002	0.24834
2.003	-0.178519
2.004	0.046228
2.005	0.18777
2.006	-0.101691
2.007	0.063761
2.008	0.024869
2.009	-0.042715
2.01	-0.175331
2.011	-0.072043
2.012	-0.16226
2.013	-0.04654
2.014	0.10074
2.015	-0.213267
2.016	0.081932
2.017	-0.043033
2.018	-0.067899
2.019	-0.358953
2.02	0.026463
2.021	-0.060886
2.022	-0.02295
2.023	0.033795
2.024	0.137401
2.025	0.064399
2.026	0.056748
2.027	0.023594
2.028	0.099147
2.029	0.084801
2.03	-0.042396
2.031	0.146327
2.032	-0.010836
2.033	0.344614
2.034	0.107435
2.035	0.041764
2.036	-0.011473
2.037	-0.218049
2.038	0.052922
2.039	0.006698
2.04	-0.04654
2.041	0.018812
