4.532	0.023594
4.533	-0.035382
4.534	0.068862
4.535	-0.285951
4.536	-0.237813
4.537	-0.021356
4.538	-0.092764
4.539	-0.072043
4.54	0.264917
4.541	-0.231119
4.542	-0.174056
4.543	3.128e-06
4.544	-0.311454
4.545	-0.10711
4.546	-0.007329
4.547	-0.337276
4.548	0.321342
4.549	0.011161
4.55	0.223793
4.551	-0.005416
4.552	0.086076
4.553	0.059298
4.554	0.023912
4.555	0.037301
4.556	0.172468
4.557	0.352265
4.558	-0.045902
4.559	0.335369
4.56	-0.192227
4.561	0.16673
4.562	0.225387
4.563	-0.026456
4.564	-0.029325
4.565	0.141864
4.566	-0.09659
4.567	-0.114761
4.568	-0.083201
4.569	0.039852
4.57	-0.306034
4.571	0.078425
4.572	-0.371386
4.573	-0.006691
4.574	-0.582743
4.575	0.111579
4.576	-0.093083
4.577	-0.200196
4.578	-0.350665
4.579	0.05356
4.58	-0.039208
4.581	-0.007329
4.582	0.109348
4.583	0.062167
4.584	0.213592
4.585	-0.083201
4.586	0.033476
4.587	0.117636
4.588	0.074281
4.589	-0.095952
4.59	0.21136
4.591	0.142183
4.592	-0.133569
4.593	0.309866
4.594	-0.180431
4.595	0.175337
4.596	0.155253
4.597	-0.071087
4.598	-0.227612
4.599	0.176931
4.6	-0.103285
4.601	-0.064711
4.602	-0.082244
4.603	-0.23622
4.604	-0.34939
4.605	0.050053
4.606	-0.307309
4.607	0.243877
4.608	-0.245146
4.609	-0.039208
4.61	0.149196
4.611	-0.204659
4.612	-0.398802
4.613	0.13772
4.614	-0.076825
4.615	0.013392
4.616	0.204984
4.617	0.037939
4.618	0.190639
4.619	-0.092127
4.62	0.053878
4.621	0.061848
4.622	0.056429
4.623	0.023275
4.624	0.226662
4.625	-0.025181
4.626	0.164817
4.627	0.032201
4.628	-0.111892
4.629	0.1798
4.63	-0.023906
4.631	0.070774
4.632	-0.102966
4.633	0.00861
4.634	0.006379
4.635	0.11413
4.636	-0.217411
4.637	-0.266504
4.638	-0.057379
4.639	-0.008923
4.64	0.033157
4.641	0.004147
4.642	-0.047496
4.643	-0.457778
4.644	0.148878
4.645	-0.348433
4.646	-0.023268
4.647	-0.001272
4.648	-0.197646
4.649	0.256947
4.65	-0.028688
4.651	0.133576
4.652	0.085439
4.653	-0.034745
4.654	0.029013
4.655	0.173743
4.656	0.154297
4.657	0.079382
4.658	0.089902
4.659	-0.053235
4.66	0.40359
4.661	0.000322
4.662	0.05866
4.663	0.065036
4.664	-0.048453
4.665	-0.069493
4.666	0.043996
4.667	0.005741
4.668	-0.04654
4.669	0.134532
4.67	-0.103922
4.671	-0.23877
4.672	-0.166405
4.673	-0.055466
4.674	-0.139308
4.675	0.069818
4.676	-0.270011
4.677	-0.281169
4.678	-0.069493
4.679	-0.261404
4.68	-0.080013
4.681	-0.02805
4.682	-0.329306
4.683	0.42463
4.684	-0.065986
4.685	0.193189
4.686	0.05866
4.687	0.036026
4.688	0.065674
4.689	-0.031876
4.69	0.028375
4.691	0.040808
4.692	0.041127
4.693	0.119868
4.694	0.28787
4.695	-0.170868
4.696	0.166092
4.697	0.122099
4.698	-0.096909
4.699	-0.08352
4.7	0.077469
4.701	-0.037614
4.702	0.025506
4.703	-0.037614
4.704	-0.24674
4.705	-0.105197
4.706	-0.052278
4.707	-0.227293
4.708	0.076194
4.709	-0.248652
4.71	-0.007648
4.711	-0.039208
4.712	-0.125919
4.713	-0.307309
4.714	0.26396
4.715	-0.110298
4.716	0.022956
4.717	0.028057
4.718	0.03507
4.719	0.092452
4.72	0.153659
4.721	-0.022312
4.722	0.123374
4.723	0.175018
4.724	0.015943
4.725	0.127838
4.726	-0.098821
4.727	0.221561
4.728	0.281813
4.729	-0.171187
4.73	0.053878
4.731	0.007654
4.732	0.028694
4.733	0.013073
4.734	-0.013386
4.735	0.075556
4.736	-0.077463
4.737	-0.071406
4.738	-0.161942
4.739	-0.225381
4.74	-0.026775
4.741	-0.576367
4.742	0.068862
4.743	0.005104
4.744	-0.316554
4.745	0.09022
4.746	-0.179156
4.747	-0.171824
4.748	0.050053
4.749	-0.298702
4.75	0.309228
4.751	0.063761
4.752	0.081613
4.753	0.186176
4.754	-0.080969
4.755	0.068862
4.756	0.159079
4.757	0.077469
4.758	0.03507
4.759	0.296158
4.76	-0.169911
4.761	0.347483
4.762	0.069499
4.763	0.004147
4.764	0.0797
4.765	0.046228
4.766	-0.059292
4.767	-0.032195
4.768	0.088626
4.769	-0.180431
4.77	0.013711
4.771	-0.054191
4.772	-0.191908
4.773	-0.136439
4.774	-0.023587
4.775	-0.120818
4.776	0.193827
4.777	-0.335682
4.778	-0.226656
4.779	-0.030282
4.78	-0.207847
4.781	-0.28085
4.782	0.132301
4.783	-0.21231
4.784	0.261729
4.785	-0.005097
4.786	0.14569
4.787	0.09564
4.788	0.015624
4.789	0.057066
4.79	0.112536
4.791	0.106479
4.792	-0.024225
4.793	0.310822
4.794	-0.158754
4.795	0.122737
4.796	0.032201
4.797	0.17725
4.798	0.152384
4.799	-0.015299
4.8	-0.180113
4.801	0.077788
4.802	0.278306
4.803	-0.060886
4.804	-0.057379
4.805	-0.065667
4.806	-0.313366
4.807	-0.235582
4.808	0.078744
4.809	0.012436
4.81	0.257585
4.811	-0.224743
4.812	-0.256303
4.813	-0.048134
4.814	-0.144727
4.815	-0.198284
4.816	0.049415
4.817	-0.197008
4.818	0.270017
4.819	0.081932
4.82	0.122418
4.821	0.021362
4.822	0.094046
4.823	0.044315
4.824	0.055472
4.825	0.044634
4.826	0.036026
4.827	0.154935
4.828	-0.091489
4.829	0.311779
4.83	-0.14919
4.831	0.092133
4.832	0.216142
4.833	-0.155247
4.834	-0.103603
4.835	0.215823
4.836	-0.011473
4.837	0.051966
4.838	-0.05706
4.839	-0.106791
4.84	-0.318786
4.841	0.017218
4.842	-0.028369
4.843	0.122099
4.844	-0.216136
4.845	0.067905
4.846	-0.06503
4.847	-0.082563
4.848	-0.414423
4.849	0.135807
4.85	-0.086389
4.851	-0.078738
4.852	0.177887
4.853	0.01148
4.854	0.115724
4.855	0.066949
4.856	0.014349
4.857	0.136126
4.858	0.201797
4.859	-0.023906
4.86	0.152065
4.861	0.040808
4.862	0.237182
4.863	0.16131
4.864	-0.003185
4.865	0.092771
4.866	-0.016574
4.867	0.017537
4.868	-0.15971
4.869	-0.01243
4.87	0.113811
4.871	-0.09659
4.872	-0.091489
4.873	-0.093721
4.874	-0.144408
4.875	-0.021356
4.876	-0.351621
4.877	0.061211
4.878	-0.330262
4.879	0.00861
4.88	0.024231
4.881	-0.247058
4.882	-0.237176
4.883	0.198609
4.884	-0.110617
4.885	0.104566
4.886	0.018493
4.887	0.065355
4.888	0.136445
4.889	0.048778
4.89	0.024869
4.891	0.165455
4.892	0.121143
4.893	0.0746
4.894	0.146965
4.895	-0.095315
4.896	0.307953
4.897	0.193189
4.898	-0.147596
4.899	0.117317
4.9	-0.081607
4.901	-0.022312
4.902	0.046865
4.903	0.057066
4.904	-0.130063
4.905	-0.029644
4.906	-0.075231
4.907	-0.258535
4.908	-0.116036
4.909	-0.00701
4.91	-0.06503
4.911	0.060254
4.912	-0.26778
4.913	-0.178519
4.914	-0.010836
4.915	-0.044309
4.916	-0.26778
4.917	0.163542
4.918	-0.28085
4.919	0.253122
4.92	0.09564
4.921	0.092133
4.922	0.137082
4.923	0.004147
4.924	0.007973
4.925	0.137082
4.926	0.050053
4.927	0.083845
4.928	0.167686
4.929	0.067268
4.93	0.230169
4.931	-0.117311
4.932	0.184901
4.933	-0.003185
4.934	-0.078419
4.935	-0.049728
4.936	0.08512
4.937	-0.027094
4.938	-0.019124
4.939	0.148878
4.94	-0.226975
4.941	-0.114761
4.942	-0.046859
4.943	-0.219642
4.944	0.383825
4.945	-0.505915
4.946	0.138676
4.947	-0.058016
4.948	0.026781
4.949	-0.319742
4.95	0.048778
4.951	-0.070449
4.952	-0.157797
4.953	0.166411
4.954	0.056429
4.955	0.084163
4.956	0.105203
4.957	-0.086389
4.958	0.1798
4.959	0.203391
4.96	-0.04399
4.961	0.077788
4.962	-0.016574
4.963	0.124012
4.964	0.380956
4.965	-0.180431
4.966	0.073325
4.967	0.005423
4.968	0.010204
4.969	-0.082882
4.97	0.062486
4.971	0.136126
4.972	-0.229844
4.973	0.033157
4.974	-0.179156
4.975	-0.244827
4.976	-0.034426
4.977	-0.220599
4.978	0.071412
4.979	-0.14409
4.98	-0.089895
4.981	-0.063436
4.982	-0.053553
4.983	-0.3309
4.984	0.149196
4.985	-0.206253
4.986	0.079382
4.987	0.075237
4.988	0.158122
4.989	0.122099
4.99	0.105841
4.991	0.030607
4.992	0.077469
4.993	0.112217
4.994	-0.041758
4.995	0.289145
4.996	-0.071724
4.997	0.215823
4.998	0.264598
4.999	-0.108704
5	0.086714
5.001	0.03507
5.002	0.019768
5.003	-0.028369
5.004	0.010204
5.005	0.104885
5.006	-0.033789
5.007	-0.041439
5.008	-0.073
5.009	-0.300934
5.01	0.01403
5.011	-0.321336
5.012	0.011161
5.013	-0.084157
5.014	0.068224
5.015	-0.072681
5.016	-0.105835
5.017	-0.203703
5.018	-0.058016
5.019	-0.071724
5.02	-0.084476
5.021	0.144096
5.022	0.074281
5.023	0.232082
5.024	-0.114761
5.025	0.039852
5.026	0.117317
5.027	0.048778
5.028	0.131663
5.029	0.138039
5.03	0.026781
5.031	0.146008
5.032	0.161948
5.033	-0.080969
5.034	0.165455
5.035	0.171512
5.036	-0.25981
5.037	0.016261
5.038	0.112217
5.039	-0.262679
5.04	-0.018805
5.041	-0.073637
5.042	-0.261723
5.043	-0.159073
5.044	0.029332
5.045	-0.307947
5.046	-0.113486
5.047	-0.073637
5.048	-0.582424
5.049	0.053241
5.05	-0.172462
5.051	-0.184894
5.052	0.117636
5.053	-0.222512
5.054	0.142183
5.055	0.080657
5.056	0.057385
5.057	0.068543
5.058	0.062167
5.059	0.039214
5.06	0.198927
5.061	0.104885
5.062	0.126244
5.063	0.085757
5.064	-0.145046
5.065	0.289782
5.066	0.021043
5.067	0.111579
5.068	0.051966
5.069	-0.11508
5.07	0.040171
5.071	-0.045584
5.072	0.062486
5.073	-0.001272
5.074	-0.036976
5.075	-0.14409
5.076	-0.148553
5.077	-0.105835
5.078	-0.19127
5.079	-0.062798
5.08	0.4377
5.081	-0.343651
5.082	-0.093721
5.083	-0.030919
5.084	-0.105835
5.085	-0.143771
5.086	0.061211
5.087	-0.245783
5.088	0.262366
5.089	0.025825
5.09	0.19829
5.091	0.046546
5.092	-0.00701
5.093	0.028694
5.094	0.012117
5.095	-0.067899
5.096	0.029332
5.097	0.234313
5.098	-0.080013
5.099	0.405822
5.1	0.033795
5.101	-0.002547
5.102	0.202753
5.103	0.025825
5.104	-0.122093
5.105	0.222518
5.106	0.071731
5.107	-0.027094
5.108	0.033157
5.109	-0.137714
5.11	-0.260766
5.111	-0.217411
5.112	-0.030282
5.113	-0.144408
5.114	-0.233669
5.115	0.067905
5.116	-0.464154
5.117	0.061211
5.118	-0.271286
5.119	-0.143452
5.12	0.040808
5.121	-0.164811
5.122	0.276074
5.123	0.101059
5.124	0.194146
5.125	0.010842
5.126	0.088945
5.127	-0.007648
5.128	0.066311
5.129	0.143458
5.13	0.140589
5.131	0.065355
5.132	-0.045902
5.133	0.459059
5.134	-0.103603
5.135	0.109985
5.136	0.201478
5.137	-0.148234
5.138	-0.108066
5.139	0.147921
5.14	-0.177562
5.141	0.089264
5.142	-0.105835
5.143	-0.06248
5.144	-0.403903
5.145	0.004785
5.146	-0.374893
5.147	-0.182663
5.148	-0.096271
5.149	0.168324
5.15	-0.003185
5.151	-0.009242
5.152	-0.273837
5.153	0.081613
5.154	-0.002547
5.155	-0.051322
5.156	0.210723
5.157	0.044315
5.158	0.17725
5.159	-0.045265
5.16	0.004147
5.161	0.093408
5.162	0.125287
5.163	-0.064392
5.164	0.131025
5.165	-0.057379
5.166	0.210085
5.167	0.228575
5.168	-0.156203
5.169	0.137401
5.17	0.157804
5.171	-0.161304
5.172	-0.004779
5.173	0.000641
5.174	-0.273518
5.175	0.19574
5.176	-0.103603
5.177	-0.279256
5.178	-0.100415
5.179	-0.018487
5.18	0.029969
5.181	0.084163
5.182	-0.321017
5.183	-0.135801
5.184	0.117317
5.185	-0.174374
5.186	-0.134207
5.187	0.131344
5.188	-0.153334
5.189	0.175337
5.19	-0.079694
5.191	0.161948
5.192	0.097234
5.193	0.045909
5.194	0.058342
5.195	0.125606
5.196	0.162904
5.197	0.014667
5.198	0.106479
5.199	-0.051003
5.2	0.330269
5.201	0.04304
5.202	0.00606
5.203	0.04304
5.204	-0.001591
5.205	0.03252
5.206	-0.007329
5.207	0.276393
5.208	-0.118268
5.209	0.005104
5.21	-0.259491
5.211	-0.185213
5.212	-0.085432
5.213	0.036664
5.214	-0.207529
5.215	-0.018805
5.216	-0.132932
5.217	-0.441201
5.218	0.092133
5.219	-0.230481
5.22	-0.107429
5.221	0.059935
5.222	-0.324524
5.223	0.414748
5.224	0.006698
5.225	0.15079
5.226	0.120824
5.227	-0.042715
5.228	0.078106
5.229	0.207854
5.23	0.055472
5.231	0.095959
5.232	0.125925
5.233	0.16131
5.234	0.147921
5.235	-0.015936
5.236	0.146327
5.237	0.041127
5.238	0.047821
5.239	-0.104241
5.24	-0.007967
5.241	0.299027
5.242	-0.148234
5.243	-0.056741
5.244	-0.239726
5.245	-0.090533
5.246	-0.109979
5.247	-0.394339
5.248	-0.013067
5.249	-0.096909
5.25	0.006698
5.251	-0.183938
5.252	-0.034745
5.253	-0.282125
5.254	-0.050366
5.255	-0.09404
5.256	-0.078738
5.257	0.175337
5.258	0.14569
5.259	0.116999
5.26	0.010204
5.261	0.062805
5.262	0.087989
5.263	0.159716
5.264	0.031563
5.265	0.120824
5.266	-0.051959
5.267	0.056429
5.268	0.508472
5.269	-0.299977
5.27	0.233357
5.271	0.042083
5.272	-0.007648
5.273	-0.023906
5.274	-0.007329
5.275	-0.009242
5.276	0.011798
5.277	-0.022631
5.278	-0.194777
5.279	-0.258854
5.28	0.015624
5.281	-0.171187
5.282	0.186176
5.283	-0.169593
5.284	-0.149509
5.285	0.084482
5.286	-0.082563
5.287	-0.23622
5.288	0.156529
5.289	-0.18075
5.29	0.01658
5.291	0.051009
5.292	0.072049
5.293	0.16928
5.294	-0.005097
5.295	0.020406
5.296	0.183626
5.297	0.168324
5.298	-0.065667
5.299	0.233994
5.3	-0.079375
5.301	0.292333
5.302	-0.007329
5.303	-0.112848
5.304	0.065992
5.305	0.166411
5.306	-0.09659
5.307	-0.050684
5.308	0.049415
5.309	-0.007329
5.31	0.124331
5.311	-0.126875
5.312	-0.232075
5.313	-0.129744
5.314	-0.042715
5.315	-0.348433
5.316	0.280219
5.317	-0.163536
5.318	-0.282763
5.319	-0.044946
5.32	-0.192227
5.321	-0.147915
5.322	0.047503
5.323	-0.204341
5.324	0.277668
5.325	-0.021675
5.326	0.098828
5.327	0.105841
5.328	-0.008604
5.329	-0.009879
5.33	0.112536
5.331	0.046228
5.332	0.00861
5.333	0.265236
5.334	-0.192227
5.335	0.336007
5.336	0.10616
5.337	0.001278
5.338	0.116042
5.339	-0.079694
5.34	-0.017849
5.341	0.007973
5.342	0.044634
5.343	-0.043352
5.344	0.025825
5.345	-0.145046
5.346	-0.163536
5.347	-0.222512
5.348	-0.001272
5.349	-0.002866
5.35	0.238139
5.351	-0.178838
5.352	-0.155566
5.353	-0.02805
5.354	-0.198284
5.355	-0.222193
5.356	0.117317
5.357	-0.189039
5.358	0.287551
5.359	-0.020718
5.36	0.110623
5.361	0.060254
5.362	0.021043
5.363	-0.006691
5.364	0.038577
5.365	0.154616
5.366	0.050372
5.367	0.241645
5.368	-0.075869
5.369	0.365335
5.37	-0.092446
5.371	0.046546
5.372	0.213592
5.373	-0.148234
5.374	-0.072681
5.375	0.06663
5.376	-0.008604
5.377	-0.138989
5.378	-0.014342
5.379	-0.180113
5.38	-0.249609
5.381	0.036983
5.382	-0.270968
5.383	-0.183619
5.384	-0.073
5.385	0.103928
5.386	-0.22283
5.387	0.010204
5.388	-0.200515
5.389	0.028057
5.39	0.006698
5.391	-0.232075
5.392	0.191914
5.393	0.127838
5.394	0.131025
5.395	0.04304
5.396	-0.018805
5.397	0.101697
5.398	0.121143
5.399	0.052285
5.4	0.229212
5.401	0.059935
5.402	-0.02805
5.403	0.339195
5.404	-0.321017
5.405	0.259816
5.406	0.238776
5.407	-0.054829
5.408	-0.092764
5.409	0.255991
5.41	-0.014342
5.411	-0.029644
5.412	0.063442
5.413	-0.120818
5.414	-0.412829
5.415	0.079382
5.416	0.081932
5.417	-0.062798
5.418	-0.176925
5.419	-0.087345
5.42	0.168324
5.421	-0.098184
5.422	-0.470529
5.423	0.115724
5.424	0.020724
5.425	-0.097228
5.426	0.127838
5.427	0.057704
5.428	0.140908
5.429	0.026781
5.43	-0.028688
5.431	0.130388
5.432	0.160992
5.433	0.106479
5.434	0.105203
5.435	-0.051641
5.436	0.194783
5.437	0.079382
5.438	-0.043352
5.439	0.092133
5.44	-0.039208
5.441	0.015624
5.442	-0.05451
5.443	-0.045584
5.444	0.042402
5.445	-0.093402
5.446	-0.029963
5.447	-0.26236
5.448	-0.13612
5.449	-0.044946
5.45	-0.529505
5.451	0.386057
5.452	-0.206572
5.453	-0.180431
5.454	0.073006
5.455	-0.209122
5.456	-0.214861
5.457	0.149515
5.458	-0.160348
5.459	0.182032
5.46	-0.007967
5.461	0.098509
5.462	0.130069
5.463	-0.001591
5.464	0.022
5.465	0.131025
5.466	0.141864
5.467	-0.068218
5.468	0.141227
5.469	-0.057379
5.47	0.267786
5.471	0.156529
5.472	-0.08862
5.473	0.104566
5.474	-0.028688
5.475	-0.001272
5.476	0.0797
5.477	0.190001
5.478	-0.163536
5.479	0.028057
5.48	-0.016574
5.481	-0.17023
5.482	-0.063117
5.483	-0.084157
5.484	-0.39657
5.485	0.214867
5.486	-0.116992
5.487	-0.311454
5.488	-0.024862
5.489	-0.214861
5.49	-0.119862
5.491	0.066311
5.492	-0.320061
5.493	0.409966
5.494	-0.021993
5.495	0.122418
5.496	0.091496
5.497	-0.031557
5.498	0.019768
5.499	0.128475
5.5	0.016899
5.501	0.233675
5.502	0.141864
5.503	-0.026775
5.504	0.273205
5.505	-0.086707
5.506	0.16131
5.507	0.146646
5.508	-0.053553
5.509	-0.110298
5.51	0.010204
5.511	0.174381
5.512	-0.16226
5.513	0.033795
5.514	-0.171824
5.515	-0.290095
5.516	-0.011792
5.517	-0.313048
5.518	0.081294
5.519	-0.217092
5.52	-0.150465
5.521	-0.247058
5.522	-0.150465
5.523	-0.287863
5.524	0.058979
5.525	-0.005416
5.526	-0.225381
5.527	0.205941
5.528	0.093727
5.529	0.12465
5.53	0.055154
5.531	0.001278
5.532	0.111898
5.533	0.129431
5.534	0.081932
5.535	0.136445
5.536	0.091496
5.537	-0.07555
5.538	0.294245
5.539	-0.261404
5.54	0.215823
5.541	0.206578
5.542	-0.102647
5.543	-0.058654
5.544	0.091496
5.545	-0.005735
5.546	-0.034107
5.547	0.092771
5.548	-0.213586
5.549	-0.386369
5.55	0.141864
5.551	-0.152697
5.552	0.046865
5.553	-0.496033
5.554	0.054835
5.555	0.125287
5.556	-0.120818
5.557	-0.39402
5.558	0.185538
5.559	-0.080332
5.56	-0.053872
5.561	0.14824
5.562	-0.016574
5.563	0.268742
5.564	0.048459
5.565	-0.002866
5.566	0.101697
5.567	0.039214
5.568	0.14027
5.569	0.074281
5.57	0.009567
5.571	0.183626
5.572	0.052285
5.573	-0.091808
5.574	0.102016
5.575	-0.097546
5.576	0.118911
5.577	-0.111254
5.578	-0.04654
5.579	0.045271
5.58	-0.175968
5.581	0.067268
5.582	-0.126556
5.583	-0.155247
5.584	-0.021675
5.585	-0.478499
5.586	0.601239
5.587	-0.378718
5.588	-0.202747
5.589	0.120187
5.59	-0.118268
5.591	-0.264592
5.592	0.166092
5.593	-0.23335
5.594	0.189364
5.595	0.046228
5.596	0.099784
5.597	0.05356
5.598	0.025506
5.599	0.030288
5.6	0.129113
5.601	0.115724
5.602	0.021362
5.603	0.248659
5.604	-0.214861
5.605	0.27735
5.606	-0.030601
5.607	-0.002228
5.608	0.062805
5.609	-0.096271
5.61	0.065355
5.611	-0.058973
5.612	0.091496
5.613	-0.042715
5.614	-0.05706
5.615	-0.153334
5.616	-0.256622
5.617	-0.053235
5.618	0.041764
5.619	0.118911
5.62	0.244196
5.621	-0.347477
5.622	-0.29392
5.623	-0.014024
5.624	-0.24674
5.625	-0.153016
5.626	0.068862
5.627	-0.229525
5.628	0.25344
5.629	0.052922
5.63	0.097553
5.631	0.087033
5.632	0.061848
5.633	0.007973
5.634	0.100103
5.635	0.167049
5.636	0.000641
5.637	0.2273
5.638	-0.100415
5.639	0.394983
5.64	-0.14664
5.641	0.062805
5.642	0.228894
5.643	-0.099459
5.644	-0.078738
5.645	0.171512
5.646	-0.016255
5.647	-0.157797
5.648	0.03762
5.649	-0.176606
5.65	-0.223787
5.651	-0.072043
5.652	-0.116355
5.653	0.006379
5.654	-0.107748
5.655	-0.194139
5.656	-0.504321
5.657	-0.021675
5.658	-0.289138
5.659	-0.051003
5.66	0.10074
5.661	-0.316554
5.662	0.263004
5.663	0.111898
5.664	0.08512
5.665	0.134532
5.666	0.036026
5.667	0.067268
5.668	0.186813
5.669	0.004147
5.67	0.122418
5.671	0.104885
5.672	-0.066305
5.673	0.391476
5.674	-0.249609
5.675	0.240689
5.676	0.163223
5.677	-0.101691
5.678	0.040171
5.679	-0.002228
5.68	0.070455
5.681	-0.219324
5.682	0.114767
5.683	-0.168955
5.684	-0.248971
5.685	0.071093
5.686	-0.187445
5.687	0.310822
5.688	-0.35449
5.689	0.110304
5.69	0.159079
5.691	-0.09914
5.692	-0.232394
5.693	0.135807
5.694	-0.122412
5.695	-0.012111
5.696	0.094365
5.697	0.026144
5.698	0.272568
5.699	-0.008604
5.7	0.015305
5.701	0.094046
5.702	0.029013
5.703	0.014667
5.704	0.181713
5.705	-0.042715
5.706	0.223474
5.707	0.348758
5.708	-0.218049
5.709	0.103291
5.71	0.113492
5.711	-0.109341
5.712	-0.032513
5.713	0.083845
5.714	-0.009242
5.715	-0.010836
5.716	-0.004141
5.717	-0.225699
5.718	-0.178519
5.719	0.080657
5.72	-0.428449
5.721	0.348121
5.722	-0.319423
5.723	-0.025181
5.724	0.203391
5.725	-0.282125
5.726	-0.2308
5.727	0.161948
5.728	-0.229206
5.729	0.047821
5.73	0.061848
5.731	0.034114
5.732	0.188726
5.733	0.0271
5.734	0.022956
5.735	0.105203
5.736	0.112536
5.737	0.045271
5.738	0.214548
5.739	-0.066943
5.74	0.309547
5.741	0.033795
5.742	-0.163854
5.743	0.146327
5.744	-0.069174
5.745	-0.027732
5.746	0.026463
5.747	0.065036
5.748	-0.126556
5.749	0.078744
5.75	-0.184576
5.751	-0.371386
5.752	-0.070449
5.753	-0.007967
5.754	0.007654
5.755	0.207535
5.756	-0.065986
5.757	-0.431637
5.758	0.086714
5.759	-0.296471
5.76	-0.114442
5.761	0.059617
5.762	-0.395933
5.763	0.246108
5.764	0.102653
5.765	0.078106
5.766	0.099147
5.767	0.017855
5.768	-0.023587
5.769	0.098828
5.77	-0.041758
5.771	0.124012
5.772	0.203391
5.773	-0.129106
5.774	0.426543
5.775	-0.309222
5.776	0.185857
5.777	0.269061
5.778	-0.101691
5.779	-0.226656
5.78	0.173424
5.781	-0.007967
5.782	0.013073
5.783	-0.121137
5.784	-0.056423
5.785	-0.334725
5.786	-0.035064
5.787	-0.026775
5.788	-0.31783
5.789	-0.105516
5.79	-0.201472
5.791	-0.442795
5.792	-0.01753
5.793	-0.236857
5.794	-0.082563
5.795	0.080338
5.796	-0.24674
5.797	0.272249
5.798	0.109667
5.799	0.138676
5.8	0.094046
5.801	-0.026775
5.802	0.094365
5.803	0.131982
5.804	0.141227
5.805	0.072687
5.806	0.064399
5.807	-0.005097
5.808	0.460972
5.809	-0.171505
5.81	0.210085
5.811	0.160992
5.812	-0.189358
5.813	-0.08065
5.814	0.199246
5.815	-0.069493
5.816	0.086714
5.817	-0.058654
5.818	-0.116036
5.819	-0.356084
5.82	0.081613
5.821	-0.399439
5.822	0.057385
5.823	-0.361822
5.824	-0.02295
5.825	-0.088301
5.826	-0.129744
5.827	-0.388601
5.828	0.063123
5.829	0.036983
5.83	-0.142814
5.831	0.15876
5.832	0.053878
5.833	0.178844
5.834	0.020724
5.835	0.065674
5.836	0.113811
5.837	0.166411
5.838	0.035707
5.839	0.090858
5.84	-0.112529
5.841	0.276712
5.842	0.179163
5.843	-0.210398
5.844	0.182669
5.845	0.057385
5.846	-0.042077
5.847	-0.018487
5.848	0.080019
5.849	-0.076187
5.85	0.065674
5.851	-0.13867
5.852	-0.26236
5.853	-0.083201
5.854	-0.070768
5.855	0.022956
5.856	0.191277
5.857	-0.204022
5.858	-0.095952
5.859	0.089583
5.86	-0.164811
5.861	-0.22283
5.862	0.085439
5.863	-0.162579
5.864	0.135807
5.865	-0.008923
5.866	0.111579
5.867	0.132938
5.868	0.013711
5.869	0.029013
5.87	0.223155
5.871	0.114767
5.872	0.011798
5.873	0.12975
5.874	-0.094677
5.875	0.290739
5.876	0.088308
5.877	-0.069493
5.878	0.036026
5.879	0.026781
5.88	-0.0255
5.881	0.034751
5.882	0.09309
5.883	-0.080013
5.884	0.115405
5.885	-0.180113
5.886	-0.212948
5.887	-0.135482
5.888	0.09819
5.889	-0.348752
5.89	-0.018487
5.891	-0.1307
5.892	-0.438969
5.893	0.007335
5.894	-0.257578
5.895	-0.106154
5.896	0.057704
5.897	-0.319423
5.898	0.400721
5.899	-0.007329
5.9	0.142502
5.901	0.108391
5.902	-0.026775
5.903	0.037939
5.904	0.142502
5.905	-0.029644
5.906	0.15621
5.907	0.201159
5.908	0.031244
5.909	0.222518
5.91	-0.10711
5.911	0.200521
5.912	0.158441
5.913	-0.068218
5.914	-0.081607
5.915	0.010842
5.916	0.122737
5.917	-0.156522
5.918	0.012755
5.919	-0.23335
5.92	-0.239089
5.921	-0.021993
5.922	-0.164173
5.923	0.040489
5.924	-0.240045
5.925	-0.127194
5.926	-0.302209
5.927	-0.18872
5.928	-0.211354
5.929	-0.11763
5.93	0.061211
5.931	-0.239089
5.932	0.226981
5.933	0.121143
5.934	0.186495
5.935	0.009248
5.936	0.081613
5.937	0.118593
5.938	0.084801
5.939	-0.036976
5.94	0.017537
5.941	0.207216
5.942	-0.129744
5.943	0.294564
5.944	-0.210079
5.945	0.113811
5.946	0.097553
5.947	0.06663
5.948	-0.160348
5.949	-0.050366
5.95	-0.040483
5.951	-0.068855
5.952	0.053241
5.953	-0.033789
5.954	-0.320061
5.955	-0.104241
5.956	-0.005735
5.957	-0.102009
5.958	-0.151422
5.959	-0.118905
5.96	-0.26778
5.961	-0.0255
5.962	-0.204978
5.963	-0.091489
5.964	0.026781
5.965	-0.150146
5.966	0.211998
5.967	0.072368
5.968	0.184901
5.969	-0.034745
5.97	0.078106
5.971	0.126881
5.972	0.058342
5.973	-0.047496
5.974	0.138039
5.975	0.110942
5.976	0.021362
5.977	0.379362
5.978	-0.155566
5.979	0.149834
5.98	0.180119
5.981	-0.167999
5.982	-0.051003
5.983	0.18522
5.984	-0.135163
5.985	-0.071087
5.986	-0.048772
5.987	-0.1256
5.988	-0.314642
5.989	0.081294
5.99	-0.317192
5.991	0.036983
5.992	-0.394976
5.993	0.124331
5.994	0.151428
5.995	-0.181707
5.996	-0.404859
5.997	0.088308
5.998	-0.056104
5.999	0.013392
6	0.125606
6.001	0.104885
6.002	0.170874
6.003	0.051966
6.004	0.05356
6.005	0.036026
6.006	-0.134845
6.007	0.019449
6.008	0.24037
6.009	-0.174374
6.01	0.210404
6.011	0.10871
6.012	-0.14919
6.013	0.135488
6.014	0.034751
6.015	-0.164811
6.016	0.03507
6.017	0.053878
6.018	-0.200196
6.019	-0.092764
6.02	-0.073318
6.021	-0.22825
6.022	-0.20976
6.023	0.054516
6.024	-0.427493
6.025	0.934055
6.026	-0.515797
6.027	-0.164173
6.028	0.211041
6.029	-0.320699
6.03	-0.152697
6.031	0.136126
6.032	-0.275431
6.033	0.160673
6.034	0.050372
6.035	0.093408
6.036	0.09309
6.037	-0.065986
6.038	0.030926
6.039	0.009886
6.04	0.036983
6.041	-0.044309
6.042	0.241326
6.043	-0.175968
6.044	0.345252
6.045	-0.023268
6.046	0.005104
6.047	0.280856
6.048	-0.1256
6.049	-0.150465
6.05	0.136126
6.051	-0.026456
6.052	-0.109341
6.053	0.05866
6.054	-0.147915
6.055	-0.24674
6.056	-0.15716
6.057	-0.006691
6.058	-0.045265
6.059	-0.110298
6.06	-0.068537
6.061	-0.401352
6.062	0.073643
6.063	-0.216455
6.064	-0.153334
6.065	0.112854
6.066	-0.193502
6.067	0.196058
6.068	0.0746
6.069	0.160354
6.07	0.082251
6.071	0.072368
6.072	0.021362
6.073	0.10871
6.074	0.19574
6.075	0.014986
6.076	0.038258
6.077	0.117317
6.078	0.357047
6.079	-0.116036
6.08	0.211679
6.081	0.121143
6.082	-0.056104
6.083	0.000641
6.084	0.060254
6.085	0.017218
6.086	-0.00446
6.087	-0.095315
6.088	-0.248652
6.089	-0.15971
6.09	-0.05451
6.091	-0.250884
6.092	-0.015299
6.093	-0.42813
6.094	0.104885
6.095	0.016261
6.096	-0.016893
6.097	-0.390195
6.098	0.187132
6.099	-0.021993
6.1	-0.091489
6.101	0.099147
6.102	0.089902
6.103	0.154935
6.104	0.023912
6.105	-0.001272
6.106	0.089583
6.107	0.096277
6.108	0.011798
6.109	0.121143
6.11	-0.038252
6.111	0.152065
6.112	0.352903
6.113	-0.311454
6.114	0.159716
6.115	0.00606
6.116	0.035389
6.117	0.001278
6.118	-0.018487
6.119	-0.027094
6.12	-0.05961
6.121	-0.023587
6.122	-0.201472
6.123	-0.182982
6.124	0.082888
6.125	-0.223468
6.126	0.173743
6.127	-0.237176
6.128	-0.195733
6.129	0.115405
6.13	-0.108704
6.131	-0.289457
6.132	0.10871
6.133	-0.180431
6.134	0.125925
6.135	0.089264
6.136	0.072049
6.137	0.202115
6.138	-0.026775
6.139	0.024231
6.14	0.16673
6.141	0.10074
6.142	-0.047815
6.143	0.301259
6.144	-0.091171
6.145	0.368523
6.146	-0.01243
6.147	-0.06503
6.148	0.132301
6.149	0.024869
6.15	-0.01753
6.151	-0.009242
6.152	-0.000953
6.153	-0.188082
6.154	0.108391
6.155	-0.121137
6.156	-0.225381
6.157	-0.112529
6.158	0.012117
6.159	-0.244189
6.16	0.020406
6.161	-0.256303
6.162	-0.123687
6.163	0.072687
6.164	-0.094358
6.165	-0.179156
6.166	0.093408
6.167	-0.061204
6.168	0.179481
6.169	-0.042715
6.17	0.158441
6.171	0.018812
6.172	0.065036
6.173	0.018174
6.174	0.14027
6.175	0.154616
6.176	-0.02805
6.177	0.167686
6.178	-0.191908
6.179	0.354496
6.18	-0.065349
6.181	0.062805
6.182	0.112854
6.183	-0.143452
6.184	0.113492
6.185	-0.084157
6.186	0.105841
6.187	0.002872
6.188	-0.104878
6.189	-0.163536
6.19	-0.328668
6.191	0.059935
6.192	-0.165767
6.193	-0.330262
6.194	0.15079
6.195	-0.138351
6.196	-0.178838
6.197	-0.023906
6.198	-0.201472
6.199	-0.04909
6.2	0.018812
6.201	-0.282125
6.202	0.343658
6.203	-0.041758
6.204	0.16928
6.205	0.082888
6.206	-0.022631
6.207	0.090858
6.208	0.089264
6.209	0.070137
6.21	0.085757
6.211	0.14569
6.212	0.00861
6.213	0.272249
6.214	-0.127512
6.215	0.164498
6.216	0.170555
6.217	-0.095315
6.218	-0.082882
6.219	0.059935
6.22	0.050691
6.221	-0.101691
6.222	-0.096271
6.223	-0.223468
6.224	-0.271605
6.225	-0.036339
6.226	-0.302209
6.227	-0.302528
6.228	-0.188082
6.229	-0.123049
6.23	-0.189676
6.231	-0.127194
6.232	-0.22825
6.233	0.022637
6.234	-0.08065
6.235	-0.177562
6.236	0.207216
6.237	0.064399
6.238	0.244196
6.239	-0.084157
6.24	0.050372
6.241	0.103291
6.242	-0.066305
6.243	0.212954
6.244	0.171512
6.245	-0.006373
6.246	0.130069
6.247	0.243558
6.248	-0.145683
6.249	0.181394
6.25	0.229531
6.251	-0.201153
6.252	-0.03347
6.253	0.117636
6.254	-0.152697
6.255	0.091177
6.256	-0.094996
6.257	-0.207847
6.258	-0.225062
6.259	-0.010836
6.26	-0.355128
6.261	0.028057
6.262	-0.273837
6.263	0.001597
6.264	0.207216
6.265	-0.261085
6.266	-0.347158
6.267	0.193827
6.268	-0.096271
6.269	0.038577
6.27	0.051328
6.271	0.113811
6.272	0.167049
6.273	0.070455
6.274	0.03507
6.275	0.10361
6.276	0.117955
6.277	0.095959
6.278	0.151747
6.279	-0.146959
6.28	0.261091
6.281	0.068862
6.282	-0.089895
6.283	0.15621
6.284	-0.011154
6.285	-0.094677
6.286	-0.043033
6.287	0.066949
6.288	-0.008604
6.289	0.096596
6.29	-0.063117
6.291	-0.257897
6.292	-0.033151
6.293	-0.069493
6.294	-0.179475
6.295	0.012117
6.296	-0.240045
6.297	-0.140583
6.298	0.050053
6.299	-0.205935
6.3	-0.137076
6.301	0.113173
6.302	-0.219642
6.303	0.203709
6.304	0.012117
6.305	0.155891
6.306	0.078744
6.307	-0.025819
6.308	0.023275
6.309	0.097871
6.31	0.25089
6.311	0.11413
6.312	0.312735
6.313	-0.139308
6.314	0.476274
6.315	-0.100415
6.316	-0.00191
6.317	0.137082
6.318	-0.074593
6.319	-0.135801
6.32	0.065674
6.321	0.067268
6.322	-0.189039
6.323	0.162586
6.324	-0.08862
6.325	-0.302209
6.326	-0.074275
6.327	-0.063755
6.328	-0.492526
6.329	-0.01498
6.33	-0.055147
6.331	-0.434187
6.332	-0.005416
6.333	-0.237813
6.334	-0.067899
6.335	0.078425
6.336	-0.281488
6.337	0.218055
6.338	0.053878
6.339	0.123374
6.34	0.05611
6.341	0.044634
6.342	0.063442
6.343	0.105841
6.344	0.174062
6.345	0.076512
6.346	0.097553
6.347	0.052285
6.348	0.308272
6.349	-0.257578
6.35	0.259497
6.351	0.081294
6.352	-0.086707
6.353	0.008929
6.354	0.120505
6.355	0.049415
6.356	-0.132932
6.357	-0.084795
6.358	-0.212948
6.359	-0.234626
6.36	0.0271
6.361	-0.514522
6.362	0.094683
6.363	-0.258535
6.364	0.052922
6.365	0.0797
6.366	-0.097228
6.367	-0.193502
6.368	0.046546
6.369	-0.085114
6.37	0.002872
6.371	0.250571
6.372	0.064399
6.373	0.274162
6.374	-0.027413
6.375	0.00606
6.376	0.124331
6.377	0.058979
6.378	0.118274
6.379	0.16928
6.38	0.061529
6.381	0.011798
6.382	0.405184
6.383	-0.298065
6.384	0.123693
6.385	0.188407
6.386	-0.228569
6.387	-0.016893
6.388	0.1747
6.389	-0.267461
6.39	0.113492
6.391	-0.010198
6.392	-0.05706
6.393	-0.376805
6.394	0.042083
6.395	-0.233032
6.396	0.168005
6.397	-0.189039
6.398	-0.108066
6.399	0.178525
6.4	-0.227931
6.401	-0.425899
6.402	0.133895
6.403	-0.161304
6.404	0.085757
6.405	0.113811
6.406	-0.02295
6.407	0.231125
6.408	0.029969
6.409	-0.016255
6.41	0.109985
6.411	0.241008
6.412	0.054197
6.413	0.190639
6.414	-0.04909
6.415	0.254397
6.416	-0.069812
6.417	-0.083838
6.418	0.115724
6.419	-0.023587
6.42	-0.145046
6.421	0.051009
6.422	0.006698
6.423	0.029969
6.424	0.085439
6.425	-0.064392
6.426	-0.284675
6.427	-0.071406
6.428	-0.050684
6.429	0.288507
6.43	0.342064
6.431	-0.021675
6.432	-0.376168
6.433	0.0797
6.434	-0.217092
6.435	-0.165767
6.436	0.045909
6.437	-0.323568
6.438	0.151747
6.439	0.093727
6.44	0.03762
6.441	0.104566
6.442	3.128e-06
6.443	0.003829
6.444	0.170874
6.445	0.108391
6.446	-0.008923
6.447	0.201159
6.448	-0.132613
6.449	0.354815
6.45	-0.162579
6.451	0.172468
6.452	0.118593
6.453	-0.109979
6.454	-0.088301
6.455	0.065355
6.456	0.059298
6.457	-0.008604
6.458	0.067586
6.459	-0.19924
6.46	-0.284038
6.461	0.051009
6.462	-0.185851
6.463	-0.256941
6.464	-0.170549
6.465	-0.18872
6.466	-0.50464
6.467	-0.120499
6.468	-0.223468
6.469	-0.106154
6.47	0.032201
6.471	-0.249927
6.472	0.228256
6.473	0.096915
6.474	0.219649
6.475	0.096915
6.476	-0.039845
6.477	0.133257
6.478	0.11413
6.479	0.000959
6.48	0.100422
6.481	0.079382
6.482	-0.01753
6.483	0.329312
6.484	-0.148553
6.485	0.199884
6.486	0.17183
6.487	-0.133888
6.488	-0.044309
6.489	0.052603
6.49	0.025825
6.491	-0.116036
6.492	0.049415
6.493	-0.235582
6.494	-0.1307
6.495	-0.05451
6.496	-0.379993
6.497	0.134213
6.498	-0.476268
6.499	-0.089895
6.5	-0.049409
6.501	-0.117311
6.502	-0.368198
6.503	0.134532
6.504	-0.011792
6.505	-0.158754
6.506	0.150472
6.507	0.053878
6.508	0.211998
6.509	0.048778
6.51	-0.013386
6.511	0.201159
6.512	0.14824
6.513	0.046228
6.514	0.159398
6.515	-0.114761
6.516	0.228894
6.517	0.254397
6.518	-0.194777
6.519	0.155572
6.52	-0.044946
6.521	0.10361
6.522	-0.040164
6.523	0.10074
6.524	0.032201
6.525	-0.147277
6.526	-0.023587
6.527	-0.253434
6.528	-0.08607
6.529	0.001597
6.53	-0.485831
6.531	0.378406
6.532	-0.298702
6.533	0.061211
6.534	0.157485
6.535	-0.204022
6.536	-0.231756
6.537	0.11668
6.538	-0.241958
6.539	0.153022
6.54	0.060254
6.541	0.070774
6.542	0.189683
6.543	-0.058335
6.544	0.039533
6.545	0.093408
6.546	0.103928
6.547	-0.051641
6.548	0.343658
6.549	-0.150784
6.55	0.248659
6.551	0.147602
6.552	-0.100415
6.553	0.109985
6.554	0.038577
6.555	-0.112211
6.556	0.020406
6.557	0.067268
6.558	-0.136439
6.559	0.015305
6.56	-0.123687
6.561	-0.050366
6.562	-0.290732
6.563	0.084482
6.564	-0.314004
6.565	0.389882
6.566	-0.306353
6.567	-0.209441
6.568	0.152384
6.569	-0.232713
6.57	-0.272561
6.571	0.125287
6.572	-0.247696
6.573	0.248659
6.574	0.000641
6.575	0.160992
6.576	0.10616
6.577	0.002872
6.578	0.02455
6.579	0.077469
6.58	0.137401
6.581	-0.0255
6.582	0.297752
6.583	-0.094996
6.584	0.321661
6.585	-0.04399
6.586	0.116361
6.587	0.098828
6.588	-0.044627
6.589	-0.048453
6.59	0.057704
6.591	0.022
6.592	-0.036658
6.593	-0.117311
6.594	-0.020081
6.595	-0.278618
6.596	-0.12815
6.597	0.053241
6.598	0.089902
6.599	0.430049
6.6	0.022956
6.601	-0.42558
6.602	0.09564
6.603	-0.238132
6.604	-0.174056
6.605	0.051009
6.606	-0.297108
6.607	0.296796
6.608	0.083526
6.609	0.156847
6.61	0.012117
6.611	0.06918
6.612	0.062167
6.613	0.028694
6.614	0.130388
6.615	0.009886
6.616	0.150153
6.617	0.097234
6.618	0.231763
6.619	-0.154928
6.62	0.158122
6.621	0.229212
6.622	-0.123049
6.623	-0.111892
6.624	0.104566
6.625	-0.032513
6.626	-0.112529
6.627	0.018493
6.628	-0.183301
6.629	-0.245146
6.63	-0.007329
6.631	0.073325
6.632	0.270017
6.633	-0.308903
6.634	-0.041758
6.635	0.064717
6.636	0.023275
6.637	-0.395614
6.638	0.218692
6.639	-0.065986
6.64	-0.073637
6.641	0.089264
6.642	0.021043
6.643	0.155891
6.644	0.041127
6.645	-0.029644
6.646	0.119549
6.647	0.078425
6.648	0.071412
6.649	0.092133
6.65	-0.093402
6.651	0.182032
6.652	0.26938
6.653	-0.210398
6.654	0.129431
6.655	-0.026138
6.656	0.06408
6.657	0.046228
6.658	0.056429
6.659	-0.160985
6.66	-0.13612
6.661	-0.092764
6.662	-0.121455
6.663	-0.111573
6.664	0.001916
6.665	-0.255984
6.666	0.225387
6.667	-0.204659
6.668	-0.071406
6.669	-0.032195
6.67	-0.169274
6.671	-0.244827
6.672	0.113173
6.673	-0.213904
6.674	0.127838
6.675	0.09564
6.676	0.04304
6.677	0.220924
6.678	-0.052916
6.679	0.025825
6.68	0.164498
6.681	0.10616
6.682	-0.055147
6.683	0.358003
6.684	-0.094996
6.685	0.390201
6.686	-0.118268
6.687	-0.05706
6.688	0.168005
6.689	0.04559
6.69	-0.027732
6.691	-0.015936
6.692	0.066949
6.693	-0.093721
6.694	-0.084157
6.695	-0.057698
6.696	-0.232713
6.697	-0.146959
6.698	-0.008285
6.699	-0.53365
6.7	0.152703
6.701	-0.272243
6.702	-0.212948
6.703	0.030607
6.704	-0.055466
6.705	-0.203065
6.706	0.124331
6.707	-0.077781
6.708	0.183944
6.709	-0.051003
6.71	0.165136
6.711	0.038577
6.712	0.040489
6.713	0.019768
6.714	0.097234
6.715	0.196377
6.716	0.093727
6.717	0.190001
6.718	-0.203065
6.719	0.331862
6.72	0.082569
6.721	-0.019762
6.722	0.104566
6.723	-0.132294
6.724	0.109348
6.725	0.007654
6.726	0.016261
6.727	-0.115398
6.728	-0.036658
6.729	-0.127831
6.73	-0.244189
6.731	0.003829
6.732	-0.098184
6.733	-0.364373
6.734	0.270974
6.735	-0.250565
6.736	-0.343333
6.737	0.029969
6.738	-0.267461
6.739	-0.037933
6.74	0.052922
6.741	-0.347796
6.742	0.387969
6.743	-0.004141
6.744	0.130707
6.745	0.076512
6.746	-0.009561
6.747	0.074281
6.748	0.03507
6.749	0.167367
6.75	-0.043671
6.751	0.048459
6.752	0.256628
6.753	0.212635
6.754	-0.223468
6.755	0.19032
6.756	0.050053
6.757	0.002872
6.758	-0.019443
6.759	-0.221236
6.76	0.157804
6.761	-0.204022
6.762	0.022
6.763	-0.277662
6.764	-0.224424
6.765	0.009248
6.766	-0.365648
6.767	0.211041
6.768	-0.051641
6.769	0.138039
6.77	0.013073
6.771	-0.1256
6.772	-0.283719
6.773	0.216142
6.774	-0.091489
6.775	-0.002547
6.776	0.051328
6.777	0.066311
6.778	0.147921
6.779	0.077469
6.78	-0.032513
6.781	0.220924
6.782	0.191277
6.783	0.041446
6.784	0.146327
6.785	-0.133251
6.786	0.259179
6.787	0.266511
6.788	-0.165767
6.789	0.147921
6.79	-0.107748
6.791	0.079382
6.792	-0.005416
6.793	-0.058654
6.794	0.046228
6.795	0.056429
6.796	-0.090214
6.797	-0.189676
