4.872	-0.01498
4.873	-0.389876
4.874	0.115724
4.875	-0.449489
4.876	-0.015618
4.877	0.321661
4.878	-0.186488
4.879	-0.281806
4.88	0.061529
4.881	-0.134845
4.882	0.042721
4.883	0.142821
4.884	0.061529
4.885	0.153341
4.886	-0.043033
4.887	0.046228
4.888	-0.014342
4.889	0.11126
4.89	-0.031557
4.891	0.332181
4.892	-0.020081
4.893	0.170874
4.894	0.15079
4.895	-0.087345
4.896	0.21678
4.897	-0.001272
4.898	-0.216136
4.899	0.050053
4.9	0.019768
4.901	-0.100415
4.902	-0.154928
4.903	-0.073
4.904	-0.284357
4.905	-0.164173
4.906	0.112217
4.907	-0.127512
4.908	0.387013
4.909	-0.047496
4.91	-0.373299
4.911	-0.017211
4.912	-0.090533
4.913	-0.18617
4.914	0.144415
4.915	-0.292964
4.916	0.258222
4.917	0.083207
4.918	0.168005
4.919	-0.008604
4.92	0.073962
4.921	0.02455
4.922	-0.005097
4.923	0.255991
4.924	0.071093
4.925	0.239095
4.926	0.03252
4.927	0.419848
4.928	-0.106791
4.929	0.103928
4.93	0.203072
4.931	-0.171505
4.932	-0.122093
4.933	0.10616
4.934	-0.033151
4.935	-0.06758
4.936	-0.161304
4.937	-0.146959
4.938	-0.350665
4.939	-0.006691
4.94	0.026144
4.941	-0.198602
4.942	-0.016255
4.943	-0.18617
4.944	-0.400715
4.945	0.073006
4.946	-0.257578
4.947	-0.1307
4.948	0.200521
4.949	-0.293602
4.95	0.409647
4.951	0.128156
4.952	0.095002
4.953	0.001597
4.954	0.042402
4.955	0.047821
4.956	0.049734
4.957	0.238776
4.958	-0.008604
4.959	-0.043352
4.96	0.157485
4.961	0.328037
4.962	-0.296471
4.963	0.189683
4.964	0.131982
4.965	-0.03857
4.966	0.018812
4.967	-0.040483
4.968	-0.026775
4.969	-0.048772
4.97	0.083207
4.971	-0.263317
4.972	-0.227293
4.973	0.039533
4.974	-0.254072
4.975	0.052603
4.976	-0.322611
4.977	-0.055147
4.978	-0.006691
4.979	-0.20721
4.98	-0.319742
4.981	0.116999
4.982	-0.088939
4.983	0.052922
4.984	0.048778
4.985	-0.011473
4.986	0.238776
4.987	-0.070768
4.988	0.040489
4.989	0.104247
4.99	0.112854
4.991	0.091496
4.992	0.11126
4.993	0.000322
4.994	0.087351
4.995	0.186495
4.996	-0.047496
4.997	0.057066
4.998	0.074919
4.999	-0.247696
5	0.031244
5.001	0.149515
5.002	-0.257578
5.003	-0.095634
5.004	-0.051641
5.005	-0.071406
5.006	-0.281169
5.007	0.082888
5.008	-0.428449
5.009	0.663084
5.01	-0.399758
5.011	-0.192545
5.012	0.157485
5.013	-0.082244
5.014	-0.318786
5.015	0.205622
5.016	-0.287863
5.017	0.189364
5.018	0.065355
5.019	0.079063
5.02	0.089902
5.021	0.072049
5.022	0.008929
5.023	0.086714
5.024	0.016261
5.025	0.039852
5.026	0.156847
5.027	-0.003185
5.028	0.325487
5.029	0.023912
5.03	0.118911
5.031	0.180438
5.032	-0.048772
5.033	-0.101691
5.034	0.175656
5.035	0.025187
5.036	-0.219961
5.037	0.047503
5.038	-0.161623
5.039	-0.276706
5.04	-0.010836
5.041	-0.121455
5.042	-0.044627
5.043	0.231763
5.044	-0.041439
5.045	-0.34939
5.046	-0.002228
5.047	-0.201153
5.048	-0.053235
5.049	0.012755
5.05	-0.284038
5.051	0.25089
5.052	0.088945
5.053	0.146327
5.054	0.041127
5.055	0.055472
5.056	0.051647
5.057	0.105203
5.058	0.059298
5.059	-0.087345
5.06	0.24292
5.061	-0.060248
5.062	0.297752
5.063	-0.186488
5.064	0.084163
5.065	0.141545
5.066	0.00606
5.067	-0.195415
5.068	0.059298
5.069	0.025825
5.07	-0.082563
5.071	0.084482
5.072	-0.121774
5.073	-0.252478
5.074	-0.109023
5.075	-0.119543
5.076	-0.067899
5.077	0.018812
5.078	-0.147915
5.079	-0.247377
5.08	0.007016
5.081	-0.184894
5.082	-0.149509
5.083	0.039852
5.084	-0.148553
5.085	0.180119
5.086	0.011161
5.087	0.143777
5.088	-0.098503
5.089	0.154616
5.09	0.045909
5.091	0.004466
5.092	0.222518
5.093	0.085439
5.094	0.069499
5.095	0.068543
5.096	0.361829
5.097	-0.117311
5.098	0.112854
5.099	0.210723
5.1	-0.227612
5.101	-0.042396
5.102	0.160354
5.103	-0.281169
5.104	0.025506
5.105	-0.118268
5.106	-0.088301
5.107	-0.332494
5.108	0.03762
5.109	-0.355765
5.11	-0.284357
5.111	-0.408047
5.112	-0.016574
5.113	-0.019762
5.114	-0.070449
5.115	-0.379356
5.116	0.068862
5.117	0.061211
5.118	-0.16513
5.119	0.264598
5.12	-0.016255
5.121	0.127519
5.122	0.002235
5.123	0.054197
5.124	0.109029
5.125	0.12975
5.126	0.069499
5.127	0.050053
5.128	0.039214
5.129	0.226981
5.13	0.19032
5.131	-0.138351
5.132	0.179481
5.133	0.056748
5.134	-0.022631
5.135	-0.029007
5.136	0.009886
5.137	-0.047815
5.138	0.080019
5.139	-0.150146
5.14	-0.292964
5.141	-0.03857
5.142	-0.05706
5.143	-0.224106
5.144	0.074919
5.145	-0.053235
5.146	-0.223468
5.147	-0.01498
5.148	-0.24132
5.149	-0.150146
5.15	0.050053
5.151	-0.169911
5.152	0.117317
5.153	0.001597
5.154	0.101697
5.155	0.031244
5.156	0.054197
5.157	-0.004141
5.158	-0.053553
5.159	0.159716
5.16	0.029969
5.161	0.182032
5.162	-0.198602
5.163	0.398808
5.164	-0.118586
5.165	0.155572
5.166	0.217417
5.167	-0.148553
5.168	0.048459
5.169	0.058023
5.17	0.03762
5.171	-0.000316
5.172	-0.045265
5.173	-0.09404
5.174	-0.238132
5.175	-0.147915
5.176	-0.061842
5.177	-0.164173
5.178	0.342383
5.179	-0.221555
5.18	-0.073637
5.181	0.016261
5.182	-0.218367
5.183	-0.225062
5.184	0.135807
5.185	-0.337594
5.186	0.410922
5.187	0.025187
5.188	0.183944
5.189	0.046546
5.19	0.055154
5.191	0.080019
5.192	-0.110935
5.193	0.110304
5.194	0.067586
5.195	0.053878
5.196	0.18777
5.197	0.319748
5.198	-0.262041
5.199	0.152065
5.2	0.196377
5.201	-0.045584
5.202	-0.073956
5.203	-0.000316
5.204	-0.022631
5.205	-0.153653
5.206	0.118274
5.207	-0.211673
5.208	-0.124962
5.209	-0.000316
5.21	-0.241958
5.211	0.041127
5.212	-0.17023
5.213	-0.108066
5.214	-0.055147
5.215	-0.132613
5.216	-0.361822
5.217	0.226343
5.218	-0.144727
5.219	0.031563
5.22	-0.066305
5.221	0.104885
5.222	0.139314
5.223	0.05611
5.224	-0.03347
5.225	0.152065
5.226	0.281494
5.227	-0.045902
5.228	0.343339
5.229	-0.038252
5.23	0.130388
5.231	0.137401
5.232	-0.057698
5.233	0.073006
5.234	0.179163
5.235	-0.101691
5.236	-0.10456
5.237	0.003191
5.238	0.038258
5.239	0.067586
5.24	-0.055785
5.241	-0.044309
5.242	-0.257578
5.243	-0.075231
5.244	-0.232394
5.245	0.122737
5.246	-0.397527
5.247	0.01403
5.248	0.161948
5.249	-0.215179
5.25	-0.232713
5.251	0.164817
5.252	-0.162898
5.253	0.071093
5.254	0.032201
5.255	0.060892
5.256	0.254716
5.257	-0.117311
5.258	0.047503
5.259	0.081613
5.26	0.156529
5.261	0.143139
5.262	0.174062
5.263	-0.129106
5.264	0.282769
5.265	0.154297
5.266	0.021362
5.267	0.115724
5.268	-0.036976
5.269	-0.145683
5.27	0.031563
5.271	0.019449
5.272	-0.031557
5.273	-0.056104
5.274	-0.171824
5.275	-0.300934
5.276	-0.022312
5.277	-0.013705
5.278	-0.83363
5.279	0.020724
5.28	-0.034745
5.281	-0.35991
5.282	0.131982
5.283	-0.102009
5.284	-0.210079
5.285	0.13772
5.286	-0.280212
5.287	0.180438
5.288	0.107435
5.289	0.124012
5.29	0.09564
5.291	0.064399
5.292	0.002872
5.293	0.115724
5.294	0.166092
5.295	-0.050047
5.296	0.221243
5.297	-0.049728
5.298	0.353859
5.299	-0.201472
5.3	0.172468
5.301	0.143139
5.302	-0.122412
5.303	-0.068218
5.304	0.128475
5.305	-0.056104
5.306	0.036664
5.307	-0.156522
5.308	-0.079057
5.309	-0.324205
5.31	-0.100097
5.311	-0.281488
5.312	-0.449489
5.313	0.10074
5.314	0.245152
5.315	-0.250565
5.316	0.077788
5.317	-0.367879
5.318	0.031563
5.319	0.085439
5.32	-0.282125
5.321	0.367567
5.322	0.096596
5.323	0.030607
5.324	0.080657
5.325	0.011798
5.326	0.096596
5.327	0.036983
5.328	-0.013386
5.329	0.10616
5.33	0.085439
5.331	0.122737
5.332	0.159398
5.333	-0.013067
5.334	0.100103
5.335	0.130388
5.336	-0.123687
5.337	-0.090214
5.338	-0.042396
5.339	0.103291
5.34	0.001916
5.341	-0.008285
5.342	-0.1256
5.343	-0.350984
5.344	0.031882
5.345	-0.303803
5.346	-0.003822
5.347	-0.370748
5.348	-0.100734
5.349	-0.057379
5.35	-0.091489
5.351	-0.25981
5.352	0.074919
5.353	-0.033151
5.354	-0.216773
5.355	0.207216
5.356	0.051328
5.357	0.303171
5.358	-0.076187
5.359	0.045909
5.36	0.092133
5.361	0.012117
5.362	0.155572
5.363	0.138995
5.364	0.025825
5.365	0.245471
5.366	0.079382
5.367	-0.057379
5.368	0.128475
5.369	-0.096909
5.37	0.10074
5.371	-0.053235
5.372	0.01658
5.373	-0.032195
5.374	-0.043033
5.375	-0.152697
5.376	-0.219324
5.377	-0.108704
5.378	-0.016893
5.379	-0.446939
5.38	0.064717
5.381	-0.085114
5.382	-0.416654
5.383	0.091814
5.384	-0.284994
5.385	-0.108704
5.386	0.101378
5.387	-0.279894
5.388	0.223474
5.389	0.049097
5.39	0.087033
5.391	0.113173
5.392	0.02455
5.393	0.015624
5.394	0.123056
5.395	0.100103
5.396	0.051328
5.397	0.120824
5.398	-0.016574
5.399	0.372349
5.4	-0.213904
5.401	0.126562
5.402	0.065674
5.403	-0.114761
5.404	0.149515
5.405	-0.068855
5.406	0.076831
5.407	-0.043352
5.408	-0.047496
5.409	-0.232075
5.41	-0.05706
5.411	-0.118268
5.412	-0.003185
5.413	-0.078738
5.414	0.533337
5.415	-0.340782
5.416	-0.202747
5.417	-0.04399
5.418	-0.07555
5.419	-0.218367
5.42	0.137082
5.421	-0.25726
5.422	0.361191
5.423	0.051966
5.424	0.109029
5.425	0.05866
5.426	-0.035064
5.427	0.012755
5.428	0.064399
5.429	0.035707
5.43	0.01913
5.431	0.198927
5.432	-0.033151
5.433	0.19574
5.434	-0.155566
5.435	0.129113
5.436	0.239414
5.437	-0.081607
5.438	-0.030601
5.439	0.029651
5.44	-0.002547
5.441	-0.007329
5.442	-0.182982
5.443	-0.16768
5.444	-0.210398
5.445	-0.039208
5.446	-0.460966
5.447	0.027738
5.448	-0.332494
5.449	0.149515
5.45	-0.106472
5.451	-0.035382
5.452	-0.258216
5.453	0.073006
5.454	0.023594
5.455	-0.187126
5.456	0.240689
5.457	0.125606
5.458	0.141545
5.459	0.007654
5.46	0.007016
5.461	0.094046
5.462	0.058342
5.463	0.159716
5.464	0.197971
5.465	0.065355
5.466	0.035707
5.467	0.417298
5.468	-0.10711
5.469	0.082569
5.47	0.129431
5.471	-0.082244
5.472	-0.098821
5.473	0.101697
5.474	0.023275
5.475	-0.030282
5.476	-0.156522
5.477	-0.206891
5.478	-0.353534
5.479	0.0271
5.48	-0.302846
5.481	-0.007648
5.482	-0.401671
5.483	-0.088301
5.484	0.029332
5.485	-0.10966
5.486	-0.318786
5.487	0.108391
5.488	-0.08352
5.489	-0.040483
5.49	0.166092
5.491	0.051966
5.492	0.251209
5.493	-0.047496
5.494	0.070137
5.495	0.046228
5.496	0.06408
5.497	0.046228
5.498	0.140589
5.499	0.090858
5.5	0.110942
5.501	0.293289
5.502	-0.131976
5.503	0.094683
5.504	0.141864
5.505	-0.25981
5.506	0.029651
5.507	0.12975
5.508	-0.261404
5.509	-0.000316
5.51	-0.167999
5.511	-0.019124
5.512	-0.375212
5.513	0.092133
5.514	-0.366285
5.515	0.11413
5.516	-0.12018
5.517	0.023594
5.518	0.126244
5.519	-0.206891
5.52	-0.317192
5.521	0.19574
5.522	-0.189358
5.523	0.070455
5.524	0.167049
5.525	0.005104
5.526	0.176293
5.527	0.060254
5.528	0.020087
5.529	0.029969
5.53	0.031882
5.531	0.045909
5.532	0.178525
5.533	0.084801
5.534	0.340789
5.535	0.031563
5.536	0.132938
5.537	0.178844
5.538	-0.110935
5.539	-0.039845
5.54	-0.047815
5.541	0.039852
5.542	-0.060248
5.543	0.03252
5.544	-0.202428
5.545	-0.267461
5.546	-0.010836
5.547	-0.173418
5.548	-0.355128
5.549	0.217417
5.55	-0.177881
5.551	-0.342376
5.552	0.004785
5.553	-0.275431
5.554	-0.07555
5.555	0.133576
5.556	-0.341739
5.557	0.284682
5.558	0.037301
5.559	0.147921
5.56	0.048459
5.561	0.043677
5.562	0.004785
5.563	0.118911
5.564	0.259497
5.565	0.0271
5.566	0.217098
5.567	-0.175331
5.568	0.472448
5.569	-0.095315
5.57	0.070137
5.571	0.208172
5.572	-0.134845
5.573	0.049734
5.574	0.000641
5.575	-0.063117
5.576	0.062486
5.577	0.022318
5.578	-0.16768
5.579	-0.255666
5.58	-0.034745
5.581	-0.189358
5.582	-0.19924
5.583	0.227618
5.584	-0.32293
5.585	-0.086707
5.586	-0.010836
5.587	-0.215498
5.588	-0.102647
5.589	-0.004779
5.59	-0.207529
5.591	0.250252
5.592	0.067268
5.593	0.259816
5.594	-0.052597
5.595	0.060254
5.596	0.055791
5.597	0.003191
5.598	0.26396
5.599	0.079063
5.6	0.082569
5.601	0.12465
5.602	0.389563
5.603	-0.169593
5.604	0.085757
5.605	0.163223
5.606	-0.133251
5.607	-0.066305
5.608	0.098828
5.609	-0.043033
5.61	0.101697
5.611	-0.158435
5.612	-0.144408
5.613	-0.245146
5.614	-0.032832
5.615	-0.034426
5.616	0.241645
5.617	-0.169911
5.618	-0.089895
5.619	0.189683
5.62	-0.211354
5.621	-0.393382
5.622	0.143777
5.623	-0.124006
5.624	0.052285
5.625	0.015305
5.626	0.073962
5.627	0.111579
5.628	0.051328
5.629	0.028375
5.63	0.051966
5.631	0.144415
5.632	0.080019
5.633	0.161948
5.634	-0.100097
5.635	0.152384
5.636	0.122099
5.637	-0.02805
5.638	0.120505
5.639	0.008292
5.64	-0.134207
5.641	0.012117
5.642	0.138358
5.643	-0.051003
5.644	0.057066
5.645	-0.14122
5.646	-0.12018
5.647	-0.245783
5.648	-0.035701
5.649	-0.286588
5.65	0.265554
5.651	-0.298065
5.652	0.068862
5.653	0.062167
5.654	-0.232075
5.655	-0.212948
5.656	0.057066
5.657	-0.211992
5.658	0.136126
5.659	0.102972
5.66	0.173424
5.661	0.10361
5.662	0.031882
5.663	-0.010198
5.664	-0.040164
5.665	0.073006
5.666	0.084482
5.667	0.207535
5.668	0.005423
5.669	0.368523
5.67	-0.087983
5.671	0.071412
5.672	0.282131
5.673	-0.084157
5.674	-0.068537
5.675	0.060254
5.676	-0.038889
5.677	-0.173737
5.678	0.042402
5.679	-0.138351
5.68	-0.127194
5.681	-0.149509
5.682	-0.08352
5.683	-0.293602
5.684	0.019768
5.685	-0.040164
5.686	-0.331219
5.687	0.037939
5.688	-0.211673
5.689	-0.119224
5.69	0.099465
5.691	-0.240045
5.692	0.262366
5.693	0.092133
5.694	0.152384
5.695	-0.002866
5.696	0.062167
5.697	0.051009
5.698	0.110942
5.699	0.214867
5.7	0.055154
5.701	0.065355
5.702	-0.071724
5.703	0.474042
5.704	-0.058654
5.705	0.092452
5.706	0.151109
5.707	-0.102009
5.708	-0.078738
5.709	0.167049
5.71	-0.06248
5.711	0.042721
5.712	-0.030919
5.713	-0.035382
5.714	-0.332494
5.715	-0.08862
5.716	-0.030919
5.717	-0.28085
5.718	-0.105835
5.719	-0.215179
5.72	-0.220599
5.721	-0.138033
5.722	-0.27288
5.723	-0.091808
5.724	0.097871
5.725	-0.216773
5.726	0.239095
5.727	0.079382
5.728	0.095321
5.729	-0.047815
5.73	0.108391
5.731	0.126244
5.732	0.042402
5.733	0.101378
5.734	0.133257
5.735	0.026144
5.736	0.107435
5.737	0.199884
5.738	-0.091489
5.739	0.097553
5.74	0.202753
5.741	-0.183938
5.742	0.078106
5.743	0.041127
5.744	-0.121137
5.745	0.125606
5.746	-0.156841
5.747	-0.183301
5.748	-0.223149
5.749	-0.053872
5.75	-0.454909
5.751	0.237182
5.752	-0.306991
5.753	-0.140583
5.754	0.211679
5.755	-0.282763
5.756	-0.320699
5.757	0.167686
5.758	-0.266504
5.759	0.1272
5.76	0.077788
5.761	0.13772
5.762	0.17725
5.763	-0.091489
5.764	0.073006
5.765	0.073006
5.766	0.076831
5.767	0.028694
5.768	0.269061
5.769	-0.095634
5.77	0.277031
5.771	0.054197
5.772	-0.002866
5.773	0.093408
5.774	0.087033
5.775	-0.084476
5.776	-0.139626
5.777	0.070137
5.778	-0.079057
5.779	-0.070449
5.78	-0.104878
5.781	-0.276706
5.782	-0.069812
5.783	0.005423
5.784	-0.000634
5.785	0.326443
5.786	0.002553
5.787	-0.402946
5.788	0.041764
5.789	-0.280212
5.79	-0.169911
5.791	0.084482
5.792	-0.231438
5.793	0.172787
5.794	0.135488
5.795	0.084801
5.796	0.05356
5.797	0.05866
5.798	0.014667
5.799	0.099465
5.8	0.072049
5.801	0.016899
5.802	0.160035
5.803	-0.101691
5.804	0.370755
5.805	-0.151422
5.806	0.095321
5.807	0.191914
5.808	-0.064392
5.809	-0.114123
5.81	0.106479
5.811	-0.003504
5.812	-0.163217
5.813	-0.146002
5.814	-0.098821
5.815	-0.339188
5.816	-0.021993
5.817	-0.034107
5.818	-0.337913
5.819	0.197971
5.82	-0.236857
5.821	-0.245464
5.822	-0.057379
5.823	-0.196052
5.824	-0.110617
5.825	0.110623
5.826	-0.328668
5.827	0.274162
5.828	0.054835
5.829	0.160992
5.83	0.015624
5.831	0.178844
5.832	0.013711
5.833	-0.002547
5.834	0.252484
5.835	0.027738
5.836	0.160992
5.837	0.073325
5.838	0.211998
5.839	-0.066943
5.84	0.115405
5.841	0.160992
5.842	-0.250246
5.843	-0.042396
5.844	0.209129
5.845	-0.003822
5.846	0.037301
5.847	-0.118268
5.848	-0.192545
5.849	-0.19127
5.85	-0.035701
5.851	-0.05451
5.852	0.143458
5.853	-0.099778
5.854	-0.082244
5.855	0.182988
5.856	-0.230481
5.857	-0.375212
5.858	0.234313
5.859	-0.118268
5.86	-0.023906
5.861	0.076831
5.862	0.055472
5.863	0.162267
5.864	-0.004779
5.865	-0.01243
5.866	0.146327
5.867	0.123693
5.868	0.073325
5.869	0.098509
5.87	-0.143771
5.871	0.293289
5.872	0.387013
5.873	-0.180113
5.874	0.212635
5.875	-0.08607
5.876	-0.00191
5.877	0.087033
5.878	-0.026775
5.879	-0.004779
5.88	0.002235
5.881	-0.14919
5.882	-0.145046
5.883	-0.244508
5.884	0.144415
5.885	0.010523
5.886	-0.043671
5.887	-0.403584
5.888	0.057066
5.889	0.042083
5.89	-0.117949
5.891	-0.340464
5.892	0.096915
5.893	-0.123687
5.894	0.049097
5.895	0.225706
5.896	-0.003822
5.897	0.22188
5.898	-0.069493
5.899	0.038577
5.9	0.068862
5.901	0.079382
5.902	0.105203
5.903	0.059298
5.904	0.072368
5.905	0.123693
5.906	-0.029007
5.907	0.132301
5.908	0.149515
5.909	-0.013386
5.91	-0.021675
5.911	-0.045584
5.912	0.022637
5.913	-0.044309
5.914	-0.081288
5.915	-0.101053
5.916	-0.270011
5.917	-0.002228
5.918	-0.221874
5.919	-0.200515
5.92	0.070455
5.921	0.044315
5.922	-0.273837
5.923	0.041127
5.924	-0.262041
5.925	0.028694
5.926	0.110942
5.927	-0.437057
5.928	0.404546
5.929	0.099784
5.93	0.015943
5.931	0.097553
5.932	-0.009242
5.933	0.014349
5.934	0.173424
5.935	0.040808
5.936	0.067268
5.937	0.095002
5.938	-0.05961
5.939	0.482331
5.94	-0.106472
5.941	0.120824
5.942	0.069499
5.943	-0.085114
5.944	-0.091808
5.945	0.354178
5.946	-0.066305
5.947	-0.095952
5.948	-0.178519
5.949	-0.22825
5.95	-0.332813
5.951	0.059935
5.952	-0.152697
5.953	-0.261404
5.954	-0.085432
5.955	-0.068218
5.956	-0.189039
5.957	-0.021356
5.958	-0.373618
5.959	-0.002228
5.96	0.011798
5.961	-0.297746
5.962	0.398171
5.963	0.090539
5.964	0.076831
5.965	0.080019
5.966	0.011798
5.967	0.147921
5.968	0.108391
5.969	0.04559
5.97	0.013711
5.971	0.000322
5.972	0.225706
5.973	0.255353
5.974	-0.12815
5.975	0.197652
5.976	0.107116
5.977	-0.015936
5.978	-0.063755
5.979	-0.007329
5.98	0.03252
5.981	-0.017849
5.982	-0.025181
5.983	-0.199559
5.984	-0.308903
5.985	-0.009879
5.986	-0.155566
5.987	0.234632
5.988	-0.255028
5.989	0.03252
5.99	0.113811
5.991	-0.058654
5.992	-0.29137
5.993	0.046546
5.994	0.002872
5.995	-0.101053
5.996	0.098828
5.997	0.062486
5.998	0.202753
5.999	-0.037933
6	-0.027413
6.001	0.155253
6.002	0.193508
6.003	0.014986
6.004	0.16131
6.005	-0.027094
6.006	0.304765
6.007	-0.091171
6.008	-0.114123
6.009	0.09819
6.01	0.060892
6.011	-0.084795
6.012	-0.040164
6.013	0.055791
6.014	-0.162898
6.015	0.0797
6.016	-0.030919
6.017	-0.258535
6.018	-0.050366
6.019	-0.074275
6.02	-0.229844
6.021	0.115405
6.022	-0.143771
6.023	-0.315917
6.024	-0.055466
6.025	-0.189358
6.026	-0.220918
6.027	0.03252
6.028	-0.161304
6.029	0.094365
6.03	0.032201
6.031	0.084482
6.032	0.145371
6.033	0.078425
6.034	-0.019443
6.035	0.128794
6.036	0.154935
6.037	0.096915
6.038	0.182669
6.039	-0.217411
6.04	0.363741
6.041	0.120824
6.042	0.046546
6.043	0.168643
6.044	-0.222512
6.045	0.125287
6.046	-0.03347
6.047	0.032201
6.048	-0.005416
6.049	-0.073956
6.05	-0.072681
6.051	-0.224743
6.052	-0.186488
6.053	-0.009561
6.054	-0.053553
6.055	0.485519
6.056	-0.359272
6.057	-0.208485
6.058	-0.041758
6.059	-0.109341
6.06	-0.14409
6.061	0.070455
6.062	-0.228569
6.063	0.352265
6.064	0.041446
6.065	0.162267
6.066	0.039852
6.067	0.009248
6.068	-0.00701
6.069	0.012117
6.07	0.198927
6.071	0.088308
6.072	0.013073
6.073	0.094683
6.074	0.245789
6.075	-0.218049
6.076	0.005104
6.077	0.25344
6.078	-0.123687
6.079	-0.131019
6.08	0.165136
6.081	-0.003822
6.082	0.036664
6.083	-0.18075
6.084	-0.180113
6.085	-0.331219
6.086	-0.044627
6.087	-0.338551
6.088	-0.181388
6.089	-0.212948
6.09	0.115405
6.091	-0.117311
6.092	-0.050684
6.093	-0.258216
6.094	0.077469
6.095	0.05866
6.096	-0.15716
6.097	0.205941
6.098	0.099465
6.099	0.121143
6.1	-0.008285
6.101	0.021681
6.102	0.10361
6.103	0.083207
6.104	0.068543
6.105	0.149196
6.106	-0.02805
6.107	0.09819
6.108	0.401358
6.109	-0.192227
6.11	0.10361
6.111	0.18235
6.112	-0.140264
6.113	-0.00446
6.114	0.228894
6.115	-0.082882
6.116	0.152384
6.117	-0.154928
6.118	-0.131976
6.119	-0.405496
6.12	0.038577
6.121	0.132938
6.122	0.141864
6.123	-0.568079
6.124	-0.094677
6.125	0.131663
6.126	-0.06248
6.127	-0.32293
6.128	0.09564
6.129	-0.005416
6.13	-0.098184
6.131	0.243239
6.132	-0.036976
6.133	0.214229
6.134	0.051966
6.135	0.028375
6.136	0.065036
6.137	-0.00446
6.138	0.113173
6.139	0.153341
6.14	-0.042077
6.141	0.320386
6.142	-0.111573
6.143	-0.008604
6.144	0.220924
6.145	0.143139
6.146	-0.183301
6.147	0.021681
6.148	-0.012111
6.149	-0.300615
6.15	0.141227
6.151	-0.053553
6.152	-0.262041
6.153	-0.054829
6.154	-0.018805
6.155	-0.19669
6.156	0.586256
6.157	-0.35449
6.158	-0.108385
6.159	0.093408
6.16	-0.211673
6.161	-0.183301
6.162	0.131982
6.163	-0.322293
6.164	0.149515
6.165	-0.018805
6.166	0.10361
6.167	0.042402
6.168	0.029013
6.169	0.023594
6.17	-0.045902
6.171	-0.027732
6.172	0.018812
6.173	0.280856
6.174	-0.139308
6.175	0.253122
6.176	-0.040483
6.177	-0.018805
6.178	0.170555
6.179	-0.024862
6.18	-0.114442
6.181	0.098828
6.182	0.028375
6.183	-0.382862
6.184	0.157166
6.185	-0.122731
6.186	-0.294239
6.187	-0.068218
6.188	-0.025181
6.189	0.007016
6.19	0.210723
6.191	-0.061842
6.192	-0.306672
6.193	0.053878
6.194	-0.237495
6.195	-0.140902
6.196	0.145371
6.197	-0.322611
6.198	0.228256
6.199	0.133257
6.2	0.171512
6.201	0.034114
6.202	0.074281
6.203	0.002235
6.204	0.098509
6.205	0.187451
6.206	0.042402
6.207	0.16131
6.208	0.075875
6.209	0.168005
6.21	-0.017849
6.211	0.155253
6.212	0.223474
6.213	-0.163536
6.214	-0.094996
6.215	0.023912
6.216	0.043996
6.217	-0.015936
6.218	-0.184576
6.219	-0.146959
6.22	-0.244827
6.221	-0.032195
6.222	-0.431637
6.223	0.172149
6.224	-0.152697
6.225	0.103291
6.226	0.078744
6.227	-0.08862
6.228	-0.252159
6.229	0.05611
6.23	-0.002228
6.231	-0.130382
6.232	0.143458
6.233	0.086395
6.234	0.177569
6.235	-0.067899
6.236	0.079382
6.237	0.162267
6.238	0.045271
6.239	0.038258
6.24	0.229212
6.241	0.00606
6.242	0.158122
6.243	0.343339
6.244	-0.073956
6.245	0.113811
6.246	0.141864
6.247	-0.287545
6.248	-0.015936
6.249	0.131344
6.25	-0.133888
6.251	0.006379
6.252	-0.105835
6.253	-0.226975
6.254	-0.212948
6.255	0.012117
6.256	-0.343333
6.257	0.212954
6.258	-0.276068
6.259	-0.045584
6.26	0.19032
6.261	-0.318467
6.262	-0.360547
6.263	0.165773
6.264	-0.087026
6.265	-0.006054
6.266	0.169918
6.267	0.043677
6.268	0.165136
6.269	0.000959
6.27	0.039852
6.271	-0.016255
6.272	0.168324
6.273	0.160354
6.274	0.131025
6.275	-0.020399
6.276	0.321342
6.277	-0.012111
6.278	-0.057379
6.279	0.199246
6.28	-0.033789
6.281	-0.132932
6.282	0.047821
6.283	-0.005097
6.284	-0.016255
6.285	0.102334
6.286	-0.17565
6.287	-0.258535
6.288	-0.076187
6.289	-0.047178
6.29	-0.445664
6.291	0.311779
6.292	-0.31241
6.293	-0.116036
6.294	0.077469
6.295	-0.111892
6.296	-0.335044
6.297	0.175656
6.298	-0.379675
6.299	0.331862
6.3	0.020406
6.301	0.122418
6.302	0.079382
6.303	0.031563
6.304	0.044315
6.305	0.007016
6.306	0.160673
6.307	0.021681
6.308	0.260454
6.309	0.052603
6.31	0.184582
6.311	-0.070768
6.312	0.018812
6.313	0.101697
6.314	-0.066943
6.315	0.01148
6.316	-0.062798
6.317	0.113492
6.318	-0.1307
6.319	-0.005097
6.32	-0.18617
6.321	-0.314642
6.322	0.072049
6.323	-0.250884
6.324	-0.261723
6.325	-0.052278
6.326	-0.12018
6.327	-0.364691
6.328	0.026463
6.329	-0.336638
6.33	0.010842
6.331	0.092133
6.332	-0.262041
6.333	0.264598
6.334	0.148878
6.335	0.145052
6.336	-0.013067
6.337	0.070455
6.338	0.028694
6.339	0.077788
6.34	0.022318
6.341	0.086395
6.342	0.054516
6.343	0.061848
6.344	0.489663
6.345	-0.267461
6.346	0.109029
6.347	0.253122
6.348	-0.193183
6.349	-0.089258
6.35	0.2273
6.351	-0.152378
6.352	0.001916
6.353	-0.087664
6.354	-0.19924
6.355	-0.342057
6.356	-0.006373
6.357	-0.29137
6.358	0.155253
6.359	0.012117
6.36	0.05866
6.361	0.022637
6.362	-0.029963
6.363	-0.352259
6.364	0.081294
6.365	-0.087664
6.366	-0.187764
6.367	0.334413
6.368	-0.050047
6.369	0.099147
6.37	-0.009879
6.371	0.086714
6.372	0.081613
6.373	0.078106
6.374	0.103291
6.375	0.05356
6.376	0.112854
6.377	0.210404
6.378	0.136764
6.379	-0.136439
6.38	0.071731
6.381	-0.027413
6.382	-0.060567
6.383	0.061529
6.384	0.017855
6.385	-0.078419
6.386	-0.084795
6.387	-0.098184
6.388	-0.276706
6.389	0.028694
6.39	-0.077781
6.391	-0.21773
6.392	0.242602
6.393	0.051328
6.394	-0.401352
6.395	0.126881
6.396	-0.281488
6.397	0.011161
6.398	0.135807
6.399	-0.319105
6.4	0.217736
6.401	0.007973
6.402	0.068862
6.403	0.075237
6.404	-0.019124
6.405	0.053878
6.406	0.09819
6.407	0.142821
6.408	0.093408
6.409	0.135807
6.41	-0.274793
6.411	0.292014
6.412	0.138676
6.413	-0.069174
6.414	0.146646
6.415	-0.195415
6.416	-0.011473
6.417	0.134851
6.418	-0.050047
6.419	-0.035701
6.42	0.073643
6.421	-0.269374
6.422	-0.070768
6.423	-0.263954
6.424	0.041446
6.425	-0.164492
6.426	0.29839
6.427	-0.412191
6.428	-0.046859
6.429	0.022637
6.43	-0.125281
6.431	-0.135482
6.432	0.110942
6.433	-0.233032
6.434	0.383188
6.435	0.008929
6.436	0.201478
6.437	0.087989
6.438	0.056429
6.439	0.083207
6.44	-0.03347
6.441	0.120187
6.442	-0.060248
6.443	0.087989
6.444	0.097553
6.445	0.287551
6.446	-0.113805
6.447	0.162904
6.448	-0.015618
6.449	0.06918
6.45	0.017855
6.451	-0.081607
6.452	0.10074
6.453	-0.03347
6.454	0.001278
6.455	-0.164492
6.456	-0.231756
6.457	-0.003822
6.458	0.054516
6.459	0.312735
6.46	-0.130382
6.461	-0.234944
6.462	-0.142496
6.463	-0.01498
6.464	-0.408366
6.465	0.21933
6.466	-0.160029
6.467	0.013711
6.468	0.058979
6.469	0.077788
6.47	0.062486
6.471	0.078744
6.472	0.021362
6.473	0.149834
6.474	0.068543
6.475	0.059935
6.476	0.228894
6.477	-0.045265
6.478	0.076831
6.479	0.159398
6.48	0.003191
6.481	0.041446
6.482	0.025187
6.483	0.022
6.484	-0.039845
6.485	-0.007329
6.486	0.090858
6.487	0.022956
6.488	-0.077463
6.489	-0.150465
6.49	-0.367879
6.491	0.057066
6.492	-0.234307
6.493	0.223793
6.494	-0.286269
6.495	0.082888
6.496	0.050053
6.497	-0.274474
6.498	-0.231438
6.499	0.107116
6.5	-0.154928
6.501	-0.000316
6.502	0.089583
6.503	0.07715
6.504	0.254078
6.505	-0.024862
6.506	0.051647
6.507	0.086395
6.508	0.075875
6.509	0.088945
6.51	0.118274
6.511	-0.063117
6.512	0.226025
6.513	-0.018805
6.514	0.054516
6.515	0.117636
6.516	-0.109979
6.517	-0.123368
6.518	0.041446
6.519	0.006379
6.52	-0.061204
6.521	0.056429
6.522	-0.091489
6.523	-0.221555
6.524	-0.041121
6.525	-0.118905
6.526	-0.432275
6.527	0.186176
6.528	-0.178838
6.529	-0.498902
6.53	-0.023587
6.531	-0.218367
6.532	-0.056741
6.533	0.135488
6.534	-0.34142
6.535	0.233357
6.536	0.087033
6.537	0.108391
6.538	0.09309
6.539	0.004147
6.54	-0.023587
6.541	0.081613
6.542	0.105522
6.543	-0.102966
6.544	0.172468
6.545	-0.022631
6.546	0.150472
6.547	0.009567
6.548	0.092771
6.549	0.143458
6.55	-0.150784
6.551	0.019449
6.552	-0.020081
6.553	0.111579
6.554	-0.019443
6.555	-0.085114
6.556	-0.132294
6.557	-0.306034
6.558	-0.013067
6.559	-0.091808
6.56	-0.33345
6.561	0.171512
6.562	-0.221555
6.563	-0.377124
6.564	0.056429
6.565	-0.298702
6.566	-0.028369
6.567	0.181075
6.568	-0.296471
6.569	0.285957
6.57	0.115405
6.571	0.047503
6.572	0.073006
6.573	0.073962
6.574	-0.021675
6.575	0.123374
6.576	0.115086
6.577	0.094046
6.578	0.092133
6.579	-0.063436
6.58	0.529512
6.581	-0.119224
6.582	0.143139
6.583	0.241964
6.584	-0.123687
6.585	-0.073637
6.586	0.158441
6.587	-0.123049
6.588	-0.158116
6.589	0.115086
6.59	-0.195415
6.591	-0.319105
6.592	-0.001591
6.593	-0.106472
6.594	-0.508465
6.595	0.202753
6.596	-0.215179
6.597	-0.255666
6.598	0.085439
6.599	-0.306353
6.6	-0.008923
6.601	0.092133
6.602	-0.32835
6.603	0.396895
6.604	-0.024862
6.605	0.132301
6.606	-0.008604
6.607	0.04559
6.608	0.012755
6.609	0.009248
6.61	0.131982
6.611	0.076512
6.612	0.003829
6.613	0.196058
6.614	0.194783
6.615	-0.067261
6.616	0.159079
6.617	0.147921
6.618	-0.143771
6.619	-0.02295
6.62	-0.010198
6.621	-0.053872
6.622	0.131025
6.623	-0.21773
6.624	-0.141858
6.625	-0.173099
6.626	-0.026138
6.627	0.252484
6.628	0.236545
6.629	-0.224424
6.63	-0.27033
6.631	0.151109
6.632	-0.25184
6.633	-0.216455
6.634	0.099465
6.635	-0.150465
6.636	0.197971
6.637	-0.008604
6.638	0.138995
6.639	0.092133
6.64	0.128794
6.641	-0.044309
6.642	0.155253
6.643	0.146646
6.644	0.091814
6.645	0.120187
6.646	-0.189358
6.647	0.322618
6.648	0.16673
6.649	-0.063436
6.65	0.131344
6.651	-0.131019
6.652	-0.000634
6.653	0.042083
6.654	0.041764
6.655	-0.025819
6.656	-0.043352
6.657	-0.171505
6.658	-0.217092
6.659	-0.166724
6.66	0.029969
6.661	-0.290414
6.662	0.228894
6.663	-0.398802
6.664	-0.239407
6.665	0.001916
6.666	-0.063117
6.667	-0.219005
6.668	0.179481
6.669	-0.310179
6.67	0.33505
6.671	0.085439
6.672	0.076831
6.673	0.107116
6.674	0.018174
6.675	0.005741
6.676	0.073006
6.677	0.109029
6.678	-0.101372
6.679	0.153978
6.68	0.106479
6.681	0.349396
6.682	-0.058973
6.683	0.157485
6.684	0.08767
6.685	-0.087026
6.686	-0.039527
6.687	-0.005735
6.688	0.023275
6.689	-0.117311
6.69	-0.039845
6.691	-0.128788
6.692	-0.211673
6.693	-0.042715
6.694	-0.358634
6.695	-0.069174
6.696	-0.383819
6.697	0.009248
6.698	-0.35449
6.699	-0.029325
6.7	-0.319423
6.701	0.065355
6.702	0.008292
6.703	-0.290732
6.704	0.277031
6.705	0.026144
6.706	0.161948
6.707	0.084163
6.708	-0.015299
6.709	0.132938
6.71	0.181713
6.711	0.110942
6.712	0.099147
6.713	-0.00191
6.714	0.24037
6.715	0.382231
6.716	-0.226975
6.717	0.192233
6.718	-0.007329
6.719	0.034751
6.72	0.068224
6.721	-0.075869
6.722	0.093727
6.723	-0.072681
6.724	0.005741
6.725	-0.270649
6.726	-0.207847
6.727	0.009248
6.728	-0.164811
6.729	0.091496
6.73	-0.160985
6.731	-0.277662
6.732	-0.072362
6.733	-0.068218
6.734	-0.36501
6.735	0.160673
6.736	-0.153972
6.737	0.091496
6.738	0.033157
6.739	0.115724
6.74	0.087351
6.741	0.059298
6.742	0.030607
6.743	0.080019
6.744	0.142502
6.745	0.030607
6.746	0.263642
6.747	-0.129744
6.748	0.304128
6.749	0.184582
6.75	-0.088301
6.751	0.004466
6.752	-0.03857
6.753	0.017218
6.754	-0.028369
6.755	0.146327
6.756	-0.100097
6.757	-0.029963
6.758	-0.068537
6.759	-0.291051
6.76	-0.177244
6.761	-0.02805
6.762	0.117955
6.763	0.380956
6.764	-0.218367
6.765	-0.297108
6.766	-0.039208
6.767	-0.085114
6.768	-0.213904
6.769	0.107435
6.77	-0.271924
6.771	0.170236
6.772	0.127519
6.773	0.092133
6.774	0.080657
6.775	0.051966
6.776	0.007335
6.777	0.036026
6.778	0.073006
6.779	0.008292
6.78	0.088945
6.781	0.112854
6.782	0.294245
6.783	-0.235263
6.784	0.196696
6.785	0.114767
6.786	-0.072681
6.787	-0.003504
6.788	-0.019443
6.789	0.127519
6.79	-0.091808
6.791	0.018812
6.792	-0.17565
6.793	-0.290095
6.794	0.023912
6.795	-0.044309
6.796	0.238776
6.797	-0.110617
6.798	0.125606
6.799	-0.14919
6.8	-0.00446
6.801	-0.29934
6.802	0.101378
6.803	0.007335
6.804	-0.242914
6.805	0.203391
6.806	0.018174
6.807	0.159398
6.808	0.08767
6.809	-0.02805
6.81	0.113492
6.811	0.14569
6.812	0.136126
6.813	0.127838
6.814	0.013392
6.815	0.125606
6.816	0.166411
6.817	-0.135482
6.818	0.131344
6.819	0.021043
6.82	0.064399
6.821	0.01403
6.822	0.00351
6.823	0.023912
6.824	-0.011473
6.825	-0.09404
6.826	-0.129106
6.827	-0.138989
6.828	-0.004779
6.829	-0.314004
6.83	0.190639
6.831	-0.015299
6.832	-0.306353
6.833	-0.002228
6.834	-0.061842
6.835	-0.37043
6.836	0.122418
6.837	-0.201153
6.838	0.001916
6.839	0.117317
6.84	0.055154
6.841	0.059617
6.842	0.080338
6.843	0.031244
6.844	0.068862
6.845	0.11923
6.846	0.034751
6.847	0.10616
6.848	-0.058335
6.849	0.118911
6.85	0.105203
6.851	-0.105197
6.852	0.047503
6.853	-0.058654
6.854	0.0746
6.855	-0.008923
6.856	0.085757
6.857	0.030926
6.858	-0.05706
6.859	-0.128788
6.86	-0.14664
6.861	-0.200196
6.862	-0.014024
6.863	-0.263317
6.864	0.11668
6.865	-0.148553
6.866	-0.156522
6.867	-0.04399
6.868	-0.175968
6.869	-0.137714
6.87	0.063442
6.871	-0.221555
6.872	0.072368
6.873	0.087351
6.874	0.084163
6.875	0.161948
6.876	-0.041758
6.877	-0.022631
6.878	0.103928
6.879	0.235907
6.88	0.10871
6.881	0.210404
6.882	-0.09659
6.883	0.270336
6.884	0.002553
6.885	-0.024544
6.886	0.202753
6.887	0.009886
6.888	-0.018487
6.889	0.056429
6.89	0.068543
6.891	-0.060248
6.892	-0.030919
6.893	-0.035382
6.894	-0.293602
6.895	-0.118586
6.896	0.030926
6.897	-0.25981
6.898	0.234632
6.899	0.000322
6.9	-0.306991
6.901	0.023275
6.902	-0.166086
6.903	-0.153653
6.904	0.178206
6.905	-0.314642
6.906	0.198609
6.907	0.167049
6.908	0.026144
6.909	0.122418
6.91	0.06408
6.911	-0.014342
6.912	0.104885
6.913	0.20626
6.914	0.252165
6.915	0.134532
6.916	0.081294
6.917	0.285319
6.918	-0.10711
6.919	0.130707
6.92	0.108073
6.921	-0.034107
6.922	0.007973
6.923	-0.070449
6.924	0.132619
6.925	-0.044309
6.926	-0.065667
6.927	-0.138033
6.928	-0.20721
6.929	-0.060567
6.93	-0.09404
6.931	-0.03857
6.932	-0.379037
6.933	-0.147596
6.934	-0.413466
6.935	-0.078738
6.936	-0.354809
6.937	0.148878
6.938	0.025825
6.939	-0.343333
6.94	0.296158
6.941	-0.019762
6.942	0.097553
6.943	0.124331
6.944	0.029969
6.945	0.166092
6.946	0.187451
6.947	0.019449
6.948	0.017537
6.949	0.096596
6.95	0.130388
6.951	0.156847
6.952	-0.030601
6.953	0.068862
6.954	-0.041758
6.955	0.063761
6.956	-0.065667
6.957	-0.013705
6.958	0.094365
6.959	-0.02805
6.96	-0.1256
6.961	-0.158435
6.962	-0.173737
6.963	-0.001272
6.964	-0.256622
6.965	0.032201
6.966	-0.048134
6.967	-0.223787
6.968	-0.142814
6.969	-0.087026
6.97	-0.218686
6.971	0.114448
6.972	-0.173737
6.973	0.009886
6.974	0.076831
6.975	0.062167
6.976	0.151428
6.977	0.024231
6.978	0.001916
6.979	0.18235
6.98	0.176931
6.981	0.046228
6.982	0.309228
6.983	-0.137395
6.984	0.276712
6.985	0.052922
6.986	-0.014342
6.987	0.159716
6.988	0.131344
6.989	-0.136439
6.99	-0.009242
6.991	0.095321
6.992	-0.003504
6.993	0.082251
6.994	-0.025181
6.995	-0.214542
6.996	-0.256941
6.997	0.098509
6.998	-0.409003
6.999	0.136126
7	-0.285632
7.001	-0.0255
7.002	0.169599
7.003	-0.360228
7.004	-0.309541
7.005	0.127838
7.006	-0.09659
7.007	-0.019762
7.008	0.101697
7.009	0.072368
7.01	0.188726
7.011	0.030607
7.012	-0.016255
7.013	0.008292
7.014	0.222518
7.015	0.168005
7.016	0.096915
7.017	-0.047815
7.018	0.371392
7.019	0.159716
7.02	-0.095634
7.021	0.15079
7.022	-0.108704
7.023	-0.031557
7.024	0.086076
7.025	0.002553
7.026	-0.033789
7.027	-0.020399
7.028	-0.14919
7.029	-0.310179
7.03	-0.080013
7.031	0.061848
7.032	-0.407409
7.033	0.084163
7.034	-0.109979
7.035	-0.45204
7.036	0.048778
7.037	-0.270968
7.038	-0.150465
7.039	0.137401
7.04	-0.294558
7.041	0.238139
7.042	0.051647
7.043	0.087351
7.044	0.108391
7.045	0.015305
7.046	0.019449
7.047	0.134213
7.048	0.09564
7.049	0.046228
7.05	0.106797
7.051	-0.083201
7.052	0.2799
7.053	-0.129106
7.054	0.044952
7.055	0.122737
7.056	-0.093083
7.057	-0.09914
7.058	0.196377
7.059	0.037939
7.06	-0.096909
7.061	-0.065986
7.062	-0.221874
7.063	-0.322611
7.064	0.147921
7.065	-0.35449
7.066	-0.264273
7.067	-0.16226
7.068	-0.102966
7.069	-0.319423
7.07	0.041446
7.071	-0.316554
7.072	0.108391
7.073	0.004466
7.074	-0.336638
7.075	0.41411
7.076	0.068543
7.077	0.064399
7.078	0.03762
7.079	-0.014342
7.08	0.063123
7.081	-0.027094
7.082	0.065674
7.083	-0.045265
7.084	0.015943
7.085	0.252165
7.086	0.236226
7.087	-0.249609
7.088	0.173743
7.089	0.102016
7.09	-0.015936
7.091	-0.013705
7.092	0.005423
7.093	0.023275
7.094	-0.036976
7.095	0.036345
7.096	-0.206891
7.097	-0.305078
7.098	-0.025819
7.099	-0.443432
7.1	0.153341
7.101	-0.294239
7.102	0.083207
7.103	-0.035382
7.104	-0.160667
7.105	-0.424624
7.106	0.10616
7.107	-0.071724
7.108	-0.040802
7.109	0.11413
7.11	0.045271
7.111	0.223474
7.112	-0.008604
7.113	0.025187
7.114	0.099465
7.115	0.155253
7.116	0.124012
7.117	0.12975
7.118	0.115086
7.119	0.220286
7.12	0.093727
7.121	0.046228
7.122	-0.037295
7.123	-0.05961
7.124	0.078425
7.125	-0.020081
7.126	0.089583
7.127	-0.036339
7.128	-0.024225
7.129	-0.110298
7.13	-0.173099
7.131	-0.179156
7.132	0.078106
7.133	-0.84957
7.134	-0.001591
7.135	0.0746
7.136	-0.455865
7.137	0.03507
7.138	-0.176925
7.139	-0.086389
7.14	0.207535
7.141	-0.385413
7.142	0.317836
7.143	0.0797
7.144	0.063123
7.145	0.13772
7.146	-0.02805
7.147	0.029013
7.148	0.19032
7.149	0.10361
7.15	-0.080332
7.151	0.164817
7.152	0.031563
7.153	0.316561
7.154	-0.065986
7.155	0.005741
7.156	-0.021037
7.157	0.026781
7.158	0.020724
7.159	-0.018487
7.16	0.043677
7.161	-0.010198
7.162	-0.115398
7.163	-0.13612
7.164	-0.093083
7.165	-0.112848
7.166	-0.098503
7.167	0.170236
7.168	-0.074912
7.169	-0.002547
7.17	-0.24387
7.171	-0.03347
7.172	-0.343651
7.173	0.11923
7.174	-0.105835
7.175	-0.23622
7.176	0.199565
7.177	0.001278
7.178	0.191914
7.179	0.048778
7.18	0.005423
7.181	0.161948
7.182	0.101059
7.183	3.128e-06
7.184	0.172787
7.185	0.013392
7.186	0.108073
7.187	0.219011
7.188	-0.146002
7.189	0.146327
7.19	0.174062
7.191	-0.003185
7.192	-0.046859
7.193	0.071093
7.194	0.063761
7.195	-0.002228
7.196	-0.024544
7.197	-0.269374
7.198	-0.20976
7.199	0.112217
7.2	-0.29392
7.201	0.073006
7.202	-0.180431
7.203	0.162904
7.204	-0.016574
7.205	-0.156522
7.206	-0.302209
7.207	0.122418
7.208	-0.016255
7.209	-0.098184
7.21	0.102972
7.211	0.073643
7.212	0.135488
7.213	0.051009
7.214	-0.000316
7.215	0.04559
7.216	0.133895
7.217	0.110304
7.218	0.155891
7.219	-0.078738
7.22	0.19829
7.221	0.276074
7.222	-0.098184
7.223	0.109985
7.224	-0.019762
7.225	0.046865
7.226	0.031882
7.227	0.004466
7.228	-0.011792
7.229	-0.007648
7.23	-0.094996
7.231	-0.228569
7.232	-0.133888
7.233	0.087351
7.234	-0.122731
7.235	0.245789
7.236	0.012755
7.237	-0.398802
7.238	0.134213
7.239	-0.167042
7.24	-0.233669
7.241	0.153659
7.242	-0.331219
7.243	0.215504
7.244	0.151747
7.245	-0.031876
7.246	0.162267
7.247	0.010523
7.248	0.011161
7.249	0.16673
7.25	0.11126
7.251	-0.063755
7.252	0.138358
7.253	0.057704
7.254	0.281175
7.255	0.01403
7.256	0.050691
7.257	-0.006691
7.258	-0.014024
7.259	0.038577
7.26	0.026463
7.261	0.153341
7.262	0.009248
7.263	-0.112848
7.264	-0.073637
7.265	-0.111892
7.266	-0.090214
7.267	-0.069174
7.268	-0.164173
7.269	-0.027413
7.27	0.060573
7.271	-0.235263
7.272	-0.060886
7.273	-0.354171
7.274	0.059298
7.275	-0.048134
7.276	-0.227931
7.277	0.177569
7.278	0.117636
7.279	0.142821
7.28	0.117636
7.281	-0.04399
7.282	0.125287
7.283	0.101059
7.284	-0.000316
7.285	0.112854
7.286	0.074281
7.287	-0.036658
7.288	0.380318
7.289	-0.187445
7.29	0.188726
7.291	0.190001
7.292	-0.097546
7.293	-0.032195
7.294	0.149834
7.295	-0.032195
7.296	-0.014342
7.297	-0.037614
7.298	-0.085432
7.299	-0.193183
7.3	-0.084157
7.301	-0.052597
7.302	-0.216773
7.303	0.219968
7.304	-0.133569
7.305	-0.194139
7.306	-0.025181
7.307	-0.15716
