1.996	-0.102328
1.997	-0.016893
1.998	0.00351
1.999	0.067905
2	0.073962
2.001	-0.096909
2.002	-0.018487
2.003	-0.241958
2.004	-0.08352
2.005	-0.161304
2.006	-0.41506
2.007	0.011798
2.008	-0.132932
2.009	-0.329943
2.01	-0.015299
2.011	-0.289138
2.012	-0.051641
2.013	-0.002866
2.014	-0.244508
2.015	0.298071
2.016	0.068862
2.017	0.156529
2.018	0.072368
2.019	-0.072362
2.02	0.057704
2.021	0.134213
2.022	0.043996
2.023	0.097234
2.024	0.072368
2.025	-0.158754
2.026	0.318155
2.027	-0.132294
2.028	0.228256
2.029	0.050053
2.03	-0.135482
2.031	0.049734
2.032	-0.20721
2.033	0.165136
2.034	-0.051641
2.035	-0.082563
2.036	0.016261
2.037	-0.297746
2.038	-0.068537
2.039	0.012755
2.04	0.040171
2.041	-0.361504
2.042	-0.008285
2.043	-0.032195
2.044	-0.011792
2.045	-0.316236
2.046	0.188726
2.047	-0.061842
2.048	-0.077144
2.049	0.129113
2.05	0.071093
2.051	0.188407
2.052	0.068224
2.053	-0.078419
2.054	0.176931
2.055	0.086076
2.056	-0.087345
2.057	0.194783
2.058	-0.077781
2.059	-0.003185
2.06	0.252484
2.061	-0.073318
2.062	0.165136
2.063	0.05866
2.064	-0.053553
2.065	-0.030601
2.066	-0.043352
2.067	0.226025
2.068	-0.025819
2.069	-0.114442
2.07	-0.001591
2.071	-0.240683
2.072	-0.090214
2.073	-0.339507
2.074	0.132619
2.075	-0.242914
2.076	0.009567
2.077	0.065036
2.078	-0.177562
2.079	-0.272243
2.08	0.22188
2.081	-0.130063
2.082	0.114448
2.083	-0.077781
2.084	0.109667
2.085	0.121462
2.086	0.058023
2.087	-0.006691
2.088	0.15079
2.089	0.110304
2.09	0.040489
2.091	0.265554
2.092	-0.142496
2.093	0.225387
2.094	0.073962
2.095	-0.064073
2.096	0.169918
2.097	-0.086707
2.098	-0.013386
2.099	0.033157
2.1	-0.034107
2.101	-0.003185
2.102	-0.207847
2.103	-0.015618
2.104	-0.161304
2.105	-0.119224
2.106	-0.037933
2.107	0.065992
2.108	0.220286
2.109	-0.102647
2.11	-0.240683
2.111	0.046228
2.112	-0.093402
2.113	-0.248971
2.114	0.138676
2.115	-0.219642
2.116	0.232719
2.117	0.094683
2.118	0.01658
2.119	0.102334
2.12	-0.072362
2.121	0.037301
2.122	0.186495
2.123	0.045271
2.124	0.065992
2.125	0.355453
2.126	-0.101053
2.127	0.19574
2.128	0.002872
2.129	0.060573
2.13	0.11668
2.131	-0.014024
2.132	-0.055785
2.133	-0.038889
2.134	-0.027413
2.135	0.083526
2.136	-0.045265
2.137	-0.002547
2.138	-0.23877
2.139	-0.230481
2.14	-0.119224
2.141	-0.302846
2.142	-0.066943
2.143	-0.072362
2.144	-0.40454
2.145	-0.064392
2.146	-0.312091
2.147	-0.104241
2.148	-0.002866
2.149	-0.269692
2.15	0.197334
2.151	0.12975
2.152	0.076831
2.153	0.072687
2.154	-0.056104
2.155	0.046546
2.156	0.247065
2.157	-0.10456
2.158	0.163542
2.159	0.031882
2.16	-0.116036
2.161	0.251209
2.162	0.024231
2.163	0.1747
2.164	-0.041121
2.165	-0.180113
2.166	-0.042715
2.167	0.016899
2.168	0.005741
2.169	-0.004779
2.17	-0.123049
2.171	-0.021037
2.172	-0.275112
2.173	-0.129425
2.174	-0.151422
2.175	-0.165448
2.176	-0.284038
2.177	-0.147915
2.178	-0.261723
2.179	-0.098821
2.18	-0.277343
2.181	-0.035701
2.182	0.030607
2.183	-0.296789
2.184	0.241008
2.185	0.078106
2.186	0.196696
2.187	0.061848
2.188	-0.060886
2.189	0.133257
2.19	0.141545
2.191	0.078425
2.192	0.092133
2.193	0.034432
2.194	-0.097865
2.195	0.285638
2.196	-0.158116
2.197	0.201797
2.198	0.147284
2.199	-0.290414
2.2	0.068543
2.201	-0.115398
2.202	0.118911
2.203	-0.02295
2.204	-0.163854
2.205	-0.039208
2.206	-0.27033
2.207	-0.030282
2.208	-0.059929
2.209	0.08767
2.21	-0.099778
2.211	-0.010198
2.212	0.123693
2.213	-0.156841
2.214	-0.289138
2.215	0.250571
2.216	-0.192227
2.217	0.050691
2.218	-0.016574
2.219	0.05611
2.22	0.129113
2.221	0.088945
2.222	-0.001272
2.223	0.178206
2.224	0.066949
2.225	0.027419
2.226	0.205303
2.227	-0.032513
2.228	0.159716
2.229	0.214548
2.23	-0.077781
2.231	0.157804
2.232	0.039852
2.233	-0.061842
2.234	0.05356
2.235	-0.023906
2.236	0.041764
2.237	-0.138351
2.238	-0.019443
2.239	-0.08352
2.24	-0.177881
2.241	-0.030919
2.242	-0.305716
2.243	0.249615
2.244	-0.366923
2.245	-0.073637
2.246	-0.034426
2.247	-0.067899
2.248	-0.326437
2.249	0.10074
2.25	-0.147596
2.251	0.166411
2.252	0.01913
2.253	0.086076
2.254	0.136126
2.255	0.00351
2.256	0.05611
2.257	0.217736
2.258	0.087033
2.259	0.081932
2.26	0.167686
2.261	-0.129425
2.262	0.254397
2.263	0.041127
2.264	0.026463
2.265	0.128156
2.266	-0.092764
2.267	0.129431
2.268	-0.063117
2.269	-0.045265
2.27	0.192233
2.271	-0.062161
2.272	0.018493
2.273	-0.152059
2.274	-0.210079
2.275	-0.199878
2.276	-0.440244
2.277	-0.011792
2.278	0.149196
2.279	-0.258854
2.28	0.015624
2.281	-0.275749
2.282	0.008929
2.283	-0.064392
2.284	-0.272243
2.285	0.237182
2.286	0.105203
2.287	0.087351
2.288	0.083845
2.289	-0.111892
2.29	0.071412
2.291	0.180438
2.292	0.019449
2.293	0.23782
2.294	-0.002228
2.295	0.018493
2.296	0.426862
2.297	-0.169911
2.298	0.24037
2.299	0.128794
2.3	-0.145365
2.301	0.047503
2.302	-0.078419
2.303	0.051647
2.304	-0.007967
2.305	-0.040483
2.306	-0.097865
2.307	-0.110617
2.308	-0.005097
2.309	-0.24132
2.31	-0.192227
2.311	0.037939
2.312	-0.156203
2.313	-0.178838
2.314	0.016899
2.315	-0.297427
2.316	-0.065349
2.317	-0.002866
2.318	-0.301252
2.319	0.265554
2.32	0.071731
2.321	0.229531
2.322	0.102334
2.323	-0.041121
2.324	0.076831
2.325	0.179163
2.326	-0.042077
2.327	0.173424
2.328	0.165455
2.329	-0.120818
2.33	0.29839
2.331	-0.215179
2.332	0.211041
2.333	0.209766
2.334	-0.140902
2.335	-0.031557
2.336	-0.016574
2.337	-0.059292
2.338	-0.156841
2.339	0.004466
2.34	-0.036658
2.341	-0.23622
2.342	0.01403
2.343	0.118911
2.344	0.184263
2.345	-0.241001
2.346	0.072368
2.347	0.157804
2.348	-0.021993
2.349	-0.445983
2.35	0.154616
2.351	-0.08862
2.352	-0.083838
2.353	0.054835
2.354	0.081294
2.355	0.021681
2.356	0.113173
2.357	-0.031876
2.358	0.162267
2.359	0.194783
2.36	0.001597
2.361	0.21678
2.362	-0.076187
2.363	-0.043352
2.364	0.274162
2.365	0.034114
2.366	0.213911
2.367	0.01658
2.368	-0.149828
2.369	-0.075231
2.37	-0.016893
2.371	0.065992
2.372	-0.052916
2.373	-0.15174
2.374	0.039852
2.375	-0.278937
2.376	-0.10456
2.377	-0.287863
2.378	-0.14664
2.379	-0.456503
2.38	0.043677
2.381	-0.106154
2.382	-0.168636
2.383	-0.27033
2.384	0.109348
2.385	-0.156522
2.386	0.023594
2.387	0.113492
2.388	0.035389
2.389	0.1798
2.39	0.043677
2.391	0.054516
2.392	0.169918
2.393	0.051328
2.394	0.063761
2.395	0.107435
2.396	-0.023587
2.397	0.263323
2.398	0.053241
2.399	-0.056741
2.4	0.190639
2.401	-0.020081
2.402	0.013073
2.403	0.00861
2.404	0.083526
2.405	0.11668
2.406	0.045909
2.407	-0.17565
2.408	-0.103922
2.409	-0.140583
2.41	-0.05706
2.411	-0.369473
2.412	0.307635
2.413	-0.047815
2.414	-0.510059
2.415	0.199884
2.416	-0.359272
2.417	-0.092764
2.418	0.026144
2.419	-0.183619
2.42	0.204028
2.421	0.081613
2.422	0.145371
2.423	0.062167
2.424	-0.020718
2.425	0.004785
2.426	0.223155
2.427	0.076512
2.428	0.038258
2.429	0.131025
2.43	0.000322
2.431	0.245471
2.432	0.085757
2.433	-0.011792
2.434	0.024231
2.435	0.060254
2.436	-0.021993
2.437	0.030607
2.438	0.146327
2.439	-0.135801
2.44	-0.082563
2.441	-0.129744
2.442	-0.124006
2.443	-0.029644
2.444	-0.122731
2.445	-0.472123
2.446	0.169918
2.447	-0.18075
2.448	-0.22825
2.449	0.04814
2.45	-0.26236
2.451	-0.036976
2.452	-0.069812
2.453	-0.32293
2.454	0.315604
2.455	0.06663
2.456	0.095321
2.457	0.061848
2.458	-0.084157
2.459	0.124968
2.46	0.127838
2.461	0.104885
2.462	0.162904
2.463	-0.050366
2.464	-0.04399
2.465	0.093408
2.466	-0.055785
2.467	0.317198
2.468	0.012117
2.469	-0.122093
2.47	0.057385
2.471	-0.059292
2.472	0.138676
2.473	0.032838
2.474	-0.120499
2.475	0.116042
2.476	-0.237176
2.477	-0.151422
2.478	-0.129425
2.479	-0.003185
2.48	-0.097228
2.481	-0.031557
2.482	-0.008604
2.483	-0.073956
2.484	-0.34397
2.485	0.175975
2.486	-0.108704
2.487	-0.077144
2.488	0.105841
2.489	0.105841
2.49	0.073325
2.491	0.082569
2.492	-0.08352
2.493	0.16928
2.494	0.211041
2.495	0.009886
2.496	0.116999
2.497	-0.176287
2.498	0.199565
2.499	0.338238
2.5	-0.073637
2.501	0.218055
2.502	-0.050047
2.503	-0.013705
2.504	-0.048453
2.505	0.00351
2.506	0.105841
2.507	-0.029325
2.508	-0.118905
2.509	-0.241958
2.51	-0.215498
2.511	0.035707
2.512	-0.060248
2.513	-0.094996
2.514	-0.068537
2.515	-0.194777
2.516	-0.123687
2.517	-0.005416
2.518	-0.310816
2.519	0.136445
2.52	-0.059292
2.521	-0.027094
2.522	0.095959
2.523	0.097234
2.524	0.155891
2.525	0.097553
2.526	-0.05706
2.527	0.219968
2.528	-0.019443
2.529	-0.00446
2.53	0.304447
2.531	-0.01498
2.532	0.10871
2.533	0.117955
2.534	0.012117
2.535	0.108391
2.536	0.043677
2.537	0.006379
2.538	0.02455
2.539	-0.056423
2.54	0.140908
2.541	-0.145046
2.542	-0.135163
2.543	-0.089895
2.544	-0.200515
2.545	-0.102328
2.546	-0.495714
2.547	0.094046
2.548	-0.018805
2.549	-0.321974
2.55	-0.018487
2.551	-0.163217
2.552	-0.124325
2.553	0.032201
2.554	-0.130063
2.555	0.124968
2.556	-0.024544
2.557	0.072687
2.558	0.043677
2.559	0.130069
2.56	-0.002547
2.561	0.18777
2.562	0.151428
2.563	0.135488
2.564	0.110942
2.565	-0.119224
2.566	0.307316
2.567	0.137082
2.568	0.003191
2.569	0.161948
2.57	-0.091808
2.571	0.05611
2.572	-0.058973
2.573	-0.022631
2.574	0.068543
2.575	-0.023906
2.576	-0.074593
2.577	-0.081607
2.578	-0.218367
2.579	-0.078738
2.58	-0.286907
2.581	0.10616
2.582	-0.021037
2.583	-0.287545
2.584	0.079063
2.585	-0.211673
2.586	-0.221236
2.587	0.153341
2.588	-0.310179
2.589	0.320386
2.59	0.107754
2.591	0.06663
2.592	0.187132
2.593	-0.100415
2.594	0.018812
2.595	0.152384
2.596	-0.061204
2.597	0.109667
2.598	0.117955
2.599	-0.090852
2.6	0.260454
2.601	-0.05961
2.602	0.165136
2.603	0.115086
2.604	-0.106154
2.605	-0.033151
2.606	-0.109341
2.607	0.065355
2.608	0.078106
2.609	-0.061204
2.61	-0.014342
2.611	-0.224743
2.612	-0.19127
2.613	-0.297427
2.614	-0.154928
2.615	-0.093402
2.616	0.083207
2.617	-0.215179
2.618	0.038577
2.619	-0.408684
2.62	0.093408
2.621	0.010523
2.622	-0.133569
2.623	0.183307
2.624	0.054516
2.625	0.049097
2.626	0.060892
2.627	-0.083838
2.628	0.09819
2.629	0.219649
2.63	0.049415
2.631	0.097871
2.632	0.017855
2.633	0.001278
2.634	0.336007
2.635	-0.162579
2.636	0.289145
2.637	0.033795
2.638	-0.224424
2.639	0.164179
2.64	-0.058654
2.641	0.028375
2.642	0.052603
2.643	-0.113486
2.644	-0.133888
2.645	-0.246102
2.646	-0.006373
2.647	-0.341101
2.648	-0.045584
2.649	-0.284038
2.65	-0.108066
2.651	-0.198602
2.652	-0.101053
2.653	-0.245783
2.654	0.069818
2.655	-0.093083
2.656	-0.083201
2.657	0.19829
2.658	0.040808
2.659	0.285
2.66	0.014667
2.661	-0.028369
2.662	0.174062
2.663	0.11923
2.664	0.139633
2.665	0.132938
2.666	0.076831
2.667	-0.115717
2.668	0.34844
2.669	-0.152059
2.67	0.183307
2.671	0.093408
2.672	-0.229206
2.673	0.082251
2.674	-0.17565
2.675	-0.028369
2.676	0.057385
2.677	-0.079375
2.678	0.017855
2.679	-0.236857
2.68	-0.006373
2.681	0.078425
2.682	0.048459
2.683	-0.182344
2.684	-0.186807
2.685	0.053878
2.686	-0.173737
2.687	-0.238132
2.688	0.110623
2.689	-0.112848
2.69	0.049415
2.691	-0.074275
2.692	0.117955
2.693	0.052603
2.694	0.148878
2.695	0.007654
2.696	0.218374
2.697	0.205941
2.698	-0.018805
2.699	0.064399
2.7	-0.037614
2.701	0.224112
2.702	0.056429
2.703	0.045909
2.704	0.191914
2.705	-0.133251
2.706	0.027419
2.707	-0.073318
2.708	-0.064392
2.709	0.114767
2.71	-0.054829
2.711	-0.088939
2.712	-0.040164
2.713	-0.11508
2.714	-0.108066
2.715	-0.131976
2.716	-0.019443
2.717	-0.209122
2.718	-0.084795
2.719	-0.038252
2.72	-0.047178
2.721	-0.311135
2.722	0.163223
2.723	-0.134207
2.724	0.171193
2.725	0.038258
2.726	0.131344
2.727	0.119868
2.728	-0.087664
2.729	0.046865
2.73	0.153022
2.731	-0.118268
2.732	0.064399
2.733	0.291695
2.734	-0.111892
2.735	0.100422
2.736	-0.048453
2.737	0.038258
2.738	0.141864
2.739	0.011798
2.74	0.007016
2.741	0.007016
2.742	0.023275
2.743	0.151747
2.744	-0.116992
2.745	3.128e-06
2.746	-0.162898
2.747	-0.1782
2.748	-0.126875
2.749	-0.263635
2.75	-0.066943
2.751	-0.105197
2.752	-0.47563
2.753	0.002872
2.754	-0.344927
2.755	-0.019124
2.756	-0.026138
2.757	-0.223468
2.758	0.225706
2.759	0.049415
2.76	0.023912
2.761	0.109985
2.762	-0.077144
2.763	0.075237
2.764	0.210404
2.765	0.022318
2.766	0.124968
2.767	0.042083
2.768	-0.030282
2.769	0.348121
2.77	-0.05706
2.771	0.336963
2.772	0.013711
2.773	-0.221874
2.774	0.091814
2.775	-0.112211
2.776	-0.005735
2.777	0.167049
2.778	-0.038252
2.779	-0.131976
2.78	-0.232713
2.781	-0.080969
2.782	-0.130063
2.783	-0.296471
2.784	0.053241
2.785	-0.221555
2.786	-0.221874
2.787	-0.038252
2.788	-0.210398
2.789	-0.143133
2.79	0.031244
2.791	-0.2783
2.792	0.249296
2.793	0.014667
2.794	0.267148
2.795	0.065674
2.796	-0.073
2.797	0.122099
2.798	0.048459
2.799	0.085757
2.8	0.08512
2.801	0.121462
2.802	-0.057379
2.803	0.175975
2.804	-0.034426
2.805	0.228575
2.806	0.10871
2.807	-0.171824
2.808	0.015943
2.809	-0.042077
2.81	-0.097546
2.811	0.089583
2.812	-0.090533
2.813	-0.056104
2.814	-0.195415
2.815	-0.091808
2.816	-0.131338
2.817	0.231444
2.818	-0.196371
2.819	-0.187445
2.82	-0.045584
2.821	-0.142814
2.822	-0.276706
2.823	0.148878
2.824	-0.171187
2.825	0.043996
2.826	0.007016
2.827	0.132619
2.828	0.051966
2.829	0.181075
2.83	-0.104241
2.831	0.166092
2.832	0.165136
2.833	0.018493
2.834	0.188407
2.835	-0.11508
2.836	0.192233
2.837	0.176612
2.838	-0.020399
2.839	0.138039
2.84	-0.094358
2.841	0.060892
2.842	-0.029325
2.843	-0.054191
2.844	0.093408
2.845	-0.0781
2.846	-0.106154
2.847	-0.04909
2.848	-0.223149
2.849	-0.034745
2.85	-0.343014
2.851	0.108073
2.852	-0.252159
2.853	-0.047178
2.854	-0.112848
2.855	-0.168955
2.856	-0.262998
2.857	0.102334
2.858	-0.202428
2.859	0.076512
2.86	0.131982
2.861	0.049415
2.862	0.212635
2.863	-0.100734
2.864	0.022637
2.865	0.223155
2.866	-0.026775
2.867	0.021043
2.868	0.1798
2.869	0.051647
2.87	0.169599
2.871	0.002872
2.872	-0.039208
2.873	0.080338
2.874	0.034751
2.875	-0.021993
2.876	0.016261
2.877	-0.016893
2.878	0.051966
2.879	-0.098184
2.88	-0.069812
2.881	-0.203384
2.882	-0.204022
2.883	-0.061842
2.884	-0.521217
2.885	0.123374
2.886	0.016899
2.887	-0.307309
2.888	0.036664
2.889	-0.307309
2.89	-0.052278
2.891	-0.01243
2.892	-0.146002
2.893	0.166411
2.894	0.043358
2.895	0.033795
2.896	0.083526
2.897	0.065992
2.898	0.028375
2.899	0.200203
2.9	0.048459
2.901	0.064717
2.902	-0.025819
2.903	-0.015299
2.904	0.380318
2.905	-0.111254
2.906	0.19032
2.907	0.067905
2.908	-0.193821
2.909	0.086714
2.91	-0.067899
2.911	0.009886
2.912	0.134851
2.913	-0.069493
2.914	-0.172143
2.915	-0.179475
2.916	-0.109023
2.917	-0.100415
2.918	-0.135163
2.919	0.06663
2.92	-0.183619
2.921	-0.292964
2.922	-0.024862
2.923	-0.254709
2.924	-0.135482
2.925	0.085439
2.926	-0.322611
2.927	0.286594
2.928	0.05611
2.929	0.172787
2.93	0.136764
2.931	-0.069174
2.932	0.095002
2.933	0.063761
2.934	0.100103
2.935	0.016261
2.936	0.100422
2.937	0.047503
2.938	0.233675
2.939	-0.116992
2.94	0.184901
2.941	0.020724
2.942	-0.227931
2.943	0.049415
2.944	-0.067261
2.945	0.042721
2.946	0.086076
2.947	-0.092764
2.948	-0.003822
2.949	-0.228569
2.95	-0.057379
2.951	0.038895
2.952	0.206578
2.953	-0.19127
2.954	-0.06248
2.955	-0.063117
2.956	-0.152697
2.957	-0.25726
2.958	0.222199
2.959	-0.104241
2.96	-0.021993
2.961	0.066311
2.962	0.166092
2.963	0.022637
2.964	0.164817
2.965	-0.084795
2.966	0.09564
2.967	0.167367
2.968	-0.021037
2.969	0.154935
2.97	-0.108066
2.971	0.20084
2.972	0.135488
2.973	-0.083838
2.974	0.191277
2.975	-0.103285
2.976	0.025506
2.977	0.051647
2.978	-0.021356
2.979	0.132938
2.98	-0.074275
2.981	-0.139308
2.982	-0.079375
2.983	-0.235263
2.984	-0.116674
2.985	-0.183619
2.986	0.181394
2.987	-0.257897
2.988	-0.136757
2.989	-0.150146
2.99	-0.126875
2.991	-0.336319
2.992	0.080019
2.993	-0.131976
2.994	0.023275
2.995	0.087989
2.996	0.054516
2.997	0.141227
2.998	-0.004141
2.999	0.016899
3	0.181075
3.001	0.17725
3.002	0.018174
3.003	0.107116
3.004	-0.038889
3.005	0.230806
3.006	0.112536
3.007	0.01148
3.008	0.150153
3.009	-0.082882
3.01	0.025825
3.011	0.007016
3.012	-0.129744
3.013	0.036345
3.014	-0.001272
3.015	-0.189358
3.016	-0.095315
3.017	-0.090852
3.018	-0.044309
3.019	-0.456822
3.02	0.103928
3.021	-0.077463
3.022	-0.408366
3.023	0.076512
3.024	-0.239726
3.025	-0.10966
3.026	-0.051959
3.027	-0.132294
3.028	0.160035
3.029	-0.015618
3.03	0.06918
3.031	0.080338
3.032	0.025825
3.033	0.032201
3.034	0.245471
3.035	0.031882
3.036	-0.030919
3.037	0.025825
3.038	-0.08862
3.039	0.296796
3.04	-0.1256
3.041	0.119549
3.042	0.164498
3.043	-0.112848
3.044	0.026463
3.045	-0.045584
3.046	0.001278
3.047	0.00606
3.048	-0.009561
3.049	-0.130063
3.05	-0.098503
3.051	-0.086707
3.052	-0.04654
3.053	-0.441201
3.054	0.191277
3.055	-0.109341
3.056	-0.400396
3.057	0.075556
3.058	-0.309222
3.059	-0.110935
3.06	0.131663
3.061	-0.355128
3.062	0.36151
3.063	0.088308
3.064	0.107435
3.065	0.160992
3.066	-0.051003
3.067	0.036664
3.068	0.205303
3.069	0.147602
3.07	0.034432
3.071	0.157804
3.072	0.045271
3.073	0.250252
3.074	-0.09914
3.075	0.201478
3.076	0.157804
3.077	-0.158754
3.078	0.116361
3.079	-0.03857
3.08	0.051328
3.081	0.11668
3.082	-0.076825
3.083	-0.035064
3.084	-0.167042
3.085	-0.126875
3.086	-0.164173
3.087	-0.119862
3.088	-0.288182
3.089	0.09309
3.09	-0.106791
3.091	-0.107748
3.092	-0.35194
3.093	0.226343
3.094	-0.119224
3.095	0.010523
3.096	0.108073
3.097	0.089902
3.098	0.05356
3.099	0.16131
3.1	-0.11763
3.101	0.196377
3.102	0.173743
3.103	-0.013386
3.104	0.207535
3.105	-0.127512
3.106	0.03762
3.107	0.351309
3.108	-0.138989
3.109	0.226025
3.11	-0.08065
3.111	-0.108385
3.112	0.049734
3.113	-0.090214
3.114	0.09022
3.115	0.000322
3.116	-0.12815
3.117	-0.050047
3.118	-0.272243
3.119	-0.007329
3.12	-0.223468
3.121	0.007335
3.122	-0.31241
3.123	0.08767
3.124	-0.01498
3.125	-0.056104
3.126	-0.270649
3.127	0.116361
3.128	-0.130063
3.129	-0.016893
3.13	0.122737
3.131	0.023912
3.132	0.259497
3.133	-0.006373
3.134	0.003829
3.135	0.160035
3.136	0.058342
3.137	-0.016574
3.138	0.151109
3.139	0.104885
3.14	0.043677
3.141	0.195421
3.142	-0.108385
3.143	0.21933
3.144	0.066311
3.145	-0.053872
3.146	0.001597
3.147	-0.047496
3.148	0.026781
3.149	-0.155247
3.15	-0.058016
3.151	-0.122093
3.152	-0.223468
3.153	0.009567
3.154	-0.050047
3.155	0.148559
3.156	0.013711
3.157	-0.337276
3.158	0.00861
3.159	-0.20721
3.16	-0.186807
3.161	-0.010198
3.162	-0.167999
3.163	0.087351
3.164	-0.043352
3.165	0.097871
3.166	0.049097
3.167	0.109029
3.168	0.007335
3.169	0.197652
3.17	0.133576
3.171	0.095002
3.172	0.034751
3.173	-0.127831
3.174	0.250571
3.175	0.077788
3.176	0.048459
3.177	0.212635
3.178	-0.137395
3.179	0.045271
3.18	-0.002547
3.181	-0.036658
3.182	0.148878
3.183	-0.053872
3.184	-0.1256
3.185	-0.085751
3.186	-0.105516
3.187	-0.068218
3.188	-0.476268
3.189	0.135488
3.19	-0.101691
3.191	-0.234307
3.192	-0.029007
3.193	-0.139626
3.194	-0.266186
3.195	0.115086
3.196	-0.288501
3.197	0.249615
3.198	0.051328
3.199	0.097871
3.2	0.121462
3.201	-0.147277
3.202	0.041764
3.203	0.094046
3.204	0.094683
3.205	-0.002866
3.206	0.16928
3.207	-0.004779
3.208	0.297752
3.209	-0.046221
3.21	0.157485
3.211	0.122099
3.212	-0.133251
3.213	0.012755
3.214	-0.086389
3.215	0.153978
3.216	0.03762
3.217	-0.222512
3.218	-0.079375
3.219	-0.352578
3.22	-0.145683
3.221	-0.019124
3.222	-0.212948
3.223	-0.344608
3.224	0.048778
3.225	-0.184894
3.226	-0.039527
3.227	-0.431956
3.228	0.140589
3.229	-0.093402
3.23	-0.04654
3.231	0.120505
3.232	-0.018487
3.233	0.017218
3.234	0.135488
3.235	-0.121774
3.236	0.112536
3.237	0.188089
3.238	-0.090214
3.239	0.217098
3.24	-0.145365
3.241	-0.006373
3.242	0.470854
3.243	-0.159073
3.244	0.266192
3.245	0.023912
3.246	-0.255984
3.247	0.095959
3.248	-0.071406
3.249	0.020406
3.25	0.086714
3.251	-0.016893
3.252	-0.142814
3.253	-0.248652
3.254	-0.102647
3.255	-0.296471
3.256	-0.231119
3.257	-0.21231
3.258	-0.033151
3.259	-0.179794
3.26	-0.060248
3.261	-0.217092
3.262	-0.025181
3.263	-0.006054
3.264	-0.165448
3.265	0.207854
3.266	0.044634
3.267	0.258222
3.268	-0.008285
3.269	0.004466
3.27	0.128794
3.271	0.110304
3.272	0.177569
3.273	0.097553
3.274	0.065992
3.275	-0.089258
3.276	0.236226
3.277	-0.212629
3.278	0.247065
3.279	0.029013
3.28	-0.135482
3.281	0.099784
3.282	-0.039208
3.283	0.013711
3.284	0.052922
3.285	-0.144408
3.286	-0.01753
3.287	-0.249609
3.288	0.000959
3.289	-0.040483
3.29	-0.098184
3.291	-0.113486
3.292	-0.229206
3.293	0.063442
3.294	-0.138351
3.295	-0.225062
3.296	0.124968
3.297	-0.090852
3.298	0.082569
3.299	-0.039208
3.3	0.133895
3.301	0.050691
3.302	0.155891
3.303	-0.035701
3.304	0.138995
3.305	0.217736
3.306	0.018493
3.307	0.100422
3.308	-0.017211
3.309	0.215823
3.31	-0.01498
3.311	0.06408
3.312	0.161629
3.313	-0.097546
3.314	0.022956
3.315	-0.01753
3.316	-0.007648
3.317	0.065036
3.318	-0.039845
3.319	-0.049409
3.32	-0.165767
3.321	-0.140264
3.322	-0.094677
3.323	-0.606015
3.324	0.228575
3.325	-0.17565
3.326	-0.212629
3.327	0.049097
3.328	-0.154928
3.329	-0.32548
3.33	0.128794
3.331	-0.292964
3.332	0.136445
3.333	0.049415
3.334	0.101378
3.335	0.109667
3.336	-0.100097
3.337	0.047184
3.338	0.218374
3.339	-0.003504
3.34	-0.011473
3.341	0.273843
3.342	-0.073956
3.343	0.382869
3.344	0.005423
3.345	0.066949
3.346	0.099784
3.347	-0.121774
3.348	0.004147
3.349	-0.014024
3.35	-0.044946
3.351	0.008929
3.352	-0.1782
3.353	-0.158116
3.354	-0.214223
3.355	-0.144408
3.356	-0.167361
3.357	-0.140583
3.358	-0.147596
3.359	0.072368
3.36	-0.233988
3.361	0.018812
3.362	-0.386688
3.363	0.114767
3.364	-0.112529
3.365	-0.079057
3.366	0.197971
3.367	-0.01498
3.368	0.009886
3.369	0.14824
3.37	-0.056423
3.371	0.054835
3.372	0.206578
3.373	0.015624
3.374	0.205941
3.375	-0.040164
3.376	-0.02805
3.377	0.450133
3.378	-0.116355
3.379	0.206578
3.38	0.061848
3.381	-0.15716
3.382	0.074281
3.383	-0.086389
3.384	0.01658
3.385	0.143777
3.386	-0.073637
3.387	-0.140264
3.388	-0.232075
3.389	-0.120818
3.39	-0.100097
3.391	-0.266823
3.392	0.107116
3.393	-0.216455
3.394	-0.190951
3.395	-0.034745
3.396	-0.227612
3.397	-0.124962
3.398	0.029013
3.399	-0.214542
3.4	0.254078
3.401	0.017855
3.402	0.295521
3.403	0.051966
3.404	-0.016255
3.405	0.123056
3.406	0.248977
3.407	0.187451
3.408	0.106479
3.409	0.116999
3.41	-0.076825
3.411	0.394664
3.412	-0.126556
3.413	0.186813
3.414	0.096915
3.415	-0.152697
3.416	0.037301
3.417	-0.088301
3.418	-0.058654
3.419	0.061529
3.42	-0.131019
3.421	-0.024544
3.422	-0.233988
3.423	-0.036658
3.424	-0.198602
3.425	0.32995
3.426	-0.166724
3.427	-0.120499
3.428	0.098828
3.429	-0.174693
3.43	-0.280212
3.431	0.213911
3.432	-0.238132
3.433	0.065674
3.434	-0.026456
3.435	0.075875
3.436	0.074281
3.437	0.077788
3.438	0.002553
3.439	0.129431
3.44	0.120187
3.441	0.036026
3.442	0.236545
3.443	-0.029007
3.444	-0.002547
3.445	0.199246
3.446	0.050053
3.447	0.110304
3.448	0.069818
3.449	-0.144727
3.45	0.033157
3.451	-0.014024
3.452	-0.158754
3.453	0.034432
3.454	-0.070768
3.455	-0.041439
3.456	-0.231119
3.457	-0.091171
3.458	-0.31783
3.459	0.041446
3.46	-0.321974
3.461	0.141864
3.462	0.105203
3.463	-0.207529
3.464	-0.313685
3.465	0.109667
3.466	-0.151103
3.467	0.087033
3.468	0.155253
3.469	0.0271
3.47	0.165136
3.471	-0.035064
3.472	0.027419
3.473	0.136445
3.474	-0.011792
3.475	0.112854
3.476	0.224431
3.477	-0.032195
3.478	0.143139
3.479	0.028375
3.48	-0.030601
3.481	0.207216
3.482	-0.013705
3.483	0.016899
3.484	-0.060567
3.485	0.005741
3.486	0.104566
3.487	-0.187764
3.488	-0.033789
3.489	-0.204659
3.49	-0.166405
3.491	-0.084476
3.492	-0.045902
3.493	-0.032195
3.494	-0.007329
3.495	-0.447895
3.496	-0.065667
3.497	-0.31241
3.498	-0.093721
3.499	0.031882
3.5	-0.261404
3.501	0.229531
3.502	0.084801
3.503	0.092133
3.504	0.102016
3.505	-0.075231
3.506	0.093727
3.507	0.211998
3.508	0.051009
3.509	0.097553
3.51	0.052603
3.511	-0.08065
3.512	0.360553
3.513	-0.126875
3.514	0.258222
3.515	0.092133
3.516	-0.183301
3.517	0.092133
3.518	-0.085114
3.519	0.053241
3.52	0.060254
3.521	-0.058016
3.522	-0.046859
3.523	-0.297746
3.524	-0.120818
3.525	-0.278618
3.526	-0.24387
3.527	-0.177562
3.528	0.008292
3.529	-0.131657
3.53	-0.086707
3.531	-0.23335
3.532	-0.058335
3.533	-0.039208
3.534	-0.245783
3.535	0.264279
3.536	0.077788
3.537	0.20626
3.538	0.071731
3.539	-0.042396
3.54	0.10871
3.541	0.133257
3.542	0.10616
3.543	0.159398
3.544	0.059617
3.545	-0.000953
3.546	0.194146
3.547	-0.044946
3.548	0.286913
3.549	0.010523
3.55	-0.098184
3.551	0.07715
3.552	-0.038889
3.553	0.052922
3.554	-0.016893
3.555	-0.160985
3.556	0.071093
3.557	-0.273518
3.558	-0.021675
3.559	-0.256622
3.56	-0.141858
3.561	-0.300934
3.562	0.06408
3.563	0.156847
3.564	-0.229525
3.565	-0.281806
3.566	0.197971
3.567	-0.126556
3.568	0.06663
3.569	-0.005735
3.57	0.132301
3.571	0.054197
3.572	0.084801
3.573	-0.00701
3.574	0.207854
3.575	0.193508
3.576	0.018174
3.577	0.140908
3.578	-0.136757
3.579	0.225706
3.58	0.116999
3.581	-0.00701
3.582	0.192552
3.583	-0.040483
3.584	-0.033151
3.585	-0.041758
3.586	-0.022312
3.587	0.056748
3.588	0.002553
3.589	-0.064711
3.59	-0.096271
3.591	-0.268417
3.592	-0.102966
3.593	-0.200515
3.594	0.289145
3.595	-0.047178
3.596	-0.345245
3.597	0.097234
3.598	-0.122412
3.599	-0.277662
3.6	0.183944
3.601	-0.140583
3.602	0.126244
3.603	0.073962
3.604	0.089264
3.605	0.14569
3.606	-0.090214
3.607	0.00351
3.608	0.149515
3.609	0.065036
3.61	-0.000953
3.611	0.096915
3.612	0.011798
3.613	0.333456
3.614	-0.011792
3.615	0.090858
3.616	0.126562
3.617	-0.150146
3.618	0.031244
3.619	-0.004779
3.62	-0.014024
3.621	0.172787
3.622	-0.144408
3.623	-0.116674
3.624	-0.208485
3.625	-0.106791
3.626	-0.081288
3.627	-0.273837
3.628	0.127519
3.629	-0.079375
3.63	-0.309541
3.631	0.114767
3.632	-0.233032
3.633	-0.073
3.634	-0.069174
3.635	-0.094677
3.636	0.159398
3.637	0.033157
3.638	0.051009
3.639	0.06408
3.64	-0.01498
3.641	0.080976
3.642	0.229531
3.643	-0.050047
3.644	0.152384
3.645	-0.000634
3.646	-0.073956
3.647	0.266511
3.648	-0.093402
3.649	0.163542
3.65	0.138995
3.651	-0.079057
3.652	-0.082563
3.653	0.029332
3.654	0.010204
3.655	-0.042715
3.656	0.043358
3.657	-0.128469
3.658	-0.104241
3.659	-0.085114
3.66	-0.153334
3.661	-0.308903
3.662	0.006379
3.663	-0.044627
3.664	-0.338551
3.665	0.01403
3.666	-0.324524
3.667	-0.112848
3.668	0.051009
3.669	-0.285632
3.67	0.264279
3.671	0.105841
3.672	0.13517
3.673	0.111579
3.674	-0.016574
3.675	0.044952
3.676	0.116999
3.677	0.032201
3.678	-0.018168
3.679	0.044315
3.68	0.145371
3.681	0.106797
3.682	-0.091171
3.683	0.234632
3.684	0.047503
3.685	-0.119543
3.686	0.046865
3.687	-0.083201
3.688	-0.015936
3.689	0.122418
3.69	-0.118268
3.691	-0.025819
3.692	-0.13867
3.693	-0.133888
3.694	-0.211673
3.695	-0.017211
3.696	-0.2783
3.697	0.084801
3.698	0.017855
3.699	-0.194777
3.7	-0.255984
3.701	0.238457
3.702	-0.138989
3.703	0.0746
3.704	0.078425
3.705	0.110942
3.706	0.08767
3.707	0.166411
3.708	-0.097865
3.709	0.159079
3.71	0.109029
3.711	0.115405
3.712	0.251209
3.713	-0.142496
3.714	0.127838
3.715	0.336007
3.716	-0.172462
3.717	0.165773
3.718	-0.007648
3.719	-0.097865
3.72	0.087989
3.721	-0.064711
3.722	0.021681
3.723	0.037301
3.724	-0.131657
3.725	-0.025181
3.726	-0.243233
3.727	0.074281
3.728	-0.008923
3.729	0.124331
3.73	-0.447577
3.731	0.064717
3.732	0.035707
3.733	-0.086389
3.734	-0.258216
3.735	0.082569
3.736	-0.043033
3.737	-0.048772
3.738	0.129113
3.739	-0.003822
3.74	0.263642
3.741	-0.042077
3.742	-0.016574
3.743	0.167686
3.744	-0.138351
3.745	0.139951
3.746	0.13772
3.747	0.026463
3.748	-0.016893
3.749	0.2273
3.75	-0.0781
3.751	0.188089
3.752	0.072049
3.753	-0.016255
3.754	0.082251
3.755	-0.075231
3.756	0.06918
3.757	-0.112211
3.758	-0.00191
3.759	-0.165767
3.76	-0.192864
3.761	-0.021356
3.762	-0.170868
3.763	0.171512
3.764	0.10074
3.765	-0.356722
3.766	0.012436
3.767	-0.229206
3.768	-0.19127
3.769	0.037939
3.77	-0.209122
3.771	0.182669
3.772	0.020724
3.773	0.055791
3.774	0.040171
3.775	0.061211
3.776	0.018812
3.777	0.233675
3.778	-0.005735
3.779	0.112536
3.78	0.105841
3.781	-0.135163
3.782	0.359278
3.783	0.008929
3.784	0.159398
3.785	0.120505
3.786	-0.082563
3.787	-0.052278
3.788	-0.005097
3.789	-0.023906
3.79	-0.050366
3.791	0.04559
3.792	-0.093402
3.793	-0.176925
3.794	-0.011154
3.795	-0.15174
3.796	0.093727
3.797	0.253759
3.798	-0.08607
3.799	-0.171187
3.8	0.026781
3.801	-0.100734
3.802	-0.197965
3.803	0.076512
3.804	-0.253434
3.805	0.321661
3.806	0.001597
3.807	0.134532
3.808	0.131344
3.809	-0.094677
3.81	0.084163
3.811	0.108073
3.812	-0.125281
3.813	0.04559
3.814	0.143777
3.815	-0.066624
3.816	0.263642
3.817	-0.05961
3.818	0.238776
3.819	0.139633
3.82	-0.229844
3.821	0.058979
3.822	-0.045584
3.823	0.147284
3.824	-0.029007
3.825	-0.042396
3.826	0.008292
3.827	-0.295833
3.828	-0.109023
3.829	-0.091171
3.83	0.016899
3.831	-0.142177
3.832	-0.071724
3.833	0.076831
3.834	-0.080013
3.835	-0.443432
3.836	0.207216
3.837	-0.042077
3.838	-0.081607
3.839	0.067586
3.84	0.054197
3.841	0.117636
3.842	0.135488
3.843	-0.081607
3.844	0.171193
3.845	0.126244
3.846	0.062167
3.847	0.154935
3.848	-0.117949
3.849	0.197015
3.85	0.162586
3.851	-0.033789
3.852	0.211679
3.853	-0.014024
3.854	-0.098503
3.855	-0.010517
3.856	-0.043033
3.857	0.107116
3.858	0.019449
3.859	-0.065667
3.86	-0.040483
3.861	-0.270649
3.862	-0.114761
3.863	0.126244
3.864	-0.039845
3.865	-0.423349
3.866	0.102016
3.867	0.022956
3.868	-0.018487
3.869	-0.318467
3.87	0.03507
3.871	-0.044627
3.872	-0.010836
3.873	0.059298
3.874	0.055791
3.875	0.218055
3.876	-0.016255
3.877	0.014667
3.878	0.142502
3.879	0.071731
3.88	-0.050047
3.881	0.215504
3.882	0.063442
3.883	0.11413
3.884	0.238776
3.885	-0.066305
3.886	0.106797
3.887	0.083845
3.888	-0.073956
3.889	0.018174
3.89	-0.131338
3.891	0.060892
3.892	-0.088939
3.893	-0.086389
3.894	-0.120499
3.895	-0.213904
3.896	-0.03857
3.897	0.048459
3.898	0.296796
3.899	-0.135482
3.9	-0.340464
3.901	0.038895
3.902	-0.23877
3.903	-0.080969
3.904	-0.006691
3.905	-0.154928
3.906	0.11413
3.907	-0.047496
3.908	0.089902
3.909	0.041127
3.91	0.093408
3.911	-0.016574
3.912	0.244833
3.913	0.191595
3.914	0.049734
3.915	0.108391
3.916	-0.040164
3.917	0.274162
3.918	-0.094677
3.919	0.148878
3.92	0.149515
3.921	-0.073956
3.922	0.007016
3.923	-0.043033
3.924	0.055154
3.925	-0.010836
3.926	-0.043033
3.927	-0.025819
3.928	-0.116674
3.929	-0.094677
3.93	-0.068218
3.931	-0.661165
3.932	0.086395
3.933	-0.069812
3.934	-0.299659
3.935	0.064399
3.936	-0.218367
3.937	-0.135482
3.938	0.065992
3.939	-0.298383
3.94	0.28245
3.941	0.111898
3.942	0.09564
3.943	0.142183
3.944	-0.052278
3.945	0.016899
3.946	0.086395
3.947	-0.01498
3.948	0.150472
3.949	0.005104
3.95	0.044315
3.951	0.178525
3.952	-0.058335
3.953	0.176293
3.954	0.111898
3.955	-0.10711
3.956	0.058342
3.957	-0.063436
3.958	-0.005735
3.959	0.091496
3.96	-0.150784
3.961	-0.142814
3.962	-0.20721
3.963	-0.130063
3.964	-0.31496
3.965	-0.047815
3.966	-0.111254
3.967	0.100422
3.968	-0.202428
3.969	-0.05706
3.97	-0.321017
3.971	0.151428
3.972	-0.102966
3.973	-0.034745
3.974	0.211998
3.975	0.052603
3.976	0.018493
3.977	0.115405
3.978	-0.106154
3.979	0.072049
3.98	0.189364
3.981	0.041127
3.982	0.084163
3.983	-0.081607
3.984	-0.026775
3.985	0.430049
3.986	-0.15716
3.987	0.227618
3.988	0.160354
3.989	-0.196371
3.99	0.093727
3.991	-0.079694
