6.798	-0.252159
6.799	0.147921
6.8	-0.485513
6.801	0.117317
6.802	-0.267142
6.803	-0.054191
6.804	0.023275
6.805	-0.168317
6.806	-0.211992
6.807	0.129431
6.808	-0.200515
6.809	0.103928
6.81	0.094046
6.811	0.059617
6.812	0.233357
6.813	-0.075869
6.814	0.011798
6.815	0.094683
6.816	0.206578
6.817	0.097234
6.818	0.205303
6.819	-0.045265
6.82	0.206897
6.821	0.031563
6.822	-0.149509
6.823	0.220605
6.824	0.018174
6.825	-0.019124
6.826	-0.033151
6.827	0.034432
6.828	0.035707
6.829	0.135488
6.83	-0.133251
6.831	-0.276706
6.832	-0.160348
6.833	-0.051641
6.834	-0.668497
6.835	0.112217
6.836	0.025825
6.837	-0.480093
6.838	0.101378
6.839	-0.219324
6.84	-0.13867
6.841	0.073006
6.842	-0.234307
6.843	0.17725
6.844	0.066311
6.845	0.047503
6.846	0.080657
6.847	0.022
6.848	0.018493
6.849	0.153341
6.85	0.078106
6.851	-0.004141
6.852	0.124012
6.853	-0.127512
6.854	0.374899
6.855	-0.108066
6.856	0.138358
6.857	0.076831
6.858	-0.098184
6.859	0.10361
6.86	-0.017211
6.861	0.120505
6.862	-0.023906
6.863	-0.03857
6.864	-0.131338
6.865	-0.218049
6.866	0.068543
6.867	-0.137395
6.868	-0.18617
6.869	0.01658
6.87	-0.248971
6.871	-0.218049
6.872	-0.02295
6.873	-0.276068
6.874	-0.039845
6.875	0.032201
6.876	-0.282763
6.877	0.438657
6.878	-0.03347
6.879	0.181394
6.88	0.106797
6.881	-0.035064
6.882	0.11413
6.883	0.123374
6.884	0.069818
6.885	0.075875
6.886	0.051647
6.887	0.118593
6.888	0.280219
6.889	-0.175012
6.89	0.20084
6.891	0.189364
6.892	-0.156841
6.893	-0.057698
6.894	0.028057
6.895	0.062167
6.896	-0.1256
6.897	0.109029
6.898	-0.225381
6.899	-0.225381
6.9	0.066311
6.901	-0.176606
6.902	0.236863
6.903	-0.489019
6.904	0.078425
6.905	0.107754
6.906	-0.132932
6.907	-0.280212
6.908	0.078744
6.909	0.010523
6.91	-0.104878
6.911	0.057704
6.912	0.040171
6.913	0.204984
6.914	0.05356
6.915	-0.067899
6.916	0.146965
6.917	0.105841
6.918	0.090858
6.919	0.137082
6.92	0.031244
6.921	0.04304
6.922	0.339832
6.923	-0.187445
6.924	0.226981
6.925	0.170874
6.926	-0.214861
6.927	-0.02805
6.928	0.191595
6.929	-0.316236
6.93	0.096915
6.931	-0.061523
6.932	-0.018487
6.933	-0.347158
6.934	0.157485
6.935	-0.30444
6.936	-0.087026
6.937	-0.281806
6.938	0.027419
6.939	0.226343
6.94	-0.216773
6.941	-0.365648
6.942	0.210085
6.943	-0.111254
6.944	0.03762
6.945	0.102334
6.946	0.030288
6.947	0.247383
6.948	0.087989
6.949	-0.027732
6.95	0.116361
6.951	0.05356
6.952	0.048459
6.953	0.145371
6.954	-0.061204
6.955	0.175018
6.956	-0.060248
6.957	-0.00446
6.958	0.092771
6.959	-0.065986
6.96	-0.007329
6.961	-0.040164
6.962	0.098509
6.963	-0.057379
6.964	0.109985
6.965	-0.171505
6.966	-0.241958
6.967	-0.053872
6.968	-0.110935
6.969	0.133576
6.97	0.438019
6.971	-0.055147
6.972	-0.37043
6.973	0.082251
6.974	-0.270649
6.975	-0.057379
6.976	-0.054829
6.977	-0.229206
6.978	0.204028
6.979	-0.040483
6.98	0.123056
6.981	0.070774
6.982	-0.015936
6.983	0.069499
6.984	0.075556
6.985	0.152703
6.986	0.050053
6.987	0.105841
6.988	-0.029007
6.989	0.396895
6.99	-0.119862
6.991	0.09819
6.992	0.110623
6.993	-0.156522
6.994	0.040808
6.995	0.042402
6.996	-0.00191
6.997	-0.103603
6.998	0.122099
6.999	-0.251521
7	-0.153653
7.001	-0.006373
7.002	-0.11763
7.003	-0.311135
7.004	0.120187
7.005	-0.21231
7.006	-0.288501
7.007	-0.000316
7.008	-0.258854
7.009	-0.104878
7.01	0.026144
7.011	-0.357678
7.012	0.416342
7.013	-0.026456
7.014	0.25344
7.015	0.059617
7.016	0.004785
7.017	0.059935
7.018	0.019768
7.019	0.043677
7.02	0.052922
7.021	0.092771
7.022	0.147921
7.023	0.262048
7.024	-0.102647
7.025	0.113173
7.026	0.042721
7.027	-0.038889
7.028	-0.1307
7.029	0.338238
7.03	0.032201
7.031	-0.014342
7.032	-0.068218
7.033	-0.281488
7.034	-0.108385
7.035	-0.053235
7.036	-0.316554
7.037	0.245789
7.038	-0.173418
7.039	0.048778
7.04	-0.004779
7.041	-0.189676
7.042	-0.326756
7.043	0.192233
7.044	-0.087664
7.045	-0.012748
7.046	0.034114
7.047	0.092771
7.048	0.112536
7.049	0.06663
7.05	-0.044627
7.051	0.057704
7.052	0.146008
7.053	0.02455
7.054	0.167049
7.055	-0.13867
7.056	0.204347
7.057	0.295521
7.058	-0.223468
7.059	0.140908
7.06	-0.049728
7.061	0.092133
7.062	0.039852
7.063	0.152703
7.064	-0.059929
7.065	-0.08862
7.066	-0.036976
7.067	-0.135801
7.068	-0.194458
7.069	-0.005416
7.07	-0.150784
7.071	0.231125
7.072	-0.257897
7.073	-0.205616
7.074	0.082888
7.075	-0.078738
7.076	-0.19669
7.077	0.116999
7.078	-0.262679
7.079	0.279581
7.08	0.013073
7.081	0.118593
7.082	0.147284
7.083	-0.036658
7.084	0.062486
7.085	0.123693
7.086	0.118274
7.087	0.039214
7.088	0.220924
7.089	-0.139308
7.09	0.241964
7.091	0.156529
7.092	-0.124006
7.093	0.021043
7.094	-0.03602
7.095	0.021043
7.096	-0.045584
7.097	0.152384
7.098	-0.094358
7.099	-0.019443
7.1	-0.041121
7.101	-0.27288
7.102	-0.043352
7.103	-0.059292
7.104	0.127838
7.105	0.325168
7.106	-0.273837
7.107	-0.255666
7.108	-0.063117
7.109	-0.211992
7.11	-0.236857
7.111	0.091814
7.112	-0.328668
7.113	0.350671
7.114	0.028057
7.115	0.081932
7.116	0.079382
7.117	-0.031876
7.118	0.044952
7.119	0.087989
7.12	0.147602
7.121	0.065674
7.122	0.168324
7.123	-0.049728
7.124	0.283088
7.125	-0.057379
7.126	0.086714
7.127	0.092771
7.128	-0.09914
7.129	-0.05961
7.13	-0.010836
7.131	0.085757
7.132	-0.197646
7.133	0.077788
7.134	-0.18075
7.135	-0.318786
7.136	-0.027094
7.137	-0.016255
7.138	-0.267461
7.139	-0.079375
7.14	-0.032832
7.141	-0.295833
7.142	-0.01753
7.143	-0.168955
7.144	-0.16226
7.145	0.058979
7.146	-0.236538
7.147	0.406459
7.148	0.095321
7.149	0.184901
7.15	0.002872
7.151	0.06408
7.152	0.056748
7.153	-0.027413
7.154	0.159398
7.155	0.061848
7.156	0.122099
7.157	0.102334
7.158	0.379362
7.159	-0.248015
7.16	0.189683
7.161	0.209448
7.162	-0.137076
7.163	-0.059929
7.164	0.135488
7.165	0.048459
7.166	-0.152697
7.167	0.126244
7.168	-0.246421
7.169	-0.222193
7.17	0.062805
7.171	-0.029325
7.172	0.15079
7.173	-0.248015
7.174	-0.116992
7.175	0.194464
7.176	-0.192227
7.177	-0.323249
7.178	0.147921
7.179	-0.006054
7.18	-0.073637
7.181	0.065674
7.182	0.021043
7.183	0.176612
7.184	0.052285
7.185	0.04304
7.186	0.18235
7.187	0.060892
7.188	0.113811
7.189	0.211998
7.19	-0.018805
7.191	0.218374
7.192	0.162904
7.193	-0.164173
7.194	0.157166
7.195	0.143777
7.196	-0.099778
7.197	-0.022312
7.198	0.105841
7.199	-0.07013
7.2	-0.07013
7.201	0.025825
7.202	-0.30986
7.203	-0.09404
7.204	0.010842
7.205	-0.665947
7.206	0.584343
7.207	-0.566485
7.208	-0.081607
7.209	0.191277
7.21	-0.265229
7.211	-0.280531
7.212	0.134532
7.213	-0.237176
7.214	0.124012
7.215	0.02455
7.216	0.055154
7.217	0.170874
7.218	-0.024225
7.219	-0.044309
7.22	0.180438
7.221	0.111579
7.222	-0.055466
7.223	0.297433
7.224	-0.156522
7.225	0.336326
7.226	-0.045902
7.227	-0.033789
7.228	0.177887
7.229	0.005423
7.23	-0.182344
7.231	0.055154
7.232	0.056748
7.233	-0.171824
7.234	0.178844
7.235	-0.197327
7.236	-0.2308
7.237	-0.095634
7.238	-0.013386
7.239	0.467029
7.24	0.213911
7.241	-0.285632
7.242	-0.374255
7.243	-0.052278
7.244	-0.186488
7.245	-0.137076
7.246	0.094046
7.247	-0.165767
7.248	0.132938
7.249	0.028057
7.25	0.115405
7.251	0.051328
7.252	0.01148
7.253	0.003829
7.254	0.117636
7.255	0.05611
7.256	0.045909
7.257	0.149196
7.258	-0.126556
7.259	0.468942
7.26	-0.19924
7.261	0.137082
7.262	0.132938
7.263	-0.161304
7.264	-0.052916
7.265	0.099465
7.266	0.05356
7.267	-0.108066
7.268	0.055791
7.269	-0.122093
7.27	-0.343014
7.271	0.032838
7.272	-0.111573
7.273	-0.017211
7.274	-0.28882
7.275	-0.213904
7.276	-0.232394
7.277	0.006698
7.278	-0.183619
7.279	-0.043033
7.28	-0.015299
7.281	-0.233032
7.282	0.253759
7.283	0.068224
7.284	0.157804
7.285	0.099147
7.286	0.010204
7.287	0.116361
7.288	0.078744
7.289	-0.008604
7.29	0.051647
7.291	0.124012
7.292	0.017855
7.293	0.371074
7.294	-0.154291
7.295	0.143777
7.296	0.225387
7.297	-0.14409
7.298	-0.072681
7.299	0.188726
7.3	-0.112848
7.301	-0.049409
7.302	-0.060567
7.303	-0.223149
7.304	-0.137714
7.305	0.028375
7.306	-0.49412
7.307	0.000959
7.308	-0.294239
7.309	-0.013705
7.31	0.191595
7.311	-0.268417
7.312	-0.415698
7.313	0.193189
7.314	-0.022631
7.315	-0.05961
7.316	0.109029
7.317	0.001597
7.318	0.144096
7.319	0.036983
7.32	0.007973
7.321	0.201478
7.322	0.036026
7.323	0.073006
7.324	0.249615
7.325	-0.130063
7.326	0.213273
7.327	0.088308
7.328	-0.148871
7.329	0.168005
7.33	0.014667
7.331	0.007335
7.332	0.004147
7.333	-0.058973
7.334	0.131344
7.335	-0.077463
7.336	-0.073956
7.337	-0.21231
7.338	-0.10456
7.339	-0.024225
7.34	-0.067261
7.341	0.253122
7.342	-0.395614
7.343	0.018493
7.344	0.165136
7.345	-0.261085
7.346	-0.238132
7.347	0.112536
7.348	-0.114761
7.349	0.085439
7.35	0.051009
7.351	0.11923
7.352	0.146008
7.353	-0.037295
7.354	-0.008604
7.355	0.147921
7.356	0.16673
7.357	0.021681
7.358	0.184263
7.359	-0.197965
7.36	0.342064
7.361	-0.029007
7.362	-0.095315
7.363	0.168005
7.364	0.022637
7.365	-0.162898
7.366	0.058023
7.367	0.039214
7.368	-0.121455
7.369	0.193827
7.37	-0.131019
7.371	-0.28085
7.372	-0.072362
7.373	-0.050684
7.374	-0.071087
7.375	-0.065349
7.376	0.017537
7.377	-0.518348
7.378	0.085757
7.379	-0.186488
7.38	-0.122412
7.381	0.137401
7.382	-0.266823
7.383	0.210085
7.384	0.076194
7.385	0.127519
7.386	0.068862
7.387	0.04814
7.388	0.037939
7.389	0.143458
7.39	0.063123
7.391	0.041764
7.392	0.25089
7.393	-0.139626
7.394	0.353859
7.395	-0.160029
7.396	0.186495
7.397	0.055154
7.398	-0.020081
7.399	-0.094996
7.4	0.014349
7.401	0.051328
7.402	0.066949
7.403	-0.122412
7.404	-0.078419
7.405	-0.431
7.406	-0.059292
7.407	-0.040164
7.408	-0.409322
7.409	-0.047496
7.41	-0.151422
7.411	-0.39657
7.412	-0.018487
7.413	-0.254072
7.414	-0.083201
7.415	0.042083
7.416	-0.277662
7.417	0.280537
7.418	0.091814
7.419	0.094365
7.42	0.057066
7.421	0.052922
7.422	0.0797
7.423	0.006698
7.424	0.109985
7.425	0.093727
7.426	0.032201
7.427	0.134213
7.428	0.293927
7.429	-0.123687
7.43	0.212635
7.431	0.177569
7.432	-0.189358
7.433	-0.108385
7.434	0.106797
7.435	-0.063436
7.436	-0.087983
7.437	0.094683
7.438	-0.248015
7.439	-0.219005
7.44	-0.003504
7.441	0.09564
7.442	0.022318
7.443	-0.271924
7.444	0.044315
7.445	0.076831
7.446	-0.107429
7.447	-0.325799
7.448	0.116042
7.449	0.048459
7.45	-0.112211
7.451	0.116361
7.452	0.068543
7.453	0.210404
7.454	-0.008923
7.455	-0.005097
7.456	0.119868
7.457	-0.100097
7.458	0.088945
7.459	0.215823
7.46	-0.097546
7.461	0.183307
7.462	0.248977
7.463	-0.21231
7.464	0.179163
7.465	0.178525
7.466	-0.126875
7.467	0.009567
7.468	0.011798
7.469	-0.052278
7.47	0.133257
7.471	-0.117311
7.472	-0.267142
7.473	-0.121455
7.474	-0.055147
7.475	-0.042715
7.476	0.312735
7.477	-0.344608
7.478	-0.244508
7.479	0.112217
7.48	-0.152697
7.481	-0.204341
7.482	0.102972
7.483	-0.177562
7.484	0.154297
7.485	-0.001272
7.486	0.17725
7.487	0.063442
7.488	0.049415
7.489	0.029013
7.49	0.172468
7.491	0.247702
7.492	0.068543
7.493	0.175975
7.494	-0.221874
7.495	0.320705
7.496	0.066311
7.497	-0.013386
7.498	0.036026
7.499	-0.127194
7.5	0.180438
7.501	-0.036658
7.502	0.020724
7.503	-0.064073
7.504	0.003829
7.505	-0.122093
7.506	-0.261723
7.507	-0.045265
7.508	-0.114123
7.509	-0.363416
7.51	0.124012
7.511	-0.281806
7.512	-0.198284
7.513	-0.027732
7.514	-0.232713
7.515	-0.160667
7.516	0.087033
7.517	-0.284357
7.518	0.302853
7.519	0.028057
7.52	0.128156
7.521	0.055472
7.522	-0.021037
7.523	0.076194
7.524	0.053878
7.525	0.032201
7.526	-0.125281
7.527	0.204666
7.528	-0.02295
7.529	0.27735
7.53	-0.187445
7.531	0.072049
7.532	0.099784
7.533	-0.084795
7.534	-0.029325
7.535	-0.022312
7.536	0.081613
7.537	-0.164492
7.538	0.041764
7.539	-0.244508
7.54	-0.194458
7.541	-0.084476
7.542	-0.256303
7.543	-0.017211
7.544	-0.225381
7.545	-0.015618
7.546	-0.2783
7.547	-0.083838
7.548	-0.24387
7.549	-0.013067
7.55	0.043996
7.551	-0.248334
7.552	0.267148
7.553	0.084163
7.554	0.115086
7.555	0.023912
7.556	0.007973
7.557	0.079382
7.558	0.116361
7.559	0.16673
7.56	0.17725
7.561	0.113492
7.562	-0.083838
7.563	0.323574
7.564	-0.167042
7.565	0.153341
7.566	0.056748
7.567	0.007654
7.568	-0.09914
7.569	0.063761
7.57	-0.062798
7.571	0.055472
7.572	-0.024225
7.573	-0.073956
7.574	-0.418567
7.575	-0.008604
7.576	-0.248334
7.577	-0.164492
7.578	-0.283719
7.579	0.034432
7.58	0.018174
7.581	0.02455
7.582	-0.336319
7.583	0.100422
7.584	-0.041121
7.585	-0.066943
7.586	0.168324
7.587	0.041446
7.588	0.182669
7.589	-0.026138
7.59	0.001278
7.591	0.153978
7.592	0.160035
7.593	-0.110617
7.594	0.112536
7.595	-0.045584
7.596	0.22188
7.597	0.232082
7.598	-0.077463
7.599	0.112854
7.6	0.14824
7.601	-0.199878
7.602	0.005741
7.603	0.092771
7.604	-0.263635
7.605	0.190958
7.606	-0.06758
7.607	-0.217092
7.608	-0.1307
7.609	-0.017849
7.61	-0.139308
7.611	0.569679
7.612	-0.22283
7.613	-0.111892
7.614	0.200203
7.615	-0.328031
7.616	-0.266504
7.617	0.087989
7.618	-0.169593
7.619	-0.016893
7.62	-0.001272
7.621	0.080976
7.622	0.146008
7.623	0.061529
7.624	0.031563
7.625	0.041446
7.626	0.092771
7.627	-0.0255
7.628	0.257585
7.629	-0.102009
7.63	0.226343
7.631	-0.031876
7.632	-0.05706
7.633	0.159079
7.634	0.057704
7.635	-0.216773
7.636	0.062167
7.637	0.089583
7.638	-0.226975
7.639	-0.00191
7.64	-0.087345
7.641	-0.31241
7.642	-0.27033
7.643	0.081294
7.644	-0.679655
7.645	0.287551
7.646	-0.237176
7.647	-0.241639
7.648	0.09022
7.649	-0.147596
7.65	-0.18075
7.651	0.117955
7.652	-0.299659
7.653	0.184263
7.654	0.09022
7.655	0.072049
7.656	0.081294
7.657	0.101697
7.658	-0.019124
7.659	0.042721
7.66	0.211041
7.661	0.034751
7.662	0.156529
7.663	0.041127
7.664	0.212954
7.665	-0.115717
7.666	0.189683
7.667	0.194783
7.668	-0.080013
7.669	-0.103922
7.67	0.01403
7.671	0.013392
7.672	0.044952
7.673	-0.154928
7.674	-0.14664
7.675	-0.249927
7.676	-0.078419
7.677	-0.405496
7.678	-0.256941
7.679	-0.065986
7.68	0.050053
7.681	-0.177244
7.682	0.018174
7.683	-0.363416
7.684	0.039214
7.685	-0.012748
7.686	-0.159391
7.687	0.252803
7.688	0.096915
7.689	0.14824
7.69	0.043996
7.691	-0.042396
7.692	0.136445
7.693	0.205941
7.694	0.059298
7.695	-0.020081
7.696	0.012436
7.697	0.138039
7.698	0.36661
7.699	-0.327074
7.7	0.244196
7.701	-0.004141
7.702	0.058023
7.703	0.059617
7.704	-0.074275
7.705	-0.085114
7.706	-0.049409
7.707	-0.087026
7.708	-0.202109
7.709	-0.306991
7.71	0.136126
7.711	-0.109023
7.712	0.073325
7.713	-0.385732
7.714	-0.060886
7.715	0.135807
7.716	-0.182025
7.717	-0.328031
7.718	0.014349
7.719	-0.068855
7.72	-0.064392
7.721	0.121143
7.722	0.038258
7.723	0.255353
7.724	-0.040164
7.725	0.009567
7.726	0.115724
7.727	0.236545
7.728	0.01913
7.729	0.165773
7.73	0.001597
7.731	0.263642
7.732	0.022
7.733	-0.131976
7.734	0.150153
7.735	0.01658
7.736	-0.008604
7.737	-0.028688
7.738	0.041446
7.739	0.045909
7.74	0.055472
7.741	-0.045902
7.742	-0.212948
7.743	-0.160348
7.744	-0.044946
7.745	-0.484237
7.746	0.172787
7.747	-0.127831
7.748	-0.307309
7.749	-0.037295
7.75	-0.099459
7.751	-0.18617
7.752	0.092133
7.753	-0.137395
7.754	0.156529
7.755	0.031563
7.756	0.120505
7.757	0.123693
7.758	0.05611
7.759	0.01403
7.76	0.179481
7.761	0.021362
7.762	0.107435
7.763	0.149834
7.764	-0.194777
7.765	0.307635
7.766	0.060573
7.767	-0.038252
7.768	0.096596
7.769	-0.109341
7.77	0.094365
7.771	-0.044309
7.772	0.060254
7.773	-0.014342
7.774	-0.08065
7.775	-0.132294
7.776	-0.127194
7.777	-0.065986
7.778	-0.056104
7.779	-0.473717
7.78	0.189045
7.781	-0.337594
7.782	0.046228
7.783	0.053878
7.784	-0.168955
7.785	-0.16226
7.786	0.078425
7.787	-0.234307
7.788	0.35099
7.789	-0.042396
7.79	0.181713
7.791	0.0271
7.792	-0.028688
7.793	0.034751
7.794	0.042402
7.795	-0.008604
7.796	0.009886
7.797	0.263323
7.798	-0.101372
7.799	0.334094
7.8	-0.037614
7.801	0.025506
7.802	0.142821
7.803	-0.00191
7.804	-0.100097
7.805	0.094683
7.806	0.020406
7.807	0.018812
7.808	-0.100734
7.809	-0.011473
7.81	-0.356722
7.811	-0.139308
7.812	0.045271
7.813	-0.146959
7.814	-0.247696
7.815	-0.029963
7.816	-0.376168
7.817	0.008929
7.818	-0.271924
7.819	-0.098184
7.82	0.0797
7.821	-0.233988
7.822	0.358641
7.823	0.102334
7.824	0.089902
7.825	0.01913
7.826	0.108073
7.827	0.051647
7.828	0.046228
7.829	0.1272
7.83	0.091814
7.831	0.162586
7.832	0.022318
7.833	0.439613
7.834	-0.129106
7.835	0.094365
7.836	0.158441
7.837	-0.086389
7.838	-0.117311
7.839	0.132619
7.84	0.11923
7.841	0.087351
7.842	-0.124325
7.843	-0.087345
7.844	-0.416654
7.845	0.035707
7.846	-0.432275
7.847	-0.596451
7.848	0.080019
7.849	0.146646
7.85	-0.106154
7.851	0.039214
7.852	-0.279575
7.853	-0.001591
7.854	0.062167
7.855	-0.142496
7.856	0.199884
7.857	0.176612
7.858	0.159398
7.859	-0.039527
7.86	0.042721
7.861	0.097553
7.862	0.022
7.863	0.291695
7.864	0.193189
7.865	0.001597
7.866	0.111898
7.867	0.275118
7.868	-0.275112
7.869	0.197334
7.87	0.140589
7.871	-0.164173
7.872	0.002235
7.873	0.146008
7.874	-0.131019
7.875	0.160992
7.876	-0.099459
7.877	-0.239726
7.878	-0.22283
7.879	0.025506
7.88	-0.335682
7.881	0.135807
7.882	-0.480412
7.883	-0.020399
7.884	0.143458
7.885	-0.284038
7.886	-0.296152
7.887	0.146965
7.888	-0.08065
7.889	0.052603
7.89	0.102653
7.891	0.061529
7.892	0.173743
7.893	-0.021037
7.894	0.024869
7.895	0.060254
7.896	0.138676
7.897	0.077788
7.898	0.129431
7.899	-0.00446
7.9	0.310822
7.901	-0.020081
7.902	-0.055785
7.903	0.159716
7.904	-0.030282
7.905	-0.074275
7.906	0.022
7.907	0.028057
7.908	-0.248652
7.909	0.107435
7.91	-0.121455
7.911	-0.281806
7.912	-0.115398
7.913	-0.037295
7.914	-0.437694
7.915	-0.13867
7.916	0.044634
7.917	-0.411235
7.918	0.031882
7.919	-0.111892
7.92	-0.154291
7.921	0.080019
7.922	-0.157479
7.923	0.162267
7.924	0.058023
7.925	0.161948
7.926	0.075556
7.927	0.023275
7.928	0.018812
7.929	0.146646
7.93	0.068224
7.931	0.115724
7.932	0.08512
7.933	0.001278
7.934	0.36151
7.935	-0.255347
7.936	0.173743
7.937	0.068543
7.938	-0.055466
7.939	0.067586
7.94	-0.015936
7.941	0.028057
7.942	-0.065667
7.943	0.076831
7.944	-0.278618
7.945	-0.273837
7.946	0.018493
7.947	-0.453315
7.948	0.018174
7.949	-0.347796
7.95	-0.150465
7.951	-0.197327
7.952	-0.198284
7.953	-0.230163
7.954	0.063442
7.955	-0.093083
7.956	-0.18872
7.957	0.263004
7.958	0.006698
7.959	0.172787
7.96	0.053241
7.961	-0.017849
7.962	0.12465
7.963	0.109348
7.964	0.041764
7.965	0.127519
7.966	0.068543
7.967	0.11126
7.968	0.36151
7.969	-0.180431
7.97	0.268742
7.971	0.131344
7.972	-0.133888
7.973	-0.023268
7.974	0.164498
7.975	-0.004779
7.976	0.118911
7.977	-0.146959
7.978	-0.22283
7.979	-0.163854
7.98	-0.017849
7.981	0.087351
7.982	0.372986
7.983	-0.324205
7.984	0.129113
7.985	0.244196
7.986	-0.10966
7.987	-0.340145
7.988	0.139314
7.989	-0.026456
7.99	-0.130063
7.991	0.0797
7.992	0.052603
7.993	0.156847
7.994	-0.000634
7.995	-0.001591
7.996	0.162904
7.997	0.114767
7.998	0.136126
7.999	0.163861
8	-0.094358
8.001	0.215823
8.002	0.160992
8.003	-0.183619
8.004	0.160673
8.005	-0.018487
8.006	-0.095952
8.007	-0.058335
8.008	-0.013067
8.009	0.045909
8.01	0.090539
8.011	-0.077463
8.012	-0.198921
8.013	-0.14664
8.014	-0.024544
8.015	-0.181388
8.016	0.279262
8.017	-0.51516
8.018	-0.031876
8.019	0.203072
8.02	-0.22825
8.021	-0.196052
8.022	0.097871
8.023	-0.187126
8.024	0.165773
8.025	0.04304
8.026	0.14569
8.027	0.170236
8.028	-0.021356
8.029	0.030926
8.03	0.060892
8.031	0.204666
8.032	0.058023
8.033	0.199246
8.034	-0.027732
8.035	0.247065
8.036	0.073325
8.037	0.027419
8.038	0.113173
8.039	-0.060567
8.04	-0.099459
8.041	0.075237
8.042	0.01658
8.043	-0.09914
8.044	0.120187
8.045	-0.197646
8.046	-0.231119
8.047	-0.057379
8.048	-0.064392
8.049	-0.343014
8.05	0.016261
8.051	-0.024862
8.052	-0.489657
8.053	-0.011473
8.054	-0.267461
8.055	-0.087345
8.056	0.096596
8.057	-0.363098
8.058	0.23782
8.059	0.103291
8.06	0.075556
8.061	0.136126
8.062	-0.035701
8.063	0.112854
8.064	0.155572
8.065	-0.026456
8.066	0.130069
8.067	0.109029
8.068	0.023275
8.069	0.284363
8.07	-0.160667
8.071	0.267148
8.072	0.096915
8.073	-0.065349
8.074	0.058023
8.075	-0.039845
8.076	0.143139
8.077	-0.045584
8.078	0.049734
8.079	-0.200834
8.08	-0.300296
8.081	0.091496
8.082	-0.411872
8.083	-0.10711
8.084	-0.23622
8.085	-0.071406
8.086	-0.055466
8.087	-0.146002
8.088	-0.204022
8.089	0.011161
8.09	-0.103603
8.091	-0.180113
8.092	0.26396
8.093	0.007016
8.094	0.224749
8.095	-0.053235
8.096	0.051009
8.097	0.122737
8.098	0.11413
8.099	0.031244
8.1	0.155891
8.101	0.052603
8.102	0.159398
8.103	0.292014
8.104	-0.244508
8.105	0.164817
8.106	0.146327
8.107	-0.139308
8.108	-0.080332
8.109	0.13772
8.11	0.01913
8.111	-0.069493
8.112	0.003191
8.113	-0.276706
8.114	-0.111254
8.115	-0.030919
8.116	-0.351302
8.117	0.061848
8.118	-0.227612
8.119	0.041446
8.12	0.168324
8.121	-0.241001
8.122	-0.342057
8.123	0.11126
8.124	-0.040483
8.125	-0.021037
8.126	0.022956
8.127	0.067586
8.128	0.199565
8.129	0.021362
8.13	0.002872
8.131	0.10871
8.132	0.184263
8.133	0.183307
8.134	0.209766
8.135	-0.066305
8.136	0.218055
8.137	0.054516
8.138	-0.126237
8.139	0.175975
8.14	0.115086
8.141	-0.098184
8.142	-0.045584
8.143	0.073962
8.144	0.028057
8.145	0.110623
8.146	-0.067261
8.147	-0.277025
8.148	-0.140902
8.149	-0.033789
8.15	-0.095952
8.151	0.319748
8.152	-0.343014
8.153	-0.171824
8.154	0.094683
8.155	-0.230481
8.156	-0.166086
8.157	0.103291
8.158	-0.189676
8.159	0.142183
8.16	0.032838
8.161	0.120505
8.162	0.122418
8.163	0.002872
8.164	0.009248
8.165	0.143139
8.166	-0.168636
8.167	0.063123
8.168	0.309866
8.169	-0.213586
8.17	0.295521
8.171	-0.149828
8.172	0.000959
8.173	0.199884
8.174	0.039214
8.175	-0.174056
8.176	0.01148
8.177	0.085757
8.178	-0.203703
8.179	-0.076825
8.18	-0.014024
8.181	-0.214223
8.182	-0.14122
8.183	0.041764
8.184	-0.850207
8.185	0.183944
8.186	-0.029644
8.187	-0.466066
8.188	0.131025
8.189	-0.225699
8.19	-0.133888
8.191	0.089264
8.192	-0.276706
8.193	0.325168
8.194	0.015305
8.195	0.121143
8.196	0.03507
8.197	0.02455
8.198	0.106797
8.199	-0.024225
8.2	-0.012748
8.201	0.01148
8.202	0.099784
8.203	0.110304
8.204	0.210085
8.205	-0.031557
8.206	0.22188
8.207	0.196058
8.208	-0.128788
8.209	-0.056741
8.21	-0.00446
8.211	0.130707
8.212	-0.05706
8.213	0.045909
8.214	-0.193821
8.215	-0.281488
8.216	-0.013067
8.217	-0.317192
8.218	-0.17565
8.219	-0.30986
8.22	0.029969
8.221	-0.138989
8.222	-0.043033
8.223	-0.328031
8.224	0.087989
8.225	-0.004779
8.226	-0.020718
8.227	0.146646
8.228	0.04559
8.229	0.197015
8.23	0.040489
8.231	0.013711
8.232	0.128156
8.233	0.103928
8.234	0.131344
8.235	0.061211
8.236	-0.04909
8.237	0.175337
8.238	0.405822
8.239	-0.332494
8.24	0.272887
8.241	0.036026
8.242	0.022956
8.243	0.015305
8.244	-0.145046
8.245	-0.032513
8.246	0.030607
8.247	0.082569
8.248	-0.270011
8.249	-0.274793
8.25	0.171193
8.251	-0.366923
8.252	0.257585
8.253	-0.41761
8.254	-0.024225
8.255	0.102016
8.256	-0.219961
8.257	-0.23877
8.258	0.078106
8.259	-0.180113
8.26	0.19829
8.261	0.067268
8.262	0.016261
8.263	0.26396
8.264	-0.087983
8.265	0.045271
8.266	0.096277
8.267	0.26141
8.268	0.057066
8.269	0.238139
8.27	-0.044946
8.271	0.223793
8.272	0.054516
8.273	-0.154291
8.274	0.148559
8.275	0.036983
8.276	-0.064711
8.277	-0.064711
8.278	0.107435
8.279	-0.048772
8.28	0.078744
8.281	-0.04654
8.282	-0.306672
8.283	-0.103603
8.284	-0.030601
8.285	-0.648732
8.286	0.162904
8.287	-0.182982
8.288	-0.321655
8.289	0.015624
8.29	-0.155566
8.291	-0.097865
8.292	0.072368
8.293	-0.125281
8.294	0.090858
8.295	0.073006
8.296	0.09309
8.297	0.084801
8.298	0.069499
8.299	0.002553
8.3	0.109029
8.301	0.089583
8.302	0.096915
8.303	0.153022
8.304	-0.146959
8.305	0.418573
8.306	0.103928
8.307	0.004147
8.308	0.06918
8.309	-0.183938
8.31	0.102653
8.311	-0.027094
8.312	0.047821
8.313	-0.054191
8.314	-0.013067
8.315	-0.18872
8.316	-0.295514
8.317	-0.01753
8.318	-0.086389
8.319	-0.74947
8.32	0.15079
8.321	-0.180113
8.322	-0.195733
8.323	0.059298
8.324	-0.248334
8.325	-0.063436
8.326	0.049097
8.327	-0.300615
8.328	0.419211
8.329	0.02455
8.33	0.139314
8.331	0.089264
8.332	0.018174
8.333	0.063123
8.334	0.048778
8.335	0.14569
8.336	0.01403
8.337	0.093408
8.338	0.086076
8.339	0.281494
8.34	-0.203703
8.341	0.061529
8.342	0.18777
8.343	-0.076187
8.344	-0.055466
8.345	-0.003822
8.346	0.030607
8.347	-0.058973
8.348	-0.097228
8.349	-0.154291
8.35	-0.218367
8.351	-0.057379
8.352	-0.169593
8.353	-0.010517
8.354	-0.413466
8.355	-0.035382
8.356	-0.045584
8.357	-0.147915
8.358	-0.316236
8.359	0.047184
8.36	0.073325
8.361	-0.183619
8.362	0.185538
8.363	0.116361
8.364	0.17725
8.365	0.013073
8.366	0.023594
8.367	0.134532
8.368	0.109348
8.369	0.047503
8.37	0.140589
8.371	-0.01753
8.372	0.022
8.373	0.305084
8.374	-0.189358
8.375	0.134213
8.376	0.055472
8.377	-0.161623
8.378	0.030926
8.379	-0.026775
8.38	0.021043
8.381	0.106479
8.382	-0.123687
8.383	-0.08862
8.384	-0.482643
8.385	0.080657
8.386	-0.205935
8.387	-0.220918
8.388	-0.501133
8.389	-0.065349
8.39	0.037939
8.391	-0.146959
8.392	-0.317192
8.393	0.123374
8.394	-0.041121
8.395	-0.050047
8.396	0.143777
8.397	0.077788
8.398	0.228894
8.399	-0.05706
8.4	0.044315
8.401	0.120187
8.402	0.174381
8.403	0.060254
8.404	0.103928
8.405	-0.087664
8.406	0.295202
8.407	0.301578
8.408	-0.224106
8.409	0.193189
8.41	0.087033
8.411	-0.039208
8.412	-0.028369
8.413	0.051647
8.414	-0.052278
8.415	0.082888
8.416	-0.148553
8.417	-0.324843
8.418	-0.112848
8.419	-0.012111
8.42	0.247702
8.421	0.043996
8.422	-0.087664
8.423	-0.381587
8.424	-0.003822
8.425	-0.215498
8.426	-0.247377
8.427	0.11413
8.428	-0.245464
8.429	0.18777
8.43	0.026144
8.431	0.090539
8.432	0.061848
8.433	-0.025181
8.434	0.028057
8.435	0.136764
8.436	0.083207
8.437	0.120187
8.438	0.181713
8.439	-0.206253
8.44	0.295839
8.441	-0.000953
8.442	0.021043
8.443	0.094365
8.444	-0.205935
8.445	0.073006
8.446	-0.050047
8.447	0.009886
8.448	-0.203703
8.449	-0.027413
8.45	-0.051641
8.451	-0.234307
8.452	0.022
8.453	-0.10711
8.454	0.002235
8.455	0.318473
8.456	-0.029963
8.457	-0.282125
8.458	-0.013705
8.459	-0.239726
8.46	-0.106472
8.461	0.039852
8.462	-0.229206
8.463	0.331225
8.464	-0.019762
8.465	0.226981
8.466	0.013073
8.467	0.071412
8.468	0.104885
8.469	0.003191
8.47	0.065355
8.471	0.059617
8.472	0.127838
8.473	0.090858
8.474	0.447583
8.475	-0.173099
8.476	0.039852
8.477	0.214229
8.478	-0.060886
8.479	-0.109979
8.48	0.065355
8.481	0.06918
8.482	0.020724
8.483	-0.015618
8.484	-0.204341
8.485	-0.306991
8.486	-0.085751
8.487	-0.253115
8.488	-0.255666
8.489	-0.118586
8.49	0.123374
8.491	-0.202428
8.492	-0.042077
8.493	-0.278618
8.494	-0.027094
8.495	0.036026
8.496	-0.212948
8.497	0.194146
8.498	0.149515
8.499	0.157804
8.5	-0.020718
8.501	0.065674
8.502	0.053241
8.503	0.087989
8.504	0.14824
8.505	0.155572
8.506	0.066311
8.507	0.017218
8.508	0.472448
8.509	-0.282444
8.51	0.151109
8.511	0.132619
8.512	-0.163217
8.513	-0.040164
8.514	0.169918
8.515	-0.210398
8.516	0.117955
8.517	0.034751
8.518	-0.139626
8.519	-0.307947
8.52	-0.026775
8.521	-0.315598
8.522	0.060892
8.523	-0.356084
8.524	0.056748
8.525	0.090539
8.526	-0.242595
8.527	-0.441201
8.528	0.1798
8.529	-0.091808
8.53	0.049097
8.531	0.180756
8.532	-0.008604
8.533	0.165455
8.534	0.039533
8.535	0.030607
8.536	0.151428
8.537	0.212635
8.538	0.096915
8.539	0.136445
8.54	0.054197
8.541	0.157804
8.542	0.01148
8.543	0.103291
8.544	0.080657
8.545	0.001278
8.546	-0.023587
8.547	-0.023268
8.548	0.029651
8.549	-0.119862
8.55	0.076512
8.551	-0.088301
8.552	-0.273837
8.553	-0.082563
8.554	-0.104241
8.555	-0.356722
8.556	0.267786
8.557	0.044952
8.558	-0.361504
8.559	0.129113
8.56	-0.253753
8.561	-0.110617
8.562	-0.01243
8.563	-0.156522
8.564	0.149196
8.565	0.011161
8.566	0.168324
8.567	0.052285
8.568	0.027419
8.569	0.052285
8.57	0.226025
8.571	0.127519
8.572	0.049734
8.573	0.098828
8.574	-0.050684
8.575	0.401996
8.576	-0.141858
8.577	0.021362
8.578	0.162904
8.579	-0.074593
8.58	-0.065349
8.581	0.141545
8.582	-0.068218
8.583	0.002553
8.584	0.096915
8.585	-0.318467
8.586	-0.187126
8.587	-0.047815
8.588	-0.018168
8.589	0.211679
8.59	-0.107748
8.591	-0.042077
8.592	-0.296471
8.593	0.041764
8.594	-0.215498
8.595	0.043677
8.596	-0.057698
8.597	-0.213267
8.598	0.171512
8.599	0.015305
8.6	0.127519
8.601	0.033157
8.602	0.00351
8.603	0.237182
8.604	0.113811
8.605	0.089583
8.606	0.149515
8.607	-0.024544
8.608	0.284044
8.609	0.065992
8.61	-0.163536
8.611	0.132619
8.612	-0.01498
8.613	0.096915
8.614	-0.068218
8.615	0.020406
8.616	0.076194
8.617	-0.119862
8.618	0.009248
8.619	-0.211673
8.62	-0.070449
8.621	-0.048134
8.622	-0.401033
8.623	0.189364
8.624	-0.387007
8.625	0.099465
8.626	0.018493
8.627	-0.169274
8.628	-0.214542
8.629	0.167049
8.63	-0.130063
8.631	0.040171
8.632	0.014667
8.633	0.061529
8.634	0.147284
8.635	0.003829
8.636	0.015305
8.637	0.164179
8.638	0.184582
8.639	0.01913
8.64	0.161948
8.641	-0.158754
8.642	0.241326
8.643	0.217098
8.644	-0.147277
8.645	0.145371
8.646	-0.022312
8.647	0.073006
8.648	0.037939
8.649	-0.024862
8.65	-0.032832
8.651	-0.027413
8.652	-0.103285
8.653	-0.082882
8.654	-0.220599
8.655	0.036026
8.656	-0.413466
8.657	0.391795
8.658	-0.317192
8.659	-0.235901
8.66	0.110304
8.661	-0.100097
8.662	-0.288501
8.663	0.134532
8.664	-0.285313
8.665	0.213273
8.666	0.076194
8.667	0.055472
8.668	0.168961
8.669	-0.029325
8.67	0.044315
8.671	0.168324
8.672	0.133257
8.673	-0.034745
8.674	0.231763
8.675	-0.15461
8.676	0.202753
8.677	-0.043352
8.678	-0.096271
8.679	0.132619
8.68	-0.068855
8.681	-0.008285
8.682	-0.129425
8.683	0.085439
8.684	-0.01753
8.685	0.060573
8.686	-0.137714
8.687	-0.245464
8.688	-0.129106
8.689	-0.089577
8.69	-0.080332
8.691	-0.08607
8.692	-0.025819
8.693	-0.435781
8.694	0.008929
8.695	-0.173418
8.696	-0.142496
8.697	0.15621
8.698	-0.316554
8.699	0.264279
8.7	0.047503
8.701	0.061848
8.702	0.102334
8.703	0.056429
8.704	0.044315
8.705	0.139633
8.706	0.048778
8.707	0.15079
8.708	0.168005
8.709	-0.098184
8.71	0.229531
8.711	0.012436
8.712	0.112536
8.713	0.087033
8.714	0.03762
8.715	-0.105197
8.716	-0.027732
8.717	0.188726
8.718	-0.066943
8.719	-0.135163
8.72	-0.056741
8.721	-0.23877
8.722	-0.109979
8.723	-0.059292
8.724	-0.081288
8.725	0.335688
8.726	-0.032832
8.727	-0.23335
8.728	0.03507
8.729	-0.15461
8.73	-0.17023
8.731	0.005741
8.732	-0.255028
8.733	0.317198
8.734	0.029013
8.735	0.206578
8.736	-0.016574
8.737	0.00606
8.738	0.094683
8.739	0.041764
8.74	0.18777
8.741	0.138995
8.742	0.16673
8.743	0.001278
8.744	0.373624
8.745	-0.14409
8.746	0.124331
8.747	0.233038
8.748	-0.122093
8.749	-0.221236
8.75	0.131025
8.751	-0.190314
8.752	0.016899
8.753	0.083207
8.754	-0.112211
8.755	-0.343333
8.756	-0.032513
8.757	-0.160985
8.758	-0.187764
8.759	-0.39402
8.76	0.141864
8.761	-0.051959
8.762	0.054835
8.763	-0.338232
8.764	0.049734
8.765	0.051009
8.766	-0.163217
8.767	0.27448
8.768	-0.021993
8.769	0.11413
8.77	0.030288
8.771	0.016899
8.772	0.074919
8.773	-0.010198
8.774	0.163223
8.775	0.015943
8.776	-0.08065
8.777	0.265873
8.778	0.121462
8.779	-0.119543
8.78	0.191595
8.781	0.078744
8.782	-0.106791
8.783	-0.002228
8.784	0.023275
8.785	-0.023268
8.786	0.075237
8.787	-0.116674
8.788	-0.202109
8.789	-0.136757
8.79	-0.042077
8.791	-0.032195
8.792	0.183307
8.793	-0.294239
8.794	-0.105197
8.795	0.03762
8.796	-0.22283
8.797	-0.163854
8.798	0.089583
8.799	-0.15461
8.8	0.192552
8.801	-0.037614
8.802	0.123056
8.803	0.134851
8.804	0.040808
8.805	0.027419
8.806	0.054197
8.807	0.096915
8.808	0.01403
8.809	0.105522
8.81	-0.225381
8.811	0.265873
8.812	0.007973
8.813	-0.052916
8.814	0.143139
8.815	-0.128469
8.816	0.118274
8.817	-0.011154
8.818	0.033795
8.819	0.048459
8.82	-0.146959
8.821	-0.100097
8.822	-0.18075
8.823	-0.1256
8.824	0.003191
8.825	0.034114
8.826	0.299665
8.827	-0.226018
8.828	-0.22283
8.829	0.034114
8.83	-0.24387
8.831	-0.138351
8.832	0.033476
8.833	-0.31241
8.834	0.343658
8.835	0.004147
8.836	0.161948
8.837	0.071731
8.838	-0.045584
8.839	0.059617
8.84	0.050053
8.841	0.059935
8.842	-0.002547
8.843	0.172787
8.844	0.051647
8.845	0.379043
8.846	-0.247058
8.847	0.14569
8.848	0.130069
8.849	-0.023587
8.85	-0.018168
8.851	-0.002228
8.852	-0.02805
8.853	-0.000634
8.854	0.014667
8.855	-0.177562
8.856	-0.111892
8.857	-0.141858
8.858	-0.349071
8.859	-0.12018
8.86	-0.4887
8.861	0.137082
8.862	-0.242595
8.863	0.052603
8.864	-0.382225
8.865	0.136126
8.866	0.023275
8.867	-0.149828
8.868	0.234313
8.869	0.086076
8.87	0.134213
8.871	0.026144
8.872	0.038258
8.873	0.103291
8.874	0.186176
8.875	0.033157
8.876	0.050372
8.877	-0.01243
8.878	0.14569
8.879	0.38255
8.88	-0.194777
8.881	0.132301
8.882	0.026144
8.883	-0.037295
8.884	0.057385
8.885	-0.10456
8.886	0.093408
8.887	-0.06503
8.888	-0.051959
8.889	-0.140902
8.89	-0.178838
8.891	0.141227
8.892	-0.444708
8.893	0.171193
8.894	-0.306991
8.895	-0.041439
8.896	-0.038252
8.897	-0.210716
8.898	-0.206891
8.899	0.097553
8.9	-0.24387
8.901	0.169918
8.902	0.013711
8.903	0.073006
8.904	0.201478
8.905	-0.138033
8.906	0.073325
8.907	0.117955
8.908	0.113811
8.909	-0.021037
8.91	0.233675
8.911	-0.043033
8.912	0.235907
8.913	0.143458
8.914	-0.169274
8.915	0.168961
8.916	0.060892
8.917	-0.051641
8.918	-0.091489
8.919	0.083207
8.92	-0.087983
8.921	0.030288
8.922	-0.096909
8.923	-0.214223
8.924	-0.278618
8.925	0.041764
8.926	-0.411872
8.927	0.251528
8.928	-0.156841
8.929	0.072687
8.93	0.068862
8.931	-0.314642
8.932	-0.243552
8.933	0.15876
8.934	-0.206253
8.935	0.146327
8.936	0.082888
8.937	0.099784
8.938	0.15876
8.939	-0.06503
8.94	0.05866
8.941	0.052285
8.942	0.065355
8.943	0.084801
8.944	0.238457
8.945	-0.042396
8.946	0.19829
8.947	-0.025181
8.948	0.023594
8.949	0.083526
8.95	-0.052278
8.951	0.02455
8.952	-0.048453
8.953	-0.000634
8.954	-0.050366
8.955	0.14824
8.956	-0.144408
8.957	-0.299021
8.958	-0.066305
8.959	-0.055785
8.96	0.022
8.961	-0.079057
8.962	-0.043352
8.963	-0.430362
8.964	0.044634
8.965	-0.280212
8.966	-0.109979
8.967	0.143139
8.968	-0.27033
8.969	0.270974
8.97	0.073325
8.971	0.098509
8.972	0.143139
8.973	0.040171
8.974	0.040489
8.975	0.091177
8.976	0.138358
8.977	0.164179
8.978	0.149834
8.979	-0.045902
8.98	0.462885
8.981	-0.269055
8.982	0.245152
8.983	0.194783
8.984	-0.10711
8.985	-0.098821
8.986	0.112854
8.987	-0.020718
8.988	-0.072681
8.989	-0.073956
8.99	-0.118586
8.991	-0.310179
8.992	-0.005416
8.993	-0.223149
8.994	-0.349071
8.995	-0.069812
8.996	0.014986
8.997	-0.09659
8.998	-0.043671
8.999	-0.328031
9	0.00606
9.001	-0.025181
9.002	-0.202747
9.003	0.304128
9.004	0.102972
9.005	0.184582
9.006	-0.059292
9.007	0.107754
9.008	0.107435
9.009	0.030288
9.01	0.13517
9.011	0.107116
9.012	0.095321
9.013	0.031563
9.014	0.343658
9.015	-0.10456
9.016	0.074919
9.017	0.233038
9.018	-0.144408
9.019	-0.091171
9.02	-0.009879
9.021	0.061211
9.022	0.138039
9.023	-0.160985
9.024	-0.098184
9.025	-0.434825
9.026	-0.033789
9.027	-0.269374
9.028	-0.184894
9.029	-0.452996
9.03	-0.001272
9.031	0.018174
9.032	-0.124962
9.033	-0.350984
9.034	0.100422
9.035	0.051328
9.036	-0.138989
9.037	0.152703
9.038	0.089902
9.039	0.167686
9.04	-0.021037
9.041	0.060573
9.042	0.036345
9.043	0.022
9.044	0.163223
9.045	0.136126
9.046	0.007016
9.047	0.249934
9.048	0.174062
9.049	-0.17565
9.05	0.132301
9.051	-0.091489
9.052	0.078744
9.053	0.028375
9.054	0.02455
9.055	-0.044946
9.056	-0.00701
9.057	-0.156522
9.058	-0.257578
9.059	-0.093083
9.06	-0.011792
9.061	-0.363098
9.062	0.183626
9.063	-0.021993
