9.744	0.209448
9.745	0.076831
9.746	0.049415
9.747	-0.047178
9.748	0.082251
9.749	0.194146
9.75	-0.135163
9.751	0.126881
9.752	-0.002547
9.753	0.065355
9.754	-0.083201
9.755	0.051009
9.756	0.088308
9.757	-0.055466
9.758	-0.007329
9.759	-0.225062
9.76	-0.127194
9.761	-0.021356
9.762	0.151747
9.763	-0.126237
9.764	-0.15174
9.765	-0.13867
9.766	-0.231119
9.767	-0.047815
9.768	-0.254072
9.769	0.130069
9.77	-0.021037
9.771	-0.133888
9.772	0.169918
9.773	0.104885
9.774	0.04559
9.775	0.18522
9.776	-0.043671
9.777	0.172149
9.778	0.14569
9.779	0.062805
9.78	0.249934
9.781	-0.064073
9.782	0.099465
9.783	0.058979
9.784	0.058342
9.785	0.133895
9.786	0.159716
9.787	-0.091808
9.788	-0.021037
9.789	0.144415
9.79	-0.055466
9.791	-0.000316
9.792	-0.01243
9.793	-0.135163
9.794	-0.132613
9.795	-0.129425
9.796	0.211041
9.797	-0.091489
9.798	-0.379037
9.799	-0.13612
9.8	-0.341739
9.801	-0.003822
9.802	-0.326437
9.803	0.163542
9.804	-0.044946
9.805	-0.109979
9.806	0.081294
9.807	0.080657
9.808	0.011161
9.809	0.168324
9.81	0.024231
9.811	0.048778
9.812	0.189364
9.813	0.081932
9.814	0.065992
9.815	0.010523
9.816	0.213592
9.817	0.007973
9.818	-0.040483
9.819	0.081613
9.82	0.069499
9.821	-0.075231
9.822	-0.000634
9.823	0.172787
9.824	-0.120818
9.825	0.051009
9.826	-0.097546
9.827	-0.172781
9.828	-0.102647
9.829	0.043996
9.83	0.118911
9.831	-0.153016
9.832	0.115724
9.833	-0.35991
9.834	-0.058973
9.835	-0.214223
9.836	-0.072043
9.837	-0.057379
9.838	-0.095952
9.839	0.011798
9.84	0.112854
9.841	0.035389
9.842	0.10871
9.843	-0.013705
9.844	0.177887
9.845	0.29839
9.846	0.047821
9.847	0.065036
9.848	-0.010517
9.849	0.04304
9.85	0.206578
9.851	-0.091171
9.852	0.070455
9.853	0.014667
9.854	0.102016
9.855	-0.102966
9.856	0.068543
9.857	0.163223
9.858	-0.031557
9.859	-0.036658
9.86	-0.131019
9.861	-0.116355
9.862	-0.073956
9.863	-0.054191
9.864	0.137082
9.865	-0.279256
9.866	0.096915
9.867	-0.393382
9.868	-0.080013
9.869	-0.230481
9.87	-0.078738
9.871	-0.030282
9.872	-0.097546
9.873	0.034432
9.874	0.128156
9.875	0.070774
9.876	0.11668
9.877	-0.015299
9.878	0.132619
9.879	0.131663
9.88	0.053878
9.881	0.071093
9.882	0.066949
9.883	0.109667
9.884	0.141227
9.885	-0.0255
9.886	0.064717
9.887	0.080338
9.888	0.042402
9.889	-0.102966
9.89	0.116361
9.891	0.022
9.892	-0.055785
9.893	-0.017211
9.894	-0.157797
9.895	-0.133888
9.896	-0.040164
9.897	-0.234307
9.898	0.034751
9.899	-0.227931
9.9	-0.155566
9.901	-0.109023
9.902	-0.168955
9.903	-0.192545
9.904	0.057385
9.905	-0.075869
9.906	-0.084157
9.907	0.10361
9.908	0.037939
9.909	0.029969
9.91	0.120187
9.911	0.007654
9.912	0.125287
9.913	-0.001272
9.914	0.172787
9.915	0.284363
9.916	-0.164173
9.917	0.164179
9.918	-0.005735
9.919	0.088308
9.92	0.079063
9.921	0.08512
9.922	-0.080013
9.923	0.015943
9.924	0.034432
9.925	-0.010836
9.926	0.024231
9.927	-0.135163
9.928	-0.133569
9.929	-0.155247
9.93	-0.095634
9.931	-0.183301
9.932	0.034751
9.933	0.04304
9.934	-0.30986
9.935	0.034114
9.936	-0.174374
9.937	-0.213586
9.938	0.109348
9.939	-0.074912
9.94	-0.016574
9.941	0.120187
9.942	0.054197
9.943	0.061848
9.944	0.138995
9.945	0.068224
9.946	0.127838
9.947	0.08767
9.948	0.049097
9.949	0.107116
9.95	0.018174
9.951	0.250252
9.952	-0.022312
9.953	0.054197
9.954	0.063442
9.955	0.025825
9.956	-0.047496
9.957	0.064399
9.958	0.107435
9.959	-0.072043
9.96	-0.010517
9.961	-0.150465
9.962	-0.139626
9.963	-0.039208
9.964	-0.091171
9.965	-0.040164
9.966	-0.181388
9.967	0.004785
9.968	-0.335044
9.969	-0.173099
9.97	-0.165767
9.971	-0.098821
9.972	-0.011473
9.973	-0.110617
9.974	0.030607
9.975	0.075237
9.976	0.04559
9.977	0.129431
9.978	-0.041121
9.979	0.189683
9.98	0.125287
9.981	-0.016574
9.982	0.170874
9.983	-0.091489
9.984	0.002872
9.985	0.09819
9.986	-0.03602
9.987	0.159716
9.988	0.092133
9.989	0.012117
9.99	-0.097228
9.991	0.096596
9.992	0.110942
9.993	0.03762
9.994	-0.00701
9.995	-0.14664
9.996	-0.113486
9.997	-0.197965
9.998	-0.005097
9.999	0.153341
10	-0.145046
10.001	0.08767
10.002	-0.294239
10.003	-0.021356
10.004	-0.303165
10.005	0.018174
10.006	-0.019762
10.007	-0.101372
10.008	-0.020399
10.009	0.111579
10.01	0.031882
10.011	0.12975
10.012	0.007016
10.013	0.226025
10.014	0.089264
10.015	0.041764
10.016	0.000959
10.017	0.033476
10.018	0.146008
10.019	0.109029
10.02	-0.024225
10.021	0.13517
10.022	0.152384
10.023	-0.039527
10.024	-0.028688
10.025	0.152703
10.026	0.022
10.027	-0.035064
10.028	-0.098821
10.029	-0.13867
10.03	-0.097546
10.031	-0.059292
10.032	-0.291051
10.033	0.023275
10.034	-0.10456
10.035	-0.280531
10.036	-0.102647
10.037	-0.170868
10.038	-0.065986
10.039	-0.007329
10.04	-0.138033
10.041	0.06663
10.042	0.069499
10.043	0.09819
10.044	0.023912
10.045	0.066311
10.046	0.109985
10.047	0.163542
10.048	0.01913
10.049	0.04814
10.05	0.132619
10.051	-0.086707
10.052	0.157804
10.053	-0.021993
10.054	0.139314
10.055	0.024231
10.056	0.014349
10.057	-0.014661
10.058	-0.004779
10.059	0.152065
10.06	0.004147
10.061	-0.09404
10.062	-0.072681
10.063	-0.143133
10.064	-0.112211
10.065	0.102334
10.066	0.029332
10.067	-0.286907
10.068	0.022637
10.069	-0.240045
10.07	-0.085432
10.071	-0.221236
10.072	-0.053235
10.073	-0.024544
10.074	-0.095952
10.075	0.029651
10.076	0.105522
10.077	0.063442
10.078	0.028375
10.079	-0.018805
10.08	0.165136
10.081	0.210085
10.082	-0.038889
10.083	0.068862
10.084	0.126562
10.085	0.062486
10.086	0.114448
10.087	-0.036976
10.088	0.063123
10.089	0.069818
10.09	0.061848
10.091	-0.073956
10.092	0.087351
10.093	0.11126
10.094	-0.101691
10.095	-0.045902
10.096	-0.11763
10.097	-0.163854
10.098	-0.089258
10.099	-0.060567
10.1	0.041446
10.101	-0.068537
10.102	-0.203065
10.103	-0.165767
10.104	-0.226656
10.105	-0.160348
10.106	-0.060886
10.107	-0.045265
10.108	-0.058654
10.109	0.069818
10.11	0.036664
10.111	0.042402
10.112	0.123056
10.113	0.025825
10.114	0.146646
10.115	0.085439
10.116	0.071093
10.117	0.174381
10.118	-0.200196
10.119	0.186176
10.12	0.046865
10.121	0.055154
10.122	0.177887
10.123	0.094683
10.124	0.03252
10.125	-0.062798
10.126	0.107435
10.127	0.045909
10.128	-0.046859
10.129	0.005423
10.13	-0.141858
10.131	-0.147915
10.132	-0.238132
10.133	0.297433
10.134	0.017218
10.135	-0.145683
10.136	-0.068537
10.137	-0.183301
10.138	0.013073
10.139	-0.243233
10.14	0.125925
10.141	0.014667
10.142	-0.060567
10.143	-0.01243
10.144	0.075237
10.145	0.059617
10.146	0.128475
10.147	0.031563
10.148	0.189683
10.149	0.06663
10.15	-0.058973
10.151	0.096277
10.152	-0.019124
10.153	0.164179
10.154	0.082569
10.155	0.022637
10.156	0.07715
10.157	0.063442
10.158	0.019768
10.159	-0.007648
10.16	0.124012
10.161	0.040171
10.162	-0.05961
10.163	-0.062798
10.164	-0.120499
10.165	-0.127194
10.166	0.007973
10.167	0.024869
10.168	-0.115717
10.169	0.017855
10.17	-0.213904
10.171	-0.235263
10.172	-0.124006
10.173	-0.047815
10.174	-0.122412
10.175	-0.082563
10.176	0.021362
10.177	0.103291
10.178	0.082569
10.179	0.056748
10.18	-0.012111
10.181	0.196377
10.182	0.124968
10.183	0.032201
10.184	0.080338
10.185	0.136126
10.186	0.026144
10.187	0.084482
10.188	-0.025819
10.189	0.151428
10.19	0.0746
10.191	-0.013705
10.192	-0.05961
10.193	0.068862
10.194	0.092452
10.195	-0.026775
10.196	-0.002547
10.197	-0.123368
10.198	-0.174693
10.199	-0.10966
10.2	-0.165767
10.201	-0.062798
10.202	-0.239089
10.203	0.158441
10.204	-0.284038
10.205	-0.098503
10.206	-0.225699
10.207	-0.085114
10.208	-0.002547
10.209	-0.164811
10.21	0.034114
10.211	0.133895
10.212	0.07715
10.213	0.083207
10.214	-0.031238
10.215	0.162267
10.216	0.2273
10.217	0.010204
10.218	0.073643
10.219	0.005741
10.22	0.109985
10.221	0.215186
10.222	-0.06758
10.223	0.108073
10.224	-0.083201
10.225	0.108391
10.226	-0.027413
10.227	-0.001591
10.228	0.141864
10.229	-0.091489
10.23	-0.067261
10.231	-0.165448
10.232	-0.139308
10.233	-0.242595
10.234	-0.270968
10.235	0.002553
10.236	-0.19127
10.237	-0.180113
10.238	-0.135163
10.239	-0.277025
10.24	-0.041439
10.241	-0.048453
10.242	-0.009242
10.243	0.015305
10.244	0.043677
10.245	0.057066
10.246	0.015943
10.247	0.140589
10.248	0.115086
10.249	0.157804
10.25	-0.007967
10.251	0.134532
10.252	0.137082
10.253	0.074281
10.254	0.125287
10.255	-0.005097
10.256	0.074281
10.257	0.07715
10.258	0.040808
10.259	-0.035064
10.26	-0.024225
10.261	0.138676
10.262	-0.040483
10.263	0.013073
10.264	0.000322
10.265	-0.190314
10.266	-0.095952
10.267	-0.019443
10.268	-0.083201
10.269	-0.158435
10.27	-0.030919
10.271	-0.202109
10.272	-0.074593
10.273	-0.20976
10.274	0.006379
10.275	-0.124643
10.276	-0.085114
10.277	0.030288
10.278	0.065036
10.279	0.044952
10.28	0.002553
10.281	0.015305
10.282	0.121781
10.283	0.1798
10.284	0.036983
10.285	0.017855
10.286	0.138039
10.287	-0.073
10.288	0.034751
10.289	-0.00701
10.29	0.117636
10.291	0.011798
10.292	-0.001272
10.293	-0.041758
10.294	0.057385
10.295	0.239095
10.296	-0.094677
10.297	-0.096909
10.298	-0.100734
10.299	-0.197008
10.3	-0.175968
10.301	-0.082244
10.302	0.162586
10.303	-0.357997
10.304	0.069818
10.305	-0.299021
10.306	-0.079057
10.307	-0.209441
10.308	-0.039208
10.309	-0.094358
10.31	-0.064711
10.311	0.008292
10.312	0.075237
10.313	0.103928
10.314	0.051328
10.315	-0.013705
10.316	0.118593
10.317	0.214548
10.318	-0.065667
10.319	0.033795
10.32	0.141864
10.321	0.106797
10.322	0.110942
10.323	0.000322
10.324	0.08767
10.325	0.076194
10.326	0.01148
10.327	-0.045584
10.328	0.142821
10.329	0.110623
10.33	-0.076187
10.331	-0.009879
10.332	-0.174374
10.333	-0.126237
10.334	-0.080969
10.335	-0.157797
10.336	-0.039527
10.337	-0.238132
10.338	-0.164811
10.339	-0.002866
10.34	-0.300296
10.341	-0.082244
10.342	0.033476
10.343	-0.035382
10.344	-0.07555
10.345	0.040489
10.346	0.072368
10.347	0.073325
10.348	0.141545
10.349	0.001597
10.35	0.182032
10.351	0.126881
10.352	0.063442
10.353	0.212317
10.354	-0.13612
10.355	0.118593
10.356	0.04559
10.357	0.071412
10.358	0.107116
10.359	0.018174
10.36	0.025825
10.361	-0.019762
10.362	0.087351
10.363	0.119868
10.364	-0.064711
10.365	-0.01753
10.366	-0.179156
10.367	-0.092764
10.368	-0.137395
10.369	-0.195096
10.37	0.174381
10.371	-0.094677
10.372	-0.209441
10.373	-0.127194
10.374	-0.149509
10.375	-0.30444
10.376	0.144415
10.377	-0.081288
10.378	-0.017211
10.379	0.04814
10.38	0.034751
10.381	-0.003822
10.382	0.10871
10.383	0.074281
10.384	0.217417
10.385	0.012436
10.386	-0.002866
10.387	0.18777
10.388	0.017855
10.389	0.101378
10.39	0.067905
10.391	0.10616
10.392	0.036983
10.393	0.033157
10.394	0.013711
10.395	-0.010517
10.396	0.098828
10.397	0.060892
10.398	-0.10456
10.399	-0.10966
10.4	-0.069493
10.401	-0.170868
10.402	-0.005097
10.403	0.017218
10.404	-0.169911
10.405	0.01148
10.406	-0.185851
10.407	-0.20721
10.408	-0.10456
10.409	-0.087664
10.41	-0.07555
10.411	-0.063755
10.412	0.031882
10.413	0.134851
10.414	0.058342
10.415	0.043358
10.416	-0.001272
10.417	0.169599
10.418	0.117317
10.419	-0.009561
10.42	0.1798
10.421	0.065674
10.422	0.021043
10.423	0.107116
10.424	0.005741
10.425	0.124012
10.426	0.051647
10.427	0.027419
10.428	-0.020399
10.429	0.030926
10.43	0.12975
10.431	-0.037933
10.432	0.002872
10.433	-0.127194
10.434	-0.159391
10.435	-0.145046
10.436	-0.121455
10.437	0.104566
10.438	-0.378718
10.439	0.083526
10.44	-0.427812
10.441	-0.153334
10.442	-0.212948
10.443	-0.087345
10.444	0.023594
10.445	-0.097228
10.446	0.004466
10.447	0.151747
10.448	0.04814
10.449	0.137401
10.45	-0.060567
10.451	0.199884
10.452	0.149196
10.453	-0.061842
10.454	0.051647
10.455	0.111579
10.456	0.081294
10.457	0.083526
10.458	0.025506
10.459	0.063761
10.46	0.059617
10.461	0.014349
10.462	-0.094358
10.463	0.091814
10.464	0.062167
10.465	-0.050684
10.466	-0.103603
10.467	-0.080332
10.468	-0.154928
10.469	-0.143452
10.47	0.028694
10.471	-0.029007
10.472	-0.248652
10.473	-0.117311
10.474	-0.1256
10.475	-0.261723
10.476	-0.081926
10.477	-0.033151
10.478	-0.079057
10.479	-0.032513
10.48	0.126881
10.481	0.038577
10.482	0.015943
10.483	0.141227
10.484	-0.000316
10.485	0.138995
10.486	0.150153
10.487	0.073006
10.488	0.251209
10.489	-0.171505
10.49	0.210085
10.491	-0.05706
10.492	0.122418
10.493	0.03507
10.494	0.039533
10.495	0.031244
10.496	-0.034107
10.497	0.138676
10.498	0.063123
10.499	-0.006373
10.5	-0.109341
10.501	-0.17565
10.502	-0.138989
10.503	-0.180113
10.504	-0.411872
10.505	-0.000316
10.506	0.01913
10.507	-0.332494
10.508	-0.072681
10.509	-0.190633
10.51	-0.185213
10.511	0.140589
10.512	-0.085114
10.513	-0.021037
10.514	0.108073
10.515	0.049734
10.516	0.037301
10.517	0.111579
10.518	0.036026
10.519	0.212635
10.52	-0.002228
10.521	0.021681
10.522	0.206578
10.523	0.09819
10.524	0.128794
10.525	0.055791
10.526	0.102016
10.527	0.015943
10.528	0.041127
10.529	0.047503
10.53	-0.014342
10.531	0.088945
10.532	0.026463
10.533	-0.060886
10.534	-0.155247
10.535	-0.018805
10.536	-0.179794
10.537	0.017537
10.538	0.05611
10.539	-0.267142
10.54	0.096277
10.541	-0.306672
10.542	-0.133251
10.543	-0.108066
10.544	-0.114442
10.545	-0.088301
10.546	-0.119862
10.547	0.065674
10.548	0.137082
10.549	0.054516
10.55	0.068543
10.551	-0.034426
10.552	0.177569
10.553	0.131663
10.554	-0.009879
10.555	0.166092
10.556	-0.012111
10.557	0.037939
10.558	0.069818
10.559	-0.014661
10.56	0.113492
10.561	0.048778
10.562	0.054197
10.563	-0.041121
10.564	0.06918
10.565	0.121781
10.566	-0.07555
10.567	-0.038252
10.568	-0.13867
10.569	-0.161623
10.57	-0.05961
10.571	-0.087345
10.572	0.290739
10.573	-0.342057
10.574	-0.04654
10.575	-0.302209
10.576	-0.234626
10.577	-0.176287
10.578	-0.005416
10.579	0.009886
10.58	-0.237813
10.581	0.146327
10.582	0.14569
10.583	0.064717
10.584	0.183626
10.585	-0.120818
10.586	0.200203
10.587	0.153341
10.588	0.078106
10.589	0.06918
10.59	-0.010517
10.591	-0.00701
10.592	0.098509
10.593	0.01148
10.594	0.096277
10.595	-0.05706
10.596	0.00351
10.597	-0.043033
10.598	-0.00446
10.599	0.233038
10.6	0.001597
10.601	-0.138989
10.602	-0.137714
10.603	-0.226975
10.604	-0.179156
10.605	-0.110617
10.606	-0.158435
10.607	-0.065349
10.608	-0.1782
10.609	-0.189358
10.61	-0.153972
10.611	-0.271286
10.612	0.046228
10.613	-0.003822
10.614	-0.021356
10.615	0.071412
10.616	0.090539
10.617	0.012117
10.618	0.142502
10.619	0.097553
10.62	0.207535
10.621	0.011798
10.622	0.074919
10.623	0.129113
10.624	0.103291
10.625	0.040489
10.626	0.116042
10.627	-0.012748
10.628	0.036983
10.629	0.126244
10.63	-0.035382
10.631	-0.073
10.632	0.173424
10.633	0.016261
10.634	-0.176287
10.635	0.02455
10.636	-0.048134
10.637	-0.212948
10.638	-0.13867
10.639	-0.016574
10.64	-0.192545
10.641	0.059617
10.642	-0.350346
10.643	-0.008604
10.644	-0.158435
10.645	0.033795
10.646	-0.088939
10.647	-0.064392
10.648	0.078744
10.649	0.084482
10.65	0.059617
10.651	0.005423
10.652	0.003191
10.653	0.191595
10.654	0.19574
10.655	-0.015618
10.656	0.09819
10.657	0.225068
10.658	-0.097546
10.659	0.148878
10.66	0.040808
10.661	0.127519
10.662	0.052603
10.663	0.040171
10.664	0.010842
10.665	-0.051003
10.666	0.052603
10.667	0.122737
10.668	-0.03602
10.669	-0.082244
10.67	-0.140264
10.671	-0.197327
10.672	-0.113805
10.673	-0.41506
10.674	0.152065
10.675	-0.150465
10.676	-0.308585
10.677	-0.011154
10.678	-0.285632
10.679	-0.097865
10.68	0.137082
10.681	-0.204978
10.682	0.115086
10.683	0.050053
10.684	0.074919
10.685	0.069499
10.686	0.036345
10.687	0.11668
10.688	0.221561
10.689	0.118593
10.69	-0.051322
10.691	0.12975
10.692	0.04814
10.693	0.26396
10.694	-0.054829
10.695	0.154616
10.696	-0.089577
10.697	0.028057
10.698	-0.012748
10.699	-0.008285
10.7	0.153022
10.701	3.128e-06
10.702	-0.129106
10.703	-0.135801
10.704	-0.101053
10.705	-0.145683
10.706	-0.137395
10.707	-0.012748
10.708	-0.113167
10.709	-0.204341
10.71	-0.085432
10.711	-0.307309
10.712	-0.142814
10.713	0.014667
10.714	-0.110617
10.715	-0.016574
10.716	0.051328
10.717	0.046228
10.718	0.076194
10.719	0.146008
10.72	-0.008923
10.721	0.197334
10.722	0.038895
10.723	0.162267
10.724	0.246427
10.725	-0.03602
10.726	0.078744
10.727	0.135488
10.728	-0.004779
10.729	0.046865
10.73	0.123693
10.731	-0.056104
10.732	-0.029963
10.733	0.146646
10.734	0.061848
10.735	-0.03347
10.736	-0.050684
10.737	-0.098503
10.738	-0.204659
10.739	0.038895
10.74	-0.260447
10.741	0.247702
10.742	-0.195415
10.743	-0.072362
10.744	-0.018487
10.745	-0.141858
10.746	-0.241001
10.747	0.046228
10.748	-0.138033
10.749	-0.16226
10.75	0.173743
10.751	0.053878
10.752	0.192552
10.753	0.061848
10.754	-0.030282
10.755	0.202115
10.756	0.088626
10.757	0.095002
10.758	0.239414
10.759	0.045909
10.76	0.143139
10.761	0.258541
10.762	-0.092764
10.763	0.103928
10.764	0.017218
10.765	-0.074275
10.766	0.030607
10.767	-0.026138
10.768	0.078106
10.769	-0.010836
10.77	-0.161623
10.771	-0.175968
10.772	-0.182982
10.773	-0.116992
10.774	0.118593
10.775	-0.132613
10.776	0.154616
10.777	-0.307628
10.778	-0.241958
10.779	-0.284675
10.78	-0.077781
10.781	-0.014661
10.782	-0.097228
10.783	-0.007648
10.784	0.157485
10.785	0.033795
10.786	0.090858
10.787	-0.006054
10.788	0.210085
10.789	0.136764
10.79	-0.067899
10.791	0.237501
10.792	-0.072043
10.793	0.005104
10.794	0.149515
10.795	-0.056104
10.796	0.131025
10.797	0.072049
10.798	0.012117
10.799	-0.070768
10.8	0.030926
10.801	0.134532
10.802	-0.044946
10.803	-0.023268
10.804	-0.16768
10.805	-0.150784
10.806	-0.172143
10.807	0.110623
10.808	0.212635
10.809	-0.201153
10.81	-0.003822
10.811	-0.261404
10.812	0.012117
10.813	-0.274155
10.814	0.010842
10.815	-0.009879
10.816	-0.15716
10.817	0.046546
10.818	0.108073
10.819	0.037301
10.82	0.123374
10.821	-0.020718
10.822	0.222199
10.823	0.131982
10.824	-0.090214
10.825	0.059935
10.826	0.131025
10.827	-0.00191
10.828	0.132938
10.829	0.085757
10.83	0.055791
10.831	0.074919
10.832	0.009248
10.833	-0.13867
10.834	0.16928
10.835	0.071731
10.836	-0.090852
10.837	-0.065349
10.838	-0.101691
10.839	-0.148234
10.84	-0.175331
10.841	0.224112
10.842	0.010204
10.843	-0.235582
10.844	-0.110935
10.845	-0.228569
10.846	-0.052278
10.847	-0.320061
10.848	0.097871
10.849	-0.013705
10.85	-0.070768
10.851	0.105841
10.852	0.06918
10.853	0.043996
10.854	0.088945
10.855	0.023275
10.856	0.167686
10.857	0.120824
10.858	0.084163
10.859	0.212954
10.86	-0.111254
10.861	0.13772
10.862	0.126244
10.863	0.03762
10.864	0.057066
10.865	0.028057
10.866	0.002872
10.867	-0.000634
10.868	0.13517
10.869	0.08767
10.87	-0.111892
10.871	-0.04909
10.872	-0.227931
10.873	-0.121774
10.874	-0.162579
10.875	-0.088301
10.876	0.204984
10.877	-0.12815
10.878	-0.299659
10.879	-0.107429
10.88	-0.247377
10.881	-0.066943
10.882	0.080338
10.883	-0.187445
10.884	0.127838
10.885	0.116361
10.886	-0.045902
10.887	0.063442
10.888	0.109029
10.889	0.059935
10.89	0.179481
10.891	0.083207
10.892	-0.109341
10.893	0.128794
10.894	0.090539
10.895	0.237182
10.896	0.019768
10.897	0.13517
10.898	-0.033789
10.899	0.011161
10.9	0.082251
10.901	-0.066943
10.902	0.077469
10.903	0.091496
10.904	-0.098821
10.905	-0.106472
10.906	-0.044627
10.907	-0.174056
10.908	-0.053872
10.909	-0.018805
10.91	-0.13867
10.911	0.02455
10.912	-0.326756
10.913	-0.196052
10.914	-0.173099
10.915	-0.058335
10.916	-0.040483
10.917	-0.139308
10.918	0.051009
10.919	0.147602
10.92	0.08767
10.921	0.109667
10.922	-0.052278
10.923	0.190639
10.924	0.110623
10.925	0.132301
10.926	0.022
10.927	-0.136439
10.928	0.078106
10.929	0.2324
10.93	-0.020718
10.931	0.107435
10.932	0.013073
10.933	0.025506
10.934	-0.031238
10.935	0.049415
10.936	0.164498
10.937	-0.111254
10.938	0.029013
10.939	-0.155247
10.94	-0.148234
10.941	-0.058016
10.942	-0.150146
10.943	0.206578
10.944	-0.144408
10.945	-0.208166
10.946	-0.182663
10.947	-0.116674
10.948	-0.298702
10.949	0.154616
10.95	-0.077463
10.951	-0.148871
10.952	0.158122
10.953	0.055154
10.954	0.079063
10.955	0.153022
10.956	-0.099778
10.957	0.14824
10.958	0.10871
10.959	0.095002
10.96	0.237182
10.961	-0.044309
10.962	0.051009
10.963	0.230169
10.964	-0.009242
10.965	0.058023
10.966	0.049097
10.967	-0.087026
10.968	-0.053235
10.969	0.057066
10.97	0.105841
10.971	-0.110617
10.972	-0.040483
10.973	-0.114123
10.974	-0.285951
10.975	-0.139308
10.976	0.080338
10.977	-0.193821
10.978	-0.154928
10.979	-0.073637
10.98	-0.36246
10.981	0.012755
10.982	-0.35449
10.983	0.096596
10.984	0.017218
10.985	-0.144727
10.986	0.11923
10.987	0.075556
10.988	0.000641
10.989	0.125925
10.99	-0.020399
10.991	0.146327
10.992	-0.011154
10.993	-0.032832
10.994	0.138995
10.995	-0.062798
10.996	0.352903
10.997	0.039533
10.998	0.042083
10.999	0.107116
11	-0.149509
11.001	0.063761
11.002	0.065992
11.003	0.080338
11.004	0.007654
11.005	-0.030282
11.006	-0.148234
11.007	-0.19127
11.008	-0.081926
11.009	-0.002866
11.01	-0.102966
11.011	-0.15461
11.012	0.088308
11.013	-0.349708
11.014	-0.123368
11.015	-0.245783
11.016	-0.021675
11.017	-0.006691
11.018	-0.149509
11.019	0.055791
11.02	0.169599
11.021	0.01913
11.022	0.158122
11.023	-0.054191
11.024	0.202115
11.025	0.135488
11.026	-0.070449
11.027	0.244833
11.028	0.089902
11.029	-0.091808
11.03	0.061848
11.031	0.149196
11.032	0.017537
11.033	0.084482
11.034	0.004466
11.035	-0.080013
11.036	0.106797
11.037	0.100422
11.038	0.021362
11.039	-0.018487
11.04	-0.202428
11.041	-0.159073
11.042	-0.20179
11.043	-0.079694
11.044	-0.642675
11.045	0.112854
11.046	-0.410597
11.047	-0.197008
11.048	0.159079
11.049	-0.377762
11.05	0.013392
11.051	0.112536
11.052	-0.303803
11.053	0.303809
11.054	0.002872
11.055	0.045271
11.056	0.150472
11.057	-0.039527
11.058	0.069499
11.059	0.186495
11.06	0.014667
11.061	-0.110298
11.062	0.008929
11.063	-0.150146
11.064	0.149515
11.065	0.01913
11.066	0.034751
11.067	0.0746
11.068	-0.143452
11.069	-0.021675
11.07	0.022318
11.071	0.096915
11.072	-0.010517
11.073	-0.132294
11.074	-0.136757
11.075	-0.204022
11.076	-0.099459
11.077	-0.166724
11.078	0.130707
11.079	-0.187445
11.08	-0.216136
11.081	-0.046859
11.082	-0.264911
11.083	-0.236857
11.084	0.095321
11.085	-0.120499
11.086	-0.068537
11.087	0.084482
11.088	0.054516
11.089	0.062805
11.09	0.139314
11.091	-0.111573
11.092	0.160673
11.093	0.115405
11.094	0.039214
11.095	0.210085
11.096	0.011161
11.097	0.001597
11.098	0.201797
11.099	-0.042715
11.1	0.105203
11.101	0.052922
11.102	-0.01753
11.103	0.080338
11.104	-0.000634
11.105	0.088626
11.106	-0.03347
11.107	-0.087983
11.108	-0.156522
11.109	-0.224743
11.11	0.032201
11.111	-0.45714
11.112	0.424311
11.113	0.000322
11.114	-0.279256
11.115	0.210085
11.116	-0.31783
11.117	-0.211992
11.118	0.145371
11.119	-0.192227
11.12	0.014667
11.121	0.068224
11.122	0.06408
11.123	0.077788
11.124	0.107435
11.125	-0.020399
11.126	0.14824
11.127	0.164179
11.128	0.006698
11.129	0.18777
11.13	-0.00191
11.131	0.138358
11.132	0.207535
11.133	-0.007648
11.134	-0.039527
11.135	-0.057379
11.136	-0.002228
11.137	-0.015936
11.138	0.093727
11.139	0.113811
11.14	-0.166724
11.141	-0.097865
11.142	-0.240364
11.143	-0.132613
11.144	-0.195096
11.145	0.097553
11.146	-0.188401
11.147	-0.018487
11.148	-0.134207
11.149	-0.026775
11.15	-0.310179
11.151	0.023275
11.152	-0.044309
11.153	-0.235263
11.154	0.223474
11.155	0.021362
11.156	0.082888
11.157	0.094365
11.158	-0.069174
11.159	0.147602
11.16	0.196377
11.161	0.04304
11.162	0.080338
11.163	0.144096
11.164	-0.11508
11.165	0.260454
11.166	0.066949
11.167	0.126562
11.168	0.061211
11.169	-0.079057
11.17	-0.028688
11.171	0.031563
11.172	0.164817
11.173	-0.047178
11.174	-0.084157
11.175	-0.13867
11.176	-0.253434
11.177	-0.057379
11.178	-0.085114
11.179	0.373305
11.18	-0.10966
11.181	-0.061204
11.182	-0.147596
11.183	-0.216455
11.184	-0.168955
11.185	0.067586
11.186	-0.049409
11.187	-0.301252
11.188	0.146646
11.189	0.155891
11.19	0.036664
11.191	0.148878
11.192	-0.056104
11.193	0.192552
11.194	0.138995
11.195	0.083207
11.196	0.081294
11.197	0.052922
11.198	0.005423
11.199	0.193827
11.2	-0.069812
11.201	0.128156
11.202	-0.014661
11.203	0.025825
11.204	-0.012748
11.205	0.007654
11.206	0.056429
11.207	-0.085114
11.208	-0.013705
11.209	-0.169274
11.21	-0.221874
11.211	-0.118905
11.212	-0.01753
11.213	0.132301
11.214	-0.006054
11.215	-0.188401
11.216	-0.047815
11.217	-0.159073
11.218	-0.291689
11.219	0.102653
11.22	-0.140583
11.221	-0.000316
11.222	0.095321
11.223	0.062486
11.224	0.011798
11.225	0.086076
11.226	0.097234
11.227	0.236545
11.228	0.166092
11.229	-0.090214
11.23	0.054516
11.231	0.088626
11.232	0.162586
11.233	0.032838
11.234	0.070455
11.235	-0.034745
11.236	0.116042
11.237	0.034432
11.238	-0.046859
11.239	0.079382
11.24	0.024869
11.241	-0.100097
11.242	-0.123368
11.243	-0.129106
11.244	-0.104241
11.245	0.102334
11.246	-0.080332
11.247	-0.260447
11.248	0.149515
11.249	-0.227931
11.25	-0.05706
11.251	-0.205297
11.252	-0.025181
11.253	-0.065349
11.254	-0.152697
11.255	0.128156
11.256	0.090858
11.257	0.072368
11.258	0.086076
11.259	-0.047496
11.26	0.195421
11.261	0.206578
11.262	-0.025819
11.263	0.11126
11.264	0.172468
11.265	-0.108066
11.266	0.189364
11.267	0.068224
11.268	0.084163
11.269	0.01913
11.27	0.033476
11.271	-0.054829
11.272	-0.019443
11.273	0.163223
11.274	0.010842
11.275	-0.019443
11.276	-0.145365
11.277	-0.164492
11.278	-0.171505
11.279	-0.124325
11.28	-0.202109
11.281	0.06918
11.282	-0.243552
11.283	-0.282125
11.284	-0.036658
11.285	-0.266823
11.286	0.050372
11.287	0.070455
11.288	-0.289776
11.289	0.220924
11.29	0.111898
11.291	0.002872
11.292	0.097871
11.293	0.021362
11.294	0.046546
11.295	0.162586
11.296	-0.077781
11.297	0.206578
11.298	0.107116
11.299	-0.132613
11.3	0.336644
11.301	-0.119224
11.302	0.105841
11.303	0.075875
11.304	-0.058973
11.305	-0.091171
11.306	0.212635
11.307	0.105522
11.308	-0.161942
11.309	-0.033789
11.31	-0.091171
11.311	-0.320061
11.312	-0.065349
11.313	0.204666
11.314	-0.267142
11.315	-0.03857
11.316	-0.076506
11.317	-0.177881
11.318	-0.080969
11.319	-0.388601
11.32	0.190639
11.321	-0.019762
11.322	-0.106154
11.323	0.01148
11.324	0.160992
11.325	0.043677
11.326	0.121462
11.327	-0.066305
11.328	0.186813
11.329	0.181713
11.33	0.024869
11.331	0.166092
11.332	-0.111892
11.333	0.227618
11.334	0.212954
11.335	-0.032513
11.336	0.046228
11.337	-0.050684
11.338	0.062805
11.339	0.028057
11.34	0.049734
11.341	0.023275
11.342	-0.087664
11.343	-0.106791
11.344	-0.116992
11.345	-0.135163
11.346	-0.056741
11.347	-0.366604
11.348	-0.074593
11.349	-0.086389
11.35	-0.347158
11.351	0.022956
11.352	-0.187764
11.353	-0.178519
11.354	0.168643
11.355	-0.146002
11.356	0.092133
11.357	0.095959
11.358	0.03252
11.359	0.099465
11.36	0.10871
11.361	0.061211
11.362	0.165773
11.363	0.163861
11.364	0.091177
11.365	0.146965
11.366	-0.108066
11.367	0.251528
11.368	0.08512
11.369	0.092133
11.37	0.149834
11.371	-0.23877
11.372	0.043677
11.373	-0.017849
11.374	0.119868
11.375	0.02455
11.376	-0.061842
11.377	-0.090852
11.378	-0.222512
11.379	-0.087664
11.38	-0.069493
11.381	-0.383819
11.382	0.111579
11.383	-0.213586
11.384	-0.310179
11.385	-0.092764
11.386	-0.292326
11.387	-0.018805
11.388	0.128156
11.389	-0.342376
11.39	0.242283
11.391	0.085757
11.392	0.032838
11.393	0.09022
11.394	0.05356
11.395	0.084163
11.396	0.172468
11.397	0.049734
11.398	-0.030601
11.399	0.089264
11.4	-0.172781
11.401	0.147921
11.402	-0.052916
11.403	0.197015
11.404	0.173106
11.405	-0.134845
11.406	-0.019762
11.407	0.063761
11.408	0.154616
11.409	0.000322
11.41	0.018174
11.411	-0.155885
11.412	-0.124006
11.413	-0.120818
11.414	-0.067899
11.415	-0.008923
11.416	-0.235263
11.417	0.064717
11.418	-0.155247
11.419	-0.094677
11.42	-0.265548
11.421	0.038895
11.422	-0.026456
11.423	-0.158754
11.424	-0.008604
11.425	0.113811
11.426	0.042402
11.427	0.150153
11.428	-0.039845
11.429	0.25089
11.43	0.149515
11.431	-0.059929
11.432	0.14569
11.433	-0.116674
11.434	0.160992
11.435	0.241008
11.436	-0.03347
11.437	0.14027
11.438	-0.027413
11.439	0.034432
11.44	-0.021675
11.441	0.087351
11.442	0.068224
11.443	0.002553
11.444	-0.120818
11.445	-0.181707
11.446	-0.127194
11.447	-0.050684
11.448	-0.358634
11.449	-0.025181
11.45	-0.197646
11.451	-0.340145
11.452	-0.051641
11.453	-0.230481
11.454	-0.156203
11.455	0.112217
11.456	-0.198921
11.457	0.088626
11.458	0.157166
11.459	0.016899
11.46	0.09309
11.461	0.079382
11.462	0.032838
11.463	0.164817
11.464	0.030607
11.465	0.043996
11.466	0.128794
11.467	-0.05961
11.468	0.125925
11.469	0.095959
11.47	0.015943
11.471	0.100422
11.472	0.062805
11.473	-0.069493
11.474	-0.008923
11.475	0.107435
11.476	-0.005097
11.477	-0.049409
11.478	-0.055785
11.479	-0.116036
11.48	-0.265548
11.481	0.020724
11.482	-0.402627
11.483	-0.020081
11.484	-0.106791
11.485	-0.260129
11.486	0.095321
11.487	-0.182344
11.488	-0.132932
11.489	0.146327
11.49	-0.155885
11.491	0.018493
11.492	0.138676
11.493	-0.008285
11.494	0.071412
11.495	0.128794
11.496	0.057385
11.497	0.047184
11.498	0.097553
11.499	0.00606
11.5	0.051009
11.501	0.00351
11.502	0.371074
11.503	-0.08065
11.504	0.112854
11.505	0.073643
11.506	-0.065349
11.507	-0.012111
11.508	0.135807
11.509	0.057066
11.51	-0.060248
11.511	-0.038889
11.512	-0.168955
11.513	-0.143771
11.514	-0.03602
11.515	-0.089258
11.516	-0.063755
11.517	-0.342057
11.518	0.314967
11.519	-0.286269
11.52	-0.161304
11.521	-0.294558
11.522	0.016899
11.523	-0.039527
11.524	-0.174056
11.525	0.083207
11.526	0.112217
11.527	0.092133
11.528	0.120505
11.529	-0.076506
11.53	0.167686
11.531	0.144415
11.532	-0.027094
11.533	0.301896
11.534	-0.04399
11.535	-0.095634
11.536	0.233675
11.537	0.070455
11.538	0.050053
11.539	0.115086
11.54	-0.05961
11.541	-0.08352
11.542	-0.035701
11.543	0.125925
11.544	0.030607
11.545	-0.021993
11.546	-0.127194
11.547	-0.223468
11.548	-0.10456
11.549	-0.079057
11.55	0.354815
11.551	-0.2783
11.552	-0.240045
11.553	-0.043033
11.554	-0.105197
11.555	-0.231756
11.556	0.133576
11.557	-0.093083
11.558	-0.311135
11.559	0.244833
11.56	0.019768
11.561	0.117955
11.562	0.068224
11.563	-0.020081
11.564	0.160035
11.565	0.136445
11.566	0.050372
11.567	0.137401
11.568	0.092133
11.569	-0.050047
11.57	0.253759
11.571	-0.057698
11.572	0.118911
11.573	0.109985
11.574	-0.116355
11.575	-0.01243
11.576	0.078425
11.577	0.041764
11.578	-0.042715
11.579	-0.066624
11.58	-0.137395
11.581	-0.226656
11.582	-0.116674
11.583	0.025506
11.584	0.090539
11.585	-0.04654
11.586	-0.2834
11.587	0.00861
11.588	-0.390832
11.589	0.033476
11.59	-0.005097
11.591	-0.197646
11.592	0.14824
11.593	0.065036
11.594	0.085439
11.595	0.045271
11.596	0.055154
11.597	0.103291
11.598	0.123056
11.599	0.153659
11.6	0.088945
11.601	0.130388
11.602	-0.004779
11.603	0.185538
11.604	0.014667
11.605	0.010523
11.606	0.00606
11.607	0.010842
11.608	-0.050684
11.609	0.043358
11.61	0.146008
11.611	-0.084157
11.612	-0.002866
11.613	-0.058973
11.614	-0.227612
11.615	-0.111254
11.616	-0.1307
11.617	0.323255
11.618	-0.053553
11.619	-0.165448
11.62	-0.099778
11.621	-0.177881
11.622	-0.229844
11.623	-0.023268
11.624	-0.011473
11.625	-0.215817
11.626	0.08767
11.627	0.099465
11.628	0.068224
11.629	0.078744
11.63	0.019449
11.631	0.129113
11.632	0.226343
11.633	0.000641
11.634	0.022
11.635	0.133257
11.636	0.059617
11.637	0.192233
11.638	0.025825
11.639	0.040489
11.64	-0.003504
11.641	0.036664
11.642	-0.110617
11.643	0.089264
11.644	0.156529
11.645	-0.099459
11.646	-0.000953
11.647	-0.204341
11.648	-0.10711
11.649	-0.15461
11.65	0.07715
11.651	0.162904
11.652	-0.256622
11.653	0.109029
11.654	-0.262041
11.655	-0.063117
11.656	-0.264911
11.657	-0.030601
11.658	-0.041758
11.659	-0.162579
11.66	0.055791
11.661	0.073962
11.662	0.088308
11.663	0.110942
11.664	-0.019124
11.665	0.175018
11.666	0.092771
11.667	-0.007648
11.668	0.262685
11.669	-0.039208
11.67	-0.01498
11.671	0.226662
11.672	-0.019443
11.673	0.096596
11.674	0.136126
11.675	-0.058654
11.676	-0.094677
11.677	0.096277
11.678	0.06408
11.679	-0.110298
11.68	-0.072362
11.681	-0.167042
11.682	-0.224106
11.683	-0.018805
11.684	-0.389238
11.685	0.164498
11.686	-0.077781
11.687	-0.277343
11.688	-0.020399
11.689	-0.281806
11.69	-0.199559
11.691	0.131025
11.692	-0.093402
11.693	-0.043671
11.694	0.117636
11.695	0.001278
11.696	0.005104
11.697	0.153022
11.698	0.007016
11.699	0.177569
11.7	0.129431
11.701	-0.017211
11.702	0.127838
11.703	0.071731
11.704	0.134532
11.705	0.045271
11.706	0.083526
11.707	0.036345
11.708	0.057704
11.709	0.029651
11.71	-0.079057
11.711	0.096277
11.712	0.046546
11.713	-0.089577
11.714	-0.122093
11.715	-0.118268
11.716	-0.157797
11.717	-0.138033
11.718	-0.2783
11.719	-0.010836
11.72	-0.076506
11.721	-0.311454
11.722	-0.029963
11.723	-0.250884
11.724	-0.047178
11.725	0.003829
11.726	-0.194458
11.727	0.146965
11.728	0.102334
11.729	0.102016
11.73	0.03762
11.731	-0.036339
11.732	0.139633
11.733	0.197334
11.734	0.086076
11.735	0.017855
11.736	0.072368
11.737	-0.087026
11.738	0.206897
11.739	0.074281
11.74	0.061848
11.741	0.084163
11.742	-0.119224
11.743	-0.051641
11.744	0.048459
11.745	0.117317
11.746	-0.015936
11.747	-0.033151
11.748	-0.094677
11.749	-0.206572
11.75	-0.084157
11.751	-0.00191
11.752	0.238776
11.753	-0.257897
11.754	-0.044309
11.755	-0.019762
11.756	-0.114761
11.757	-0.160348
11.758	0.057704
11.759	-0.075869
11.76	-0.200515
11.761	0.137401
11.762	0.081932
11.763	0.071412
11.764	0.10361
11.765	-0.046859
11.766	0.157166
11.767	0.21933
11.768	-0.101053
11.769	0.043358
11.77	0.143458
11.771	0.16673
11.772	0.102334
11.773	0.036026
11.774	0.114767
11.775	-0.006054
11.776	0.008929
11.777	-0.095952
11.778	0.038258
11.779	0.131344
11.78	-0.053553
11.781	-0.037295
11.782	-0.155566
11.783	-0.084157
11.784	-0.215179
11.785	0.038577
11.786	-0.036658
11.787	-0.190951
11.788	-0.034107
11.789	-0.197008
11.79	-0.055785
11.791	-0.278937
11.792	0.081294
11.793	-0.077144
11.794	-0.054829
11.795	0.092771
11.796	0.090539
11.797	0.068862
11.798	0.051009
11.799	0.023275
11.8	0.173743
11.801	-0.000634
11.802	0.14027
11.803	0.188726
11.804	-0.136439
11.805	0.121781
11.806	0.223793
11.807	-0.073956
11.808	0.096915
11.809	0.065036
11.81	-0.052597
11.811	0.008929
11.812	0.078425
11.813	0.014667
11.814	-0.034745
11.815	-0.007329
11.816	-0.200196
11.817	-0.116355
11.818	-0.100415
11.819	-0.221236
11.82	0.030926
11.821	-0.21773
11.822	-0.276068
11.823	0.067905
11.824	-0.20179
11.825	-0.135163
11.826	0.131025
11.827	-0.077781
11.828	0.026781
11.829	0.101378
11.83	0.024231
11.831	0.024231
11.832	0.132938
11.833	0.017855
11.834	0.185857
11.835	0.117636
11.836	-0.080013
11.837	0.184582
11.838	0.099465
11.839	0.208491
11.84	0.147284
11.841	0.005104
11.842	-0.006691
11.843	0.088626
11.844	-0.043352
11.845	0.000322
11.846	0.181075
11.847	-0.076506
11.848	-0.08352
11.849	-0.191908
11.85	-0.131338
11.851	-0.148553
11.852	-0.05451
11.853	0.065355
11.854	-0.384138
11.855	0.09022
11.856	-0.393064
11.857	-0.098821
11.858	-0.22028
11.859	-0.058654
11.86	-0.026775
11.861	-0.16226
11.862	0.086076
11.863	0.133257
11.864	0.0797
11.865	0.133895
11.866	-0.068855
11.867	0.163542
11.868	0.18777
11.869	-0.030601
11.87	0.272249
11.871	-0.034107
11.872	-0.016893
11.873	0.234313
11.874	-0.048134
11.875	0.130707
11.876	0.131663
11.877	-0.044946
11.878	-0.048772
11.879	0.102334
11.88	0.086076
11.881	-0.050366
11.882	-0.016574
11.883	-0.133569
11.884	-0.14664
11.885	-0.153334
11.886	-0.021993
11.887	0.439294
11.888	-0.137714
11.889	0.049097
11.89	-0.182663
11.891	-0.047178
11.892	-0.169911
11.893	0.021043
11.894	0.01913
11.895	-0.106472
11.896	0.01148
11.897	0.089583
11.898	0.018812
11.899	0.172787
11.9	0.011798
11.901	0.140908
11.902	0.155572
11.903	-0.082563
11.904	0.058342
11.905	0.066949
11.906	0.179481
11.907	0.084801
11.908	0.086076
11.909	0.051328
11.91	0.085439
11.911	0.052922
11.912	-0.094358
11.913	0.059935
11.914	0.04814
11.915	-0.053872
11.916	-0.079375
11.917	-0.091489
11.918	-0.127194
11.919	-0.115398
11.92	-0.147277
11.921	-0.114761
11.922	-0.182344
11.923	-0.225381
11.924	-0.127194
11.925	-0.152697
11.926	-0.185532
11.927	0.062167
11.928	-0.113486
11.929	0.09819
11.93	0.11126
11.931	0.043677
11.932	0.086076
11.933	0.05356
11.934	0.054197
11.935	0.185538
11.936	0.058023
11.937	0.05866
11.938	0.164179
11.939	-0.118586
11.94	0.031244
11.941	0.123056
11.942	0.087351
11.943	0.087033
11.944	0.097234
11.945	-0.056104
11.946	0.014349
11.947	0.168643
11.948	0.007335
11.949	-0.06503
11.95	-0.118586
11.951	-0.109979
11.952	-0.292326
11.953	0.055154
11.954	-0.099778
11.955	0.046228
11.956	-0.015618
11.957	-0.291051
11.958	0.089264
11.959	-0.226018
11.96	-0.194139
11.961	0.092771
11.962	-0.13612
11.963	-0.048772
11.964	0.123056
11.965	0.010204
11.966	0.021681
11.967	0.116042
11.968	0.013711
11.969	0.174062
11.97	0.062486
11.971	0.036026
11.972	0.13772
11.973	-0.08352
11.974	0.334094
11.975	0.137082
11.976	0.001278
11.977	0.134213
11.978	-0.20179
11.979	-0.051959
11.98	0.046228
11.981	0.012755
11.982	0.047821
11.983	0.016261
11.984	-0.145046
11.985	-0.174693
11.986	-0.22028
11.987	-0.147915
11.988	-0.154291
11.989	-0.42813
11.99	0.193508
11.991	-0.389557
11.992	-0.084476
11.993	-0.190633
11.994	0.051647
11.995	0.04814
11.996	-0.319423
11.997	0.114767
11.998	0.155891
11.999	0.045271
12	0.107435
12.001	-0.008604
12.002	0.161948
12.003	0.085757
12.004	0.117317
12.005	0.094046
12.006	-0.011154
12.007	0.130388
12.008	0.265554
12.009	-0.147596
12.01	0.238139
12.011	0.124012
12.012	-0.22283
12.013	0.027419
12.014	0.041446
12.015	0.052922
12.016	0.076831
12.017	-0.044627
12.018	-0.158435
12.019	-0.211992
12.02	-0.085114
12.021	-0.215817
12.022	-0.284994
12.023	-0.023268
12.024	-0.190314
12.025	-0.207529
12.026	-0.065986
12.027	-0.244508
12.028	-0.041439
12.029	0.063761
12.03	-0.352259
12.031	0.325168
12.032	0.044634
12.033	0.107435
12.034	0.051966
12.035	-0.000953
12.036	-0.004141
12.037	0.126881
12.038	-0.064392
12.039	0.103928
12.04	0.20084
12.041	-0.025819
12.042	0.34302
12.043	-0.089577
12.044	0.01403
12.045	0.191595
12.046	-0.139626
12.047	0.009567
12.048	0.130707
12.049	-0.082563
12.05	-0.080013
12.051	0.017537
12.052	-0.164811
12.053	-0.366923
12.054	-0.073318
12.055	-0.160348
12.056	0.007973
12.057	-0.163217
12.058	-0.200515
12.059	-0.095634
12.06	-0.126556
12.061	-0.366923
12.062	0.09564
12.063	-0.128469
12.064	-0.034107
12.065	0.095321
12.066	0.092452
12.067	0.130707
12.068	0.088626
12.069	0.057066
12.07	0.081932
12.071	0.189045
12.072	-0.175968
12.073	0.157166
12.074	0.140589
12.075	0.162267
12.076	0.099465
12.077	0.153341
12.078	-0.083838
12.079	0.06408
12.08	0.104885
12.081	-0.219324
12.082	0.105522
12.083	0.05611
12.084	-0.125919
12.085	-0.104241
12.086	-0.07555
12.087	-0.203065
12.088	-0.003185
12.089	-0.050684
12.09	-0.20179
12.091	0.167049
12.092	-0.369473
12.093	-0.029325
12.094	-0.232075
12.095	-0.017849
12.096	-0.043352
12.097	-0.081607
12.098	-0.014024
12.099	0.201797
12.1	0.059617
12.101	0.099147
12.102	-0.06503
12.103	0.201478
12.104	0.255034
12.105	-0.038252
12.106	0.122737
12.107	-0.033151
12.108	0.071412
12.109	0.281813
12.11	0.015624
12.111	0.113173
12.112	-0.068855
12.113	0.051009
12.114	-0.008285
12.115	0.009567
12.116	0.171512
12.117	-0.056104
12.118	-0.030919
12.119	-0.167999
12.12	-0.104878
12.121	-0.084795
12.122	0.156847
12.123	0.359597
12.124	-0.22028
12.125	0.005104
12.126	-0.132294
12.127	-0.100734
12.128	-0.231756
12.129	0.057066
12.13	-0.105835
12.131	-0.158116
12.132	0.034114
12.133	0.038895
12.134	0.134213
12.135	0.078744
12.136	0.005104
12.137	0.190639
12.138	0.103928
12.139	0.052603
12.14	0.247383
12.141	-0.011473
12.142	0.074281
12.143	0.167367
12.144	-0.089258
12.145	0.19829
12.146	0.180438
12.147	-0.09659
12.148	-0.031876
12.149	0.062167
12.15	0.118274
12.151	-0.131657
12.152	-0.019124
12.153	-0.178519
12.154	-0.145046
12.155	-0.06503
12.156	-0.215179
12.157	0.125287
12.158	-0.155885
12.159	-0.027732
12.16	-0.157479
12.161	-0.205616
12.162	-0.19924
12.163	0.012117
12.164	-0.045584
12.165	-0.083838
12.166	0.049415
12.167	0.066949
12.168	0.058979
12.169	0.143777
12.17	-0.070768
12.171	0.14824
12.172	0.020087
12.173	0.065355
12.174	0.117317
12.175	-0.086707
12.176	0.28787
12.177	0.192552
12.178	-0.064073
12.179	0.160992
12.18	-0.11763
12.181	-0.023906
12.182	0.044952
