0	0.291057
0.001	-0.021993
0.002	0.161629
0.003	0.186176
0.004	-0.137076
0.005	-0.139308
0.006	0.055791
0.007	-0.105516
0.008	0.030926
0.009	-0.043352
0.01	-0.003504
0.011	-0.338232
0.012	-0.036976
0.013	-0.042715
0.014	-0.459053
0.015	0.250571
0.016	0.149834
0.017	-0.286907
0.018	-0.006691
0.019	-0.209122
0.02	-0.156841
0.021	0.038895
0.022	-0.280531
0.023	0.325168
0.024	0.040808
0.025	0.064717
0.026	0.063123
0.027	0.008929
0.028	0.04304
0.029	0.159716
0.03	-0.027413
0.031	0.078744
0.032	0.203709
0.033	-0.138351
0.034	0.354496
0.035	-0.122731
0.036	0.175337
0.037	0.249296
0.038	-0.071724
0.039	-0.079694
0.04	0.029651
0.041	-0.076825
0.042	-0.085114
0.043	-0.036658
0.044	-0.012748
0.045	-0.391151
0.046	0.044952
0.047	-0.185532
0.048	0.046228
0.049	-0.257897
0.05	-0.09914
0.051	-0.007648
0.052	-0.133888
0.053	-0.411553
0.054	0.083207
0.055	-0.037933
0.056	-0.09404
0.057	0.165136
0.058	0.046546
0.059	0.127838
0.06	0.063123
0.061	-0.003504
0.062	0.098509
0.063	0.158122
0.064	0.097871
0.065	0.063442
0.066	0.11923
0.067	-0.072043
0.068	0.454596
0.069	-0.232394
0.07	0.15079
0.071	0.108391
0.072	-0.177881
0.073	0.021362
0.074	0.095002
0.075	-0.145046
0.076	-0.165767
0.077	-0.080013
0.078	-0.07013
0.079	-0.294877
0.08	0.108073
0.081	-0.393701
0.082	0.20881
0.083	-0.247377
0.084	-0.074275
0.085	0.233038
0.086	-0.234307
0.087	-0.346521
0.088	0.20084
0.089	-0.150784
0.09	0.018174
0.091	0.015943
0.092	0.002553
0.093	0.125287
0.094	-0.024862
0.095	0.062486
0.096	0.093408
0.097	0.102334
0.098	0.046865
0.099	0.141545
0.1	-0.076825
0.101	0.108073
0.102	0.543538
0.103	-0.150465
0.104	0.226981
0.105	0.09819
0.106	-0.203703
0.107	-0.055466
0.108	0.163861
0.109	-0.081607
0.11	-0.160348
0.111	-0.047815
0.112	-0.10966
0.113	-0.261723
0.114	0.131344
0.115	-0.357359
0.116	0.236863
0.117	-0.262041
0.118	-0.15174
0.119	0.226981
0.12	-0.18075
0.121	-0.22283
0.122	0.196377
0.123	-0.274474
0.124	0.099147
0.125	0.03762
0.126	0.10074
0.127	0.121143
0.128	-0.068855
0.129	0.045271
0.13	0.082888
0.131	0.059935
0.132	0.044315
0.133	0.1798
0.134	0.000322
0.135	0.197334
0.136	-0.02805
0.137	-0.058016
0.138	0.170555
0.139	-0.100734
0.14	-0.137076
0.141	0.134532
0.142	0.121143
0.143	-0.034107
0.144	-0.034107
0.145	-0.07555
0.146	-0.292645
0.147	-0.15971
0.148	0.065036
0.149	-0.745963
0.15	0.279581
0.151	0.083207
0.152	-0.444708
0.153	0.200203
0.154	-0.136757
0.155	-0.153972
0.156	0.0746
0.157	-0.337276
0.158	0.250252
0.159	0.110304
0.16	0.10616
0.161	0.040808
0.162	0.062805
0.163	0.030607
0.164	0.136126
0.165	0.088308
0.166	0.093408
0.167	0.254078
0.168	-0.052597
0.169	0.457784
0.17	-0.076187
0.171	0.108391
0.172	0.144733
0.173	-0.127512
0.174	-0.08065
0.175	0.109029
0.176	0.023594
0.177	0.06408
0.178	-0.076187
0.179	-0.014661
0.18	-0.341739
0.181	-0.030601
0.182	-0.451721
0.183	0.173743
0.184	-0.29392
0.185	-0.062798
0.186	-0.051003
0.187	-0.119543
0.188	-0.424943
0.189	0.082888
0.19	0.01658
0.191	-0.136757
0.192	0.231763
0.193	0.063442
0.194	0.12975
0.195	0.059617
0.196	-0.035701
0.197	0.14824
0.198	0.145371
0.199	-0.067261
0.2	0.130069
0.201	0.187132
0.202	-0.120499
0.203	0.277987
0.204	-0.155247
0.205	0.221243
0.206	0.166411
0.207	-0.066943
0.208	-0.177244
0.209	0.100103
0.21	-0.056741
0.211	-0.198284
0.212	0.055154
0.213	-0.007329
0.214	-0.323886
0.215	0.026781
0.216	-0.22283
0.217	-0.403265
0.218	-0.090214
0.219	0.149834
0.22	0.013392
0.221	-0.064711
0.222	-0.343014
0.223	0.051966
0.224	0.033476
0.225	-0.100415
0.226	0.224749
0.227	0.045909
0.228	0.155891
0.229	-0.045265
0.23	0.063123
0.231	0.127838
0.232	0.177887
0.233	0.198927
0.234	0.100103
0.235	0.018174
0.236	0.082888
0.237	0.364698
0.238	-0.213586
0.239	0.229212
0.24	0.037939
0.241	-0.288501
0.242	0.06918
0.243	0.073643
0.244	-0.172462
0.245	-0.097865
0.246	-0.047178
0.247	-0.219642
0.248	-0.245464
0.249	0.14824
0.25	-0.616535
0.251	0.071093
0.252	0.022318
0.253	-0.41761
0.254	0.20881
0.255	-0.2834
0.256	-0.272561
0.257	0.087351
0.258	-0.190951
0.259	0.156529
0.26	0.111898
0.261	0.067586
0.262	0.134532
0.263	0.073962
0.264	-0.042077
0.265	0.202753
0.266	0.138676
0.267	-0.050684
0.268	0.275437
0.269	-0.106154
0.27	0.237182
0.271	0.017218
0.272	0.10361
0.273	0.080338
0.274	0.030607
0.275	-0.126875
0.276	0.017855
0.277	0.081932
0.278	0.045271
0.279	-0.055466
0.28	-0.054829
0.281	-0.248334
0.282	-0.16226
0.283	-0.046221
0.284	0.241645
0.285	0.416023
0.286	-0.195415
0.287	-0.425899
0.288	0.017855
0.289	-0.219005
0.29	-0.170868
0.291	-0.01243
0.292	-0.243233
0.293	0.197015
0.294	0.013392
0.295	0.114767
0.296	0.036983
0.297	-0.014342
0.298	0.059935
0.299	0.154616
0.3	-0.08065
0.301	0.051647
0.302	0.26683
0.303	-0.177244
0.304	0.301896
0.305	-0.101372
0.306	0.136445
0.307	0.183944
0.308	-0.135801
0.309	-0.189358
0.31	0.092133
0.311	0.031563
0.312	0.025187
0.313	-0.01243
0.314	-0.09404
0.315	-0.338551
0.316	-0.103603
0.317	0.006379
0.318	-0.321974
0.319	0.257903
0.32	-0.111892
0.321	-0.343651
0.322	0.094365
0.323	-0.206572
0.324	-0.099459
0.325	0.085757
0.326	-0.304122
0.327	0.355453
0.328	0.05611
0.329	0.040808
0.33	0.108391
0.331	0.050053
0.332	0.079382
0.333	-0.01243
0.334	0.109667
0.335	-0.014342
0.336	0.032838
0.337	0.126244
0.338	0.243558
0.339	-0.191908
0.34	0.245152
0.341	0.136764
0.342	-0.131338
0.343	-0.008604
0.344	0.022318
0.345	0.076512
0.346	0.080657
0.347	-0.109341
0.348	-0.162898
0.349	-0.104241
0.35	-0.061204
0.351	-0.058654
0.352	0.218692
0.353	-0.011473
0.354	-0.016574
0.355	0.076831
0.356	-0.174374
0.357	-0.326118
0.358	0.193508
0.359	-0.135801
0.36	0.022
0.361	-0.023268
0.362	0.169599
0.363	0.117317
0.364	0.077469
0.365	-0.07555
0.366	0.129113
0.367	0.184901
0.368	0.029969
0.369	0.172468
0.37	-0.083201
0.371	0.248977
0.372	0.172468
0.373	-0.087983
0.374	0.094365
0.375	0.029651
0.376	0.068862
0.377	-0.046859
0.378	0.034432
0.379	0.075237
0.38	-0.060248
0.381	-0.066624
0.382	-0.258535
0.383	-0.155885
0.384	0.04304
0.385	-0.071406
0.386	0.133576
0.387	-0.309222
0.388	-0.093402
0.389	0.058979
0.39	-0.213586
0.391	-0.347796
0.392	0.112217
0.393	-0.179794
0.394	0.144096
0.395	-0.023906
0.396	0.145052
0.397	0.163223
0.398	-0.021356
0.399	0.042083
0.4	0.133576
0.401	0.052603
0.402	0.0746
0.403	0.285957
0.404	-0.124325
0.405	0.152384
0.406	0.255353
0.407	-0.060567
0.408	0.094683
0.409	0.090858
0.41	-0.231756
0.411	-0.01753
0.412	0.2273
0.413	-0.066305
0.414	-0.083838
0.415	-0.024862
0.416	-0.205935
0.417	-0.390832
0.418	0.164498
0.419	-0.535881
0.42	0.425905
0.421	-0.317511
0.422	-0.133888
0.423	0.24292
0.424	-0.283082
0.425	-0.174374
0.426	0.172787
0.427	-0.271286
0.428	0.215186
0.429	0.075875
0.43	0.038895
0.431	0.06408
0.432	-0.061842
0.433	0.057066
0.434	0.096596
0.435	0.105522
0.436	0.013073
0.437	0.237182
0.438	-0.204659
0.439	0.210723
0.44	0.150472
0.441	-0.031876
0.442	0.253759
0.443	-0.119862
0.444	-0.232713
0.445	0.098509
0.446	0.11923
0.447	-0.111573
0.448	0.069818
0.449	-0.057379
0.45	-0.297108
0.451	-0.148871
0.452	0.075556
0.453	-0.097546
0.454	-0.059292
0.455	-0.1256
0.456	-0.525361
0.457	0.144733
0.458	-0.131338
0.459	-0.177562
0.46	0.12975
0.461	-0.289138
0.462	0.345252
0.463	0.071731
0.464	0.098828
0.465	0.056429
0.466	0.016261
0.467	0.02455
0.468	0.132938
0.469	0.059617
0.47	0.019768
0.471	0.192233
0.472	-0.115398
0.473	0.318473
0.474	-0.108704
0.475	0.091814
0.476	0.246427
0.477	-0.085114
0.478	-0.142177
0.479	0.117636
0.48	-0.140583
0.481	0.030926
0.482	-0.082563
0.483	-0.077781
0.484	-0.321974
0.485	0.051328
0.486	-0.296471
0.487	-0.227612
0.488	-0.484875
0.489	0.007973
0.49	-0.061842
0.491	-0.016255
0.492	-0.321336
0.493	0.06918
0.494	-0.008285
0.495	-0.190951
0.496	0.231763
0.497	0.065992
0.498	0.120187
0.499	0.091496
0.5	-0.027413
0.501	0.113492
0.502	0.116999
0.503	-0.002228
0.504	0.124968
0.505	0.091496
0.506	0.049097
0.507	0.233675
0.508	-0.166405
0.509	0.138039
0.51	0.244196
0.511	-0.202747
0.512	0.013392
0.513	0.055154
0.514	0.022
0.515	0.025825
0.516	-0.048453
0.517	-0.117311
0.518	-0.313685
0.519	-0.006373
0.52	-0.34397
0.521	-0.03857
0.522	-0.372024
0.523	-0.012748
0.524	0.155572
0.525	-0.265867
0.526	-0.39402
0.527	0.214229
0.528	-0.056104
0.529	-0.03602
0.53	0.034751
0.531	0.018493
0.532	0.165773
0.533	0.062167
0.534	-0.021993
0.535	0.143458
0.536	0.061848
0.537	0.167049
0.538	0.112536
0.539	-0.082244
0.54	0.197334
0.541	0.071093
0.542	-0.121774
0.543	0.155572
0.544	0.057704
0.545	-0.170549
0.546	0.03762
0.547	0.03762
0.548	0.044634
0.549	0.096596
0.55	-0.079694
0.551	-0.216773
0.552	-0.114123
0.553	-0.059292
0.554	-0.056423
0.555	0.421123
0.556	-0.316236
0.557	-0.115398
0.558	0.131344
0.559	-0.239407
0.56	-0.251203
0.561	0.125925
0.562	-0.212948
0.563	0.104566
0.564	-0.005097
0.565	0.110623
0.566	0.138039
0.567	-0.019762
0.568	-0.010198
0.569	0.141545
0.57	0.119868
0.571	-0.044627
0.572	0.242283
0.573	-0.175012
0.574	0.354815
0.575	0.018812
0.576	-0.016574
0.577	0.177569
0.578	0.017218
0.579	-0.14122
0.58	0.086076
0.581	0.090858
0.582	-0.113486
0.583	-0.051959
0.584	-0.113167
0.585	-0.292326
0.586	-0.034426
0.587	-0.13612
0.588	0.034114
0.589	-0.129425
0.59	-0.052278
0.591	-0.497308
0.592	-0.076506
0.593	-0.194139
0.594	-0.110298
0.595	0.033476
0.596	-0.204978
0.597	0.24037
0.598	0.050053
0.599	0.138995
0.6	0.082251
0.601	-0.08065
0.602	0.109667
0.603	0.175975
0.604	-0.105197
0.605	0.143777
0.606	0.188726
0.607	-0.14919
0.608	0.049415
0.609	-0.052916
0.61	0.109985
0.611	0.042083
0.612	0.038577
0.613	-0.17023
0.614	0.009886
0.615	0.002872
0.616	-0.052597
0.617	0.008929
0.618	3.128e-06
0.619	-0.313685
0.62	-0.144727
0.621	-0.023906
0.622	-0.263954
0.623	0.078106
0.624	-0.053235
0.625	-0.26236
0.626	0.01658
0.627	-0.169274
0.628	-0.187764
0.629	0.050053
0.63	-0.216773
0.631	0.27193
0.632	0.034751
0.633	0.139951
0.634	0.029013
0.635	0.013073
0.636	0.061211
0.637	0.074919
0.638	-0.034745
0.639	0.152703
0.64	0.046228
0.641	-0.053553
0.642	0.378087
0.643	-0.104241
0.644	0.149196
0.645	0.191277
0.646	-0.158435
0.647	-0.115717
0.648	0.207216
0.649	-0.234307
0.65	0.111898
0.651	0.030607
0.652	-0.078738
0.653	-0.360547
0.654	-0.016893
0.655	-0.022631
0.656	-0.015299
0.657	-0.162898
0.658	-0.085114
0.659	-0.033151
0.66	-0.065986
0.661	-0.429087
0.662	0.112536
0.663	0.016899
0.664	-0.127512
0.665	0.15079
0.666	-0.016893
0.667	0.158122
0.668	0.082888
0.669	0.021362
0.67	0.091496
0.671	0.101697
0.672	-0.050684
0.673	0.128156
0.674	0.05356
0.675	0.141227
0.676	0.080657
0.677	-0.119862
0.678	0.17183
0.679	0.088945
0.68	-0.097228
0.681	-0.053872
0.682	0.040489
0.683	-0.130063
0.684	0.089902
0.685	-0.103603
0.686	-0.179475
0.687	-0.078419
0.688	0.030926
0.689	-0.492207
0.69	0.212954
0.691	-0.14122
0.692	-0.189676
0.693	0.138676
0.694	-0.190314
0.695	-0.15174
0.696	0.136445
0.697	-0.189039
0.698	0.113173
0.699	-0.005735
0.7	0.123056
0.701	0.11923
0.702	0.036983
0.703	0.007335
0.704	0.175975
0.705	0.145052
0.706	-0.063436
0.707	0.170236
0.708	-0.093083
0.709	0.322299
0.71	0.014667
0.711	-0.068537
0.712	0.120505
0.713	-0.108385
0.714	0.075237
0.715	-0.047496
0.716	0.152384
0.717	0.06663
0.718	-0.005097
0.719	-0.143452
0.72	-0.270968
0.721	-0.15716
0.722	0.080657
0.723	-0.319423
0.724	0.464797
0.725	-0.262679
0.726	-0.264592
0.727	0.096277
0.728	-0.19924
0.729	-0.219961
0.73	0.185857
0.731	-0.192227
0.732	0.086714
0.733	-0.018168
0.734	0.101697
0.735	0.094683
0.736	-0.016255
0.737	-0.042077
0.738	0.130388
0.739	0.069818
0.74	0.013711
0.741	0.234951
0.742	-0.187126
0.743	0.468623
0.744	-0.100097
0.745	-0.002228
0.746	0.160673
0.747	-0.069812
0.748	-0.067261
0.749	0.127519
0.75	0.049415
0.751	-0.084476
0.752	-0.071406
0.753	-0.153016
0.754	-0.236857
0.755	-0.174374
0.756	-0.123049
0.757	-0.350665
0.758	-0.143452
0.759	0.163861
0.76	-0.330262
0.761	0.143777
0.762	-0.445345
0.763	0.112217
0.764	0.017537
0.765	-0.1307
0.766	0.257585
0.767	0.073962
0.768	0.080019
0.769	0.123374
0.77	-0.052916
0.771	0.130707
0.772	0.295839
0.773	-0.04654
0.774	0.048459
0.775	0.014667
0.776	0.038895
0.777	0.331544
0.778	-0.086389
0.779	0.085439
0.78	0.013392
0.781	0.043996
0.782	-0.038889
0.783	0.077788
0.784	0.111579
0.785	-0.077463
0.786	-0.101691
0.787	-0.135163
0.788	-0.229206
0.789	-0.068537
0.79	-0.051322
0.791	-0.056423
0.792	-0.198921
0.793	-0.093083
0.794	-0.040164
0.795	-0.133569
0.796	-0.347477
0.797	0.161948
0.798	-0.143133
0.799	0.065674
0.8	0.046228
0.801	0.141864
0.802	0.09819
0.803	-0.016574
0.804	0.06408
0.805	0.169918
0.806	0.079063
0.807	0.153978
0.808	0.223793
0.809	-0.004141
0.81	0.01913
0.811	0.228575
0.812	3.128e-06
0.813	0.056429
0.814	0.168324
0.815	-0.066624
0.816	-0.218367
0.817	0.183944
0.818	0.061211
0.819	-0.242595
0.82	-0.118586
0.821	0.09564
0.822	-0.350665
0.823	0.005423
0.824	-0.45714
0.825	-0.033151
0.826	-0.508784
0.827	0.211041
0.828	-0.063436
0.829	-0.291051
0.83	-0.318467
0.831	0.115405
0.832	-0.087664
0.833	-0.047178
0.834	0.119549
0.835	0.102334
0.836	0.165455
0.837	-0.084157
0.838	0.062805
0.839	0.155891
0.84	0.095002
0.841	-0.041758
0.842	0.217098
0.843	0.002872
0.844	0.042083
0.845	0.31401
0.846	-0.087983
0.847	0.130707
0.848	0.141227
0.849	-0.108066
0.85	-0.171505
0.851	0.168005
0.852	-0.078738
0.853	-0.219961
0.854	-0.065667
0.855	-0.234307
0.856	-0.227612
0.857	0.043358
0.858	-0.100097
0.859	0.339832
0.86	-0.183938
0.861	-0.101691
0.862	0.104566
0.863	-0.203384
0.864	-0.345883
0.865	0.194146
0.866	-0.136439
0.867	0.075556
0.868	0.11923
0.869	0.105522
0.87	0.085757
0.871	0.068862
0.872	-0.025181
0.873	0.050691
0.874	0.19032
0.875	0.15621
0.876	0.167686
0.877	-0.06503
0.878	0.216461
0.879	-0.03857
0.88	0.002235
0.881	0.205622
0.882	-0.023906
0.883	-0.113486
0.884	0.133257
0.885	0.008292
0.886	0.005741
0.887	-0.064073
0.888	-0.108385
0.889	-0.296471
0.89	-0.104878
0.891	0.010523
0.892	-0.433869
0.893	0.172468
0.894	-0.048453
0.895	-0.316554
0.896	0.152703
0.897	-0.197646
0.898	-0.060567
0.899	0.065036
0.9	-0.331219
0.901	0.3325
0.902	0.038577
0.903	0.084482
0.904	0.076194
0.905	-0.010836
0.906	0.097553
0.907	0.088308
0.908	0.03252
0.909	-0.00191
0.91	0.183944
0.911	-0.006373
0.912	0.087033
0.913	-0.018487
0.914	0.207216
0.915	0.16131
0.916	-0.125281
0.917	-0.128469
0.918	0.065992
0.919	0.033795
0.92	0.029651
0.921	-0.142496
0.922	-0.153016
0.923	-0.291051
0.924	-0.066305
0.925	-0.310816
0.926	0.016899
0.927	-0.104878
0.928	-0.013705
0.929	0.011798
0.93	-0.027732
0.931	-0.381587
0.932	0.126881
0.933	-0.043671
0.934	-0.165767
0.935	0.154616
0.936	0.066949
0.937	0.064399
0.938	0.155891
0.939	-0.039208
0.94	0.144415
0.941	0.219011
0.942	0.00351
0.943	0.176293
0.944	-0.110617
0.945	0.074919
0.946	0.440888
0.947	-0.342376
0.948	0.245152
0.949	0.082251
0.95	-0.10711
0.951	0.065674
0.952	-0.051003
0.953	0.001916
0.954	0.141864
0.955	-0.001272
0.956	-0.274793
0.957	-0.260766
0.958	0.103928
0.959	-0.239089
0.96	0.471173
0.961	-0.226656
0.962	-0.163536
0.963	-0.023268
0.964	0.016899
0.965	-0.215498
0.966	0.007654
0.967	-0.097228
0.968	-0.073956
0.969	0.134213
0.97	-0.017849
0.971	0.210085
0.972	0.03762
0.973	-0.011792
0.974	0.095321
0.975	0.070137
0.976	0.042721
0.977	-0.046221
0.978	0.176293
0.979	0.119868
0.98	0.024231
0.981	-0.050047
0.982	0.012436
0.983	0.064399
0.984	-0.077144
0.985	-0.032832
0.986	0.073006
0.987	-0.149509
0.988	-0.104241
0.989	-0.01243
0.99	-0.167999
0.991	0.014349
0.992	-0.077144
0.993	-0.768597
0.994	0.32995
0.995	-0.140583
0.996	-0.461603
0.997	0.184582
0.998	-0.203065
0.999	-0.119543
1	0.021043
1.001	-0.302528
1.002	0.202753
1.003	0.04304
1.004	-0.01498
1.005	0.133895
1.006	-0.036976
1.007	0.015305
1.008	0.224112
1.009	-0.021993
1.01	-0.000953
1.011	0.264279
1.012	-0.036339
1.013	0.181394
1.014	0.01913
1.015	0.118593
1.016	0.06663
1.017	0.092133
1.018	-0.126237
1.019	0.018493
1.02	0.065355
1.021	-0.028688
1.022	-0.001591
1.023	-0.135482
1.024	-0.263635
1.025	-0.147277
1.026	-0.076506
1.027	-0.186488
1.028	-0.072681
1.029	0.064717
1.03	-0.406134
1.031	0.03762
1.032	-0.066305
1.033	-0.155247
1.034	0.049734
1.035	-0.230481
1.036	0.226981
1.037	0.066949
1.038	0.113492
1.039	0.048459
1.04	-0.002228
1.041	0.04559
1.042	0.168961
1.043	-0.037614
1.044	0.093408
1.045	0.205941
1.046	-0.146002
1.047	0.191277
1.048	-0.038252
1.049	0.129113
1.05	0.100103
1.051	-0.069812
1.052	-0.161623
1.053	0.033157
1.054	0.16928
1.055	0.00351
1.056	0.007654
1.057	-0.080969
1.058	-0.345883
1.059	-0.112848
1.06	0.051328
1.061	-0.531737
1.062	-0.036339
1.063	0.022
1.064	-0.480412
1.065	0.066949
1.066	-0.13867
1.067	-0.203384
1.068	0.117636
1.069	-0.259172
1.07	0.349715
1.071	0.104885
1.072	0.110623
1.073	0.094683
1.074	0.029332
1.075	0.01658
1.076	0.11126
1.077	0.096277
1.078	0.095002
1.079	0.154935
1.08	0.082888
1.081	0.378724
1.082	-0.277662
1.083	0.197334
1.084	0.231444
1.085	-0.166724
1.086	-0.060567
1.087	0.159079
1.088	-0.030282
1.089	0.052285
1.09	-0.059292
1.091	-0.189995
1.092	-0.236857
1.093	0.015624
1.094	-0.329625
1.095	-0.054829
1.096	-0.215179
1.097	0.12975
1.098	-0.003185
1.099	-0.098821
1.1	-0.402627
1.101	0.161629
1.102	-0.113167
1.103	-0.027094
1.104	0.077469
1.105	0.065036
1.106	0.166411
1.107	0.116042
1.108	0.007973
1.109	0.070455
1.11	0.137082
1.111	0.043996
1.112	0.146646
1.113	0.052603
1.114	0.051647
1.115	0.197334
1.116	0.013073
1.117	0.080976
1.118	0.048778
1.119	-0.085114
1.12	-0.038252
1.121	0.192552
1.122	-0.029007
1.123	-0.111573
1.124	-0.145683
1.125	-0.03857
1.126	-0.315917
1.127	0.065036
1.128	0.092133
1.129	0.212317
1.13	-0.241958
1.131	0.053878
1.132	0.15876
1.133	-0.193821
1.134	-0.306991
1.135	0.124968
1.136	-0.111254
1.137	0.028375
1.138	0.069499
1.139	0.09022
1.14	0.156847
1.141	-0.088939
1.142	0.022637
1.143	0.136445
1.144	0.046546
1.145	0.136445
1.146	0.230169
1.147	-0.021993
1.148	0.126881
1.149	0.271293
1.15	-0.083201
1.151	0.251209
1.152	0.076831
1.153	-0.206891
1.154	0.078744
1.155	0.078744
1.156	-0.197008
1.157	-0.185532
1.158	-0.00701
1.159	-0.143133
1.16	-0.315598
1.161	0.125287
1.162	-0.230163
1.163	0.190001
1.164	-0.131976
1.165	-0.224424
1.166	0.142502
1.167	-0.275749
1.168	-0.405178
1.169	0.189045
1.17	-0.152697
1.171	0.050053
1.172	0.11413
1.173	0.062167
1.174	0.155891
1.175	0.070455
1.176	-0.020718
1.177	0.083207
1.178	0.264279
1.179	0.007654
1.18	0.030607
1.181	0.110623
1.182	0.326443
1.183	-0.119224
1.184	0.165455
1.185	0.16131
1.186	-0.116674
1.187	-0.04909
1.188	-0.031557
1.189	0.002553
1.19	-0.020081
1.191	-0.106154
1.192	-0.193502
1.193	-0.195733
1.194	-0.165767
1.195	-0.308266
1.196	-0.127831
1.197	-0.201153
1.198	0.148878
1.199	-0.204341
1.2	0.0271
1.201	-0.333131
1.202	0.138676
1.203	-0.094358
1.204	-0.123687
1.205	0.220605
1.206	0.011798
1.207	0.122418
1.208	0.139633
1.209	-0.096909
1.21	0.188089
1.211	0.140589
1.212	-0.021675
1.213	0.073962
1.214	-0.011792
1.215	0.028057
1.216	0.368204
1.217	-0.218049
1.218	0.18235
1.219	0.023275
1.22	-0.09659
1.221	0.146646
1.222	-0.056423
1.223	0.077469
1.224	0.055154
1.225	-0.038889
1.226	-0.124006
1.227	-0.197965
1.228	-0.123049
1.229	-0.422711
1.23	0.251209
1.231	-0.553415
1.232	-0.019124
1.233	-0.123049
1.234	-0.087026
1.235	-0.269692
1.236	0.075875
1.237	-0.100097
1.238	-0.098184
1.239	0.252484
1.24	0.044315
1.241	0.198609
1.242	0.021362
1.243	0.021362
1.244	0.068862
1.245	0.131344
1.246	-0.005416
1.247	0.165455
1.248	0.060254
1.249	-0.020081
1.25	0.421761
1.251	-0.172143
1.252	0.159398
1.253	0.193827
1.254	-0.11763
1.255	-0.036339
1.256	0.108391
1.257	-0.104241
1.258	0.039214
1.259	0.037301
1.26	-0.083838
1.261	-0.423986
1.262	-0.056741
1.263	-0.053235
1.264	-0.077144
1.265	-0.233032
1.266	-0.089577
1.267	-0.251521
1.268	-0.162898
1.269	-0.266823
1.27	-0.103603
1.271	0.023912
1.272	-0.124643
1.273	0.176293
1.274	0.125606
1.275	0.178844
1.276	-0.079694
1.277	0.050053
1.278	0.100103
1.279	0.094365
1.28	-0.052597
1.281	0.146008
1.282	0.24834
1.283	-0.064392
1.284	0.358322
1.285	-0.165448
1.286	0.125606
1.287	0.255672
1.288	-0.116036
1.289	-0.13867
1.29	0.191277
1.291	-0.084157
1.292	-0.257578
1.293	0.013392
1.294	-0.166724
1.295	-0.302846
1.296	0.06408
1.297	-0.182982
1.298	0.301259
1.299	-0.156203
1.3	-0.157479
1.301	0.13517
1.302	-0.14664
1.303	-0.353853
1.304	0.214867
1.305	-0.225381
1.306	0.05866
1.307	0.108073
1.308	0.088945
1.309	0.110623
1.31	0.034432
1.311	-0.052916
1.312	0.076831
1.313	0.159398
1.314	0.054516
1.315	0.26683
1.316	-0.078419
1.317	0.060254
1.318	0.241645
1.319	-0.026456
1.32	0.120505
1.321	0.044315
1.322	-0.116674
1.323	-0.000634
1.324	0.165773
1.325	-0.210398
1.326	-0.192864
1.327	-0.143452
1.328	-0.094677
1.329	-0.15461
1.33	0.049415
1.331	0.42718
1.332	0.193508
1.333	-0.125919
1.334	-0.419204
1.335	0.009248
1.336	-0.200196
1.337	-0.22028
1.338	0.085439
1.339	-0.31783
1.34	0.218692
1.341	0.095321
1.342	0.129113
1.343	0.006379
1.344	0.024869
1.345	0.051966
1.346	0.0746
1.347	0.01403
1.348	0.065674
1.349	0.211041
1.35	-0.130382
1.351	0.331862
1.352	-0.053872
1.353	0.0746
1.354	0.225706
1.355	-0.114442
1.356	-0.08065
1.357	0.155253
1.358	-0.029963
1.359	-0.124006
1.36	-0.170868
1.361	-0.083201
1.362	-0.184257
1.363	-0.200834
1.364	0.076512
1.365	-0.14122
1.366	0.281494
1.367	0.031563
1.368	-0.395933
1.369	0.095959
1.37	-0.290095
1.371	-0.13867
1.372	0.106479
1.373	-0.311773
1.374	0.337601
1.375	0.10074
1.376	0.151109
1.377	0.020406
1.378	0.096277
1.379	0.056429
1.38	0.116999
1.381	0.128475
1.382	-0.076506
1.383	0.102016
1.384	0.205303
1.385	0.204028
1.386	-0.185213
1.387	0.160992
1.388	0.01148
1.389	0.064717
1.39	-0.102966
1.391	-0.036976
1.392	0.034114
1.393	-0.100097
1.394	-0.223787
1.395	-0.34939
1.396	-0.141858
1.397	-0.100097
1.398	-0.231438
1.399	0.081294
1.4	-0.191908
1.401	-0.021675
1.402	-0.122731
1.403	-0.048134
1.404	-0.377443
1.405	0.186495
1.406	-0.1256
1.407	0.058979
1.408	0.001916
1.409	0.073962
1.41	0.070455
1.411	0.031563
1.412	-0.04909
1.413	0.159079
1.414	0.167367
1.415	-0.035382
1.416	0.160992
1.417	-0.019124
1.418	0.209129
1.419	0.224112
1.42	-0.153972
1.421	0.039214
1.422	0.050372
1.423	-0.040483
1.424	-0.071087
1.425	0.146008
1.426	-0.056741
1.427	-0.082244
1.428	0.022637
1.429	-0.124325
1.43	-0.222193
1.431	-0.047815
1.432	-0.147277
1.433	-0.018487
1.434	-0.134207
1.435	-0.222193
1.436	0.073962
1.437	-0.132613
1.438	-0.272243
1.439	0.1747
1.44	-0.225381
1.441	0.164817
1.442	0.078744
1.443	0.102972
1.444	0.141864
1.445	-0.060567
1.446	0.021681
1.447	0.157166
1.448	-0.005735
1.449	0.023912
1.45	0.296796
1.451	-0.100734
1.452	0.237501
1.453	-0.072362
1.454	0.067586
1.455	0.080338
1.456	-0.037933
1.457	-0.12815
1.458	0.109985
1.459	0.051009
1.46	-0.066305
1.461	0.027738
1.462	-0.119224
1.463	-0.190951
1.464	-0.066943
1.465	-0.080013
1.466	-0.316873
1.467	0.067268
1.468	0.035707
1.469	-0.326437
1.47	-0.031557
1.471	-0.326118
1.472	-0.123049
1.473	0.004466
1.474	-0.180113
1.475	0.153341
1.476	0.064717
1.477	0.018174
1.478	0.08767
1.479	-0.015299
1.48	0.080976
1.481	0.212954
1.482	0.06663
1.483	0.092133
1.484	0.031882
1.485	-0.058335
1.486	0.416023
1.487	-0.187445
1.488	0.168324
1.489	0.107116
1.49	-0.157479
1.491	0.142502
1.492	0.016899
1.493	0.034114
1.494	0.012755
1.495	0.026781
1.496	-0.242277
1.497	-0.174056
1.498	-0.027094
1.499	-0.098184
1.5	-0.378081
1.501	0.157166
1.502	-0.13867
1.503	-0.368836
1.504	-0.062161
1.505	-0.145365
1.506	-0.15971
1.507	-0.004779
1.508	-0.290414
1.509	0.359916
1.51	-0.051641
1.511	0.238457
1.512	0.095321
1.513	-0.064711
1.514	0.042402
1.515	0.142502
1.516	0.038577
1.517	0.125925
1.518	0.182032
1.519	-0.048772
1.52	0.266511
1.521	-0.218049
1.522	0.217098
1.523	0.150153
1.524	-0.126875
1.525	-0.083838
1.526	0.037939
1.527	0.251209
1.528	-0.098503
1.529	-0.015299
1.53	-0.161304
1.531	-0.30444
1.532	-0.029325
1.533	-0.440244
1.534	0.129113
1.535	-0.398164
1.536	0.065036
1.537	0.00861
1.538	-0.132932
1.539	-0.248334
1.54	0.073006
1.541	-0.03602
1.542	-0.165448
1.543	0.168005
1.544	0.082569
1.545	0.164179
1.546	0.03762
1.547	0.017218
1.548	0.095002
1.549	0.063123
1.55	0.044634
1.551	0.14569
1.552	0.111579
1.553	-0.084795
1.554	0.45109
1.555	-0.155247
1.556	0.14027
1.557	0.192552
1.558	-0.087026
1.559	-0.122731
1.56	0.161629
1.561	-0.160667
1.562	-0.179156
1.563	0.039852
1.564	-0.040164
1.565	-0.296152
1.566	0.068543
1.567	-0.283082
1.568	0.160992
1.569	-0.370111
1.57	-0.012111
1.571	0.036026
1.572	-0.155566
1.573	-0.427493
1.574	0.063442
1.575	-0.011473
1.576	-0.110617
1.577	0.18522
1.578	0.007654
1.579	0.21933
1.58	0.022
1.581	0.029332
1.582	0.080338
1.583	0.130069
1.584	0.099784
1.585	0.093408
1.586	-0.052916
1.587	0.26683
1.588	0.126881
1.589	-0.138351
1.59	0.190639
1.591	0.031882
1.592	-0.10966
1.593	0.070774
1.594	0.050372
1.595	-0.253753
1.596	0.154297
1.597	-0.138989
1.598	-0.203065
1.599	-0.107429
1.6	0.01148
1.601	-0.601233
1.602	0.169918
1.603	0.119868
1.604	-0.446939
1.605	0.1272
1.606	-0.157797
1.607	-0.132613
1.608	0.048778
1.609	-0.192545
1.61	0.139633
1.611	0.094046
1.612	0.06408
1.613	0.12465
1.614	-0.009242
1.615	0.066311
1.616	0.186813
1.617	0.133257
1.618	0.134213
1.619	0.116999
1.62	-0.119862
1.621	0.381912
1.622	-0.030919
1.623	0.097234
1.624	0.123693
1.625	-0.066305
1.626	-0.14122
1.627	0.073643
1.628	-0.015299
1.629	-0.14664
1.63	0.143139
1.631	-0.178519
1.632	-0.231119
1.633	-0.033151
1.634	-0.066305
1.635	-0.513885
1.636	0.266511
1.637	-0.223468
1.638	-0.160667
1.639	-0.018168
1.64	-0.187764
1.641	-0.085114
1.642	0.038895
1.643	-0.296789
1.644	0.312098
1.645	0.02455
1.646	0.153341
1.647	0.072049
1.648	-0.008604
1.649	0.063761
1.65	0.047184
1.651	0.102334
1.652	-0.021356
1.653	0.275756
1.654	-0.081288
1.655	0.277031
1.656	-0.164173
1.657	0.140908
1.658	0.176931
1.659	-0.143771
1.66	-0.082244
1.661	0.129431
1.662	0.094365
1.663	0.02455
1.664	-0.060248
1.665	-0.248652
1.666	-0.187764
1.667	-0.192545
1.668	-0.244189
1.669	-0.188082
1.67	-0.174056
1.671	0.044952
1.672	-0.328668
1.673	0.155891
1.674	-0.372024
1.675	0.039852
1.676	-0.001591
1.677	-0.205616
1.678	0.218692
1.679	0.118274
1.68	0.139314
1.681	0.029332
1.682	0.000959
1.683	0.089583
1.684	0.150153
1.685	0.049734
1.686	0.034751
1.687	0.005104
1.688	0.076831
1.689	0.382231
1.69	-0.173418
1.691	0.121462
1.692	0.01658
1.693	-0.004141
1.694	-0.051003
1.695	0.044952
1.696	0.065674
1.697	-0.125919
1.698	0.05356
1.699	-0.113167
1.7	-0.218049
1.701	-0.032195
1.702	-0.156522
1.703	0.028375
1.704	-0.174693
1.705	-0.092446
1.706	-0.055466
1.707	-0.042396
1.708	-0.326118
1.709	0.138039
1.71	-0.200196
1.711	0.136764
1.712	0.023912
1.713	0.130707
1.714	0.132938
1.715	0.032201
1.716	0.015943
1.717	0.109985
1.718	0.164179
1.719	-0.150465
1.72	0.31943
1.721	-0.056104
1.722	0.087033
1.723	0.16928
1.724	-0.024862
1.725	0.072368
1.726	0.090539
1.727	-0.122731
1.728	-0.081607
1.729	0.178844
1.73	-0.076187
1.731	-0.114761
1.732	-0.069493
1.733	-0.047496
1.734	-0.405178
1.735	0.084482
1.736	0.20626
1.737	0.094365
1.738	-0.221874
1.739	0.015624
1.74	0.17725
1.741	-0.167361
1.742	-0.216136
1.743	0.107435
1.744	-0.05961
1.745	0.056429
1.746	0.064717
1.747	0.14027
1.748	0.175975
1.749	-0.053235
1.75	0.001916
1.751	0.145052
1.752	0.06918
1.753	0.063761
1.754	0.245789
1.755	-0.042396
1.756	0.118911
1.757	0.258222
1.758	-0.211035
1.759	0.215823
1.76	0.044315
1.761	-0.316236
1.762	0.033795
1.763	0.191277
1.764	-0.137076
1.765	-0.075869
1.766	-0.117311
1.767	-0.274793
1.768	-0.238451
1.769	0.05356
1.77	-0.16768
1.771	-0.051641
1.772	-0.210079
1.773	-0.172462
1.774	0.006698
1.775	-0.133251
1.776	-0.279575
1.777	0.16673
1.778	-0.051641
1.779	0.036664
1.78	0.151747
1.781	0.065674
1.782	0.068862
1.783	0.123374
1.784	-0.015618
1.785	0.083526
1.786	0.227937
1.787	0.057385
1.788	0.213592
1.789	-0.08065
1.79	0.40104
1.791	-0.05961
1.792	0.038258
1.793	0.18777
1.794	-0.100415
1.795	-0.05706
1.796	0.046546
1.797	0.00606
1.798	0.08512
1.799	-0.161623
1.8	-0.048772
1.801	-0.333131
1.802	-0.032513
1.803	-0.116992
1.804	-0.132932
1.805	-0.210079
1.806	-0.137395
1.807	-0.352896
1.808	-0.000953
1.809	-0.226656
1.81	-0.049728
1.811	-0.011792
1.812	-0.248652
1.813	0.291695
1.814	0.066949
1.815	0.215186
1.816	0.026463
1.817	-0.026138
1.818	0.124012
1.819	0.063442
1.82	0.052285
1.821	0.126244
1.822	0.087033
1.823	-0.027094
1.824	0.336644
1.825	-0.181388
1.826	0.160992
1.827	0.16928
1.828	-0.14122
1.829	-0.090533
1.83	0.126881
1.831	-0.036339
1.832	-0.083838
1.833	-0.021675
1.834	-0.158116
1.835	-0.266504
1.836	-0.124643
1.837	-0.04654
1.838	-0.306991
1.839	0.025187
1.84	-0.00191
1.841	-0.206253
1.842	-0.028369
1.843	-0.293602
1.844	-0.117949
1.845	0.050372
1.846	-0.306672
1.847	0.235269
1.848	0.084801
1.849	0.180438
1.85	-0.022312
1.851	0.034114
1.852	0.060573
1.853	0.153022
1.854	0.171193
1.855	0.04304
1.856	0.089264
1.857	0.217417
1.858	0.34047
1.859	-0.246421
1.86	0.173424
1.861	0.010842
1.862	0.020724
1.863	0.034432
1.864	0.146327
1.865	-0.022631
1.866	-0.076187
1.867	0.077788
1.868	-0.286588
1.869	-0.047496
1.87	-0.020718
1.871	-0.106154
1.872	0.109029
1.873	-0.051641
1.874	-0.446301
1.875	0.072368
1.876	-0.347796
1.877	-0.15461
1.878	0.065674
1.879	-0.171505
1.88	0.165773
1.881	-0.007967
1.882	0.101059
1.883	0.051647
1.884	0.085757
1.885	0.000641
1.886	0.203709
1.887	0.096277
1.888	-0.020081
1.889	0.144096
1.89	-0.029007
1.891	0.230488
1.892	0.044315
1.893	0.038577
1.894	-0.052278
1.895	0.106479
1.896	-0.044627
1.897	-0.024544
1.898	0.14027
1.899	-0.026456
1.9	-0.143771
1.901	-0.041121
1.902	-0.075231
1.903	-0.091808
1.904	-0.19924
1.905	0.226343
1.906	-0.185213
1.907	0.044952
1.908	-0.223468
1.909	-0.068218
1.91	-0.145683
1.911	0.040489
1.912	-0.127194
1.913	-0.162898
1.914	0.178206
1.915	0.09022
1.916	0.151747
1.917	0.047821
1.918	-0.059929
1.919	0.142183
1.92	0.128794
1.921	-0.103285
1.922	0.055154
1.923	0.241645
1.924	-0.109341
1.925	0.151109
1.926	-0.067261
1.927	0.108391
1.928	0.117636
1.929	0.11126
1.93	-0.08352
1.931	0.019449
1.932	0.28245
1.933	-0.020081
1.934	-0.121455
1.935	0.012117
1.936	-0.285313
1.937	-0.18075
1.938	0.055472
1.939	-0.793781
1.94	0.206578
1.941	-0.347796
1.942	-0.101691
1.943	0.102972
1.944	-0.113486
1.945	-0.16513
1.946	0.1272
1.947	-0.213904
1.948	0.291695
1.949	-0.038889
1.95	0.207535
1.951	-0.024544
1.952	0.061211
1.953	0.04304
1.954	0.027419
1.955	0.066949
1.956	0.19574
1.957	0.154935
1.958	-0.101691
1.959	0.325168
1.96	0.000959
1.961	0.028375
1.962	0.199246
1.963	-0.108066
1.964	-0.126875
1.965	0.079063
1.966	0.03762
1.967	-0.067261
1.968	0.072687
1.969	-0.076187
1.97	-0.307947
1.971	-0.161623
1.972	-0.224743
1.973	-0.04909
1.974	-0.394976
1.975	0.225068
1.976	-0.20721
1.977	-0.101372
1.978	-0.39147
1.979	-0.0255
1.98	0.105841
1.981	-0.167999
1.982	0.247702
1.983	0.084801
1.984	0.105522
1.985	0.06663
1.986	0.007335
1.987	0.077469
1.988	0.072687
1.989	0.087989
1.99	0.194146
1.991	0.053241
1.992	0.0271
1.993	0.409966
1.994	-0.17023
1.995	0.181713
1.996	0.143458
1.997	-0.292964
1.998	-0.008604
1.999	0.153022
2	-0.052916
2.001	0.089583
2.002	-0.183301
2.003	-0.113805
2.004	-0.343333
2.005	0.068862
2.006	-0.280212
2.007	0.083526
2.008	-0.236538
2.009	-0.04399
2.01	0.083207
2.011	-0.100415
2.012	-0.250565
2.013	0.135488
2.014	-0.161623
2.015	0.048459
2.016	0.126562
2.017	0.01658
2.018	0.209448
2.019	-0.089895
2.02	0.039533
2.021	0.187451
2.022	-0.044946
2.023	0.066311
2.024	0.144096
2.025	-0.060567
2.026	0.153022
2.027	-0.005735
2.028	-0.029007
2.029	0.075875
2.03	-0.063117
2.031	0.001278
2.032	-0.037933
2.033	0.075556
2.034	0.053241
2.035	0.140908
2.036	-0.164173
2.037	-0.262679
2.038	-0.087664
2.039	-0.072362
2.04	-0.232394
2.041	0.19574
2.042	0.014349
2.043	-0.385094
2.044	-0.002228
2.045	-0.29934
2.046	-0.105835
2.047	-0.018168
2.048	-0.240045
2.049	0.120187
2.05	0.007335
2.051	0.164498
2.052	0.051009
2.053	0.062805
2.054	0.039533
2.055	0.121143
2.056	0.090539
2.057	0.100103
2.058	0.146965
2.059	-0.194139
2.06	0.340789
2.061	-0.047496
2.062	0.075875
2.063	0.119549
2.064	-0.194139
2.065	0.129431
2.066	0.076512
2.067	-0.022312
2.068	-0.098503
2.069	-0.010517
2.07	-0.13867
2.071	-0.165448
2.072	-0.137076
2.073	-0.079375
2.074	-0.152697
2.075	0.065355
2.076	-0.306034
2.077	-0.122731
2.078	0.022
2.079	-0.145365
2.08	-0.221555
2.081	0.100103
2.082	-0.203384
2.083	0.189364
2.084	0.017537
2.085	0.12975
2.086	0.087351
2.087	0.08767
2.088	-0.025181
2.089	-0.002547
2.09	0.085439
2.091	-0.01243
2.092	0.024869
2.093	0.130388
2.094	0.195421
2.095	-0.161304
2.096	0.134213
2.097	0.122418
2.098	-0.044946
2.099	-0.131976
2.1	-0.171187
2.101	0.10074
2.102	0.043358
2.103	-0.117949
2.104	-0.297746
2.105	-0.150465
2.106	-0.112529
2.107	0.002872
2.108	0.175337
2.109	0.041446
2.11	-0.143452
2.111	-0.142814
2.112	-0.112529
2.113	-0.316236
2.114	0.288188
2.115	-0.146959
2.116	-0.00701
2.117	-0.043033
2.118	0.096915
2.119	0.041127
2.12	0.157804
2.121	-0.047496
2.122	0.131344
2.123	0.238139
2.124	0.022956
2.125	0.095321
2.126	-0.131657
2.127	0.204028
2.128	0.207535
2.129	-0.050047
2.13	0.121462
2.131	-0.031876
2.132	0.025825
2.133	-0.048453
2.134	-0.066943
2.135	0.126881
2.136	-0.084795
2.137	-0.051003
2.138	-0.151103
2.139	-0.214861
2.14	-0.110298
2.141	-0.487425
2.142	0.154616
2.143	-0.16768
2.144	-0.39402
2.145	-0.150784
2.146	-0.170868
2.147	-0.161942
2.148	0.013073
2.149	-0.162579
2.15	0.147284
2.151	0.099465
2.152	0.114448
2.153	0.102016
2.154	0.035707
2.155	0.121143
2.156	0.199565
2.157	-0.002228
2.158	0.03507
2.159	0.204666
2.16	-0.058335
2.161	0.144415
2.162	0.036664
2.163	0.051647
2.164	0.018493
2.165	0.132301
2.166	-0.06758
2.167	-0.069174
2.168	0.142821
2.169	0.065036
2.17	0.06408
2.171	-0.067261
2.172	-0.08862
2.173	-0.252797
2.174	-0.014024
2.175	-0.435144
2.176	0.148559
2.177	-0.363098
2.178	0.044952
2.179	0.147602
2.18	-0.252478
2.181	-0.298383
2.182	0.089264
2.183	-0.147596
2.184	0.079063
2.185	0.072368
2.186	0.055472
2.187	0.207535
2.188	-0.041758
2.189	0.003191
2.19	0.086395
2.191	0.036983
2.192	0.086076
2.193	0.367567
2.194	-0.167361
2.195	0.24292
2.196	0.012117
2.197	-0.04654
2.198	0.242283
2.199	0.001597
2.2	-0.225381
2.201	0.097234
2.202	-0.014024
2.203	-0.139945
2.204	0.112217
2.205	-0.088301
2.206	-0.268417
2.207	-0.069812
2.208	-0.047496
2.209	0.189364
2.21	-0.237813
2.211	-0.000634
2.212	-0.564891
2.213	-0.095952
2.214	-0.282763
2.215	-0.121774
2.216	0.08767
2.217	-0.277343
2.218	0.210085
2.219	0.119549
2.22	0.010523
2.221	0.135488
2.222	-0.029644
2.223	0.110304
2.224	0.167367
2.225	0.103928
2.226	0.03252
2.227	0.177887
2.228	-0.10711
2.229	0.205622
2.23	0.03507
2.231	0.130707
2.232	0.063123
2.233	-0.155885
2.234	0.054197
2.235	-0.036658
2.236	0.252165
2.237	-0.073318
2.238	-0.304122
2.239	-0.08352
2.24	-0.219324
2.241	-0.015936
2.242	-0.079694
2.243	-0.573817
2.244	0.050372
2.245	-0.042715
2.246	-0.253434
2.247	0.020406
2.248	-0.109023
2.249	-0.143452
2.25	0.020724
2.251	-0.190314
2.252	0.326124
2.253	0.049415
2.254	0.185857
2.255	0.024231
2.256	0.026144
2.257	0.054516
2.258	0.104885
2.259	0.060254
2.26	0.149515
2.261	0.190958
2.262	-0.08862
2.263	0.329631
2.264	-0.102647
2.265	0.182669
