2.436	0.114448
2.437	-0.026456
2.438	-0.038889
2.439	-0.067261
2.44	-0.274793
2.441	-0.158435
2.442	-0.062798
2.443	-0.396252
2.444	0.055791
2.445	-0.095634
2.446	-0.049409
2.447	0.146008
2.448	-0.203384
2.449	-0.325162
2.45	0.213592
2.451	-0.090533
2.452	0.015305
2.453	0.030607
2.454	0.024231
2.455	0.182669
2.456	-0.023906
2.457	0.045909
2.458	0.062805
2.459	0.00861
2.46	0.105841
2.461	0.076512
2.462	-0.132613
2.463	0.249296
2.464	0.412516
2.465	-0.262041
2.466	0.16131
2.467	0.036664
2.468	-0.149828
2.469	0.075875
2.47	0.054516
2.471	-0.045902
2.472	0.041764
2.473	0.016261
2.474	-0.251521
2.475	-0.366285
2.476	0.167049
2.477	-0.679974
2.478	0.418573
2.479	-0.275749
2.48	-0.110617
2.481	0.133257
2.482	-0.113167
2.483	-0.217411
2.484	0.141864
2.485	-0.16768
2.486	0.138676
2.487	0.230169
2.488	0.005423
2.489	0.270974
2.49	-0.055466
2.491	0.015943
2.492	0.073006
2.493	0.320705
2.494	0.119549
2.495	0.11126
2.496	0.064717
2.497	0.19829
2.498	0.126244
2.499	-0.112211
2.5	0.146965
2.501	0.096596
2.502	-0.038252
2.503	0.04814
2.504	-0.033151
2.505	-0.1256
2.506	-0.143771
2.507	-0.080969
2.508	-0.268736
2.509	-0.124962
2.51	0.028375
2.511	-0.403584
2.512	0.2273
2.513	0.09564
2.514	-0.379675
2.515	0.117636
2.516	-0.203384
2.517	-0.17023
2.518	0.050372
2.519	-0.192227
2.52	0.092771
2.521	0.088626
2.522	0.021043
2.523	0.052603
2.524	0.093727
2.525	-0.032195
2.526	0.0271
2.527	0.143777
2.528	0.141864
2.529	0.116042
2.53	-0.20179
2.531	0.447264
2.532	0.037939
2.533	0.064399
2.534	0.202434
2.535	-0.223149
2.536	-0.043033
2.537	0.081294
2.538	-0.057698
2.539	-0.123368
2.54	-0.053235
2.541	-0.101691
2.542	-0.220599
2.543	0.100103
2.544	-0.151103
2.545	-0.527593
2.546	0.213273
2.547	-0.101372
2.548	-0.133569
2.549	0.019449
2.55	-0.248334
2.551	-0.058335
2.552	0.05611
2.553	-0.343333
2.554	0.413154
2.555	0.059298
2.556	0.175975
2.557	0.058342
2.558	-0.004779
2.559	0.026781
2.56	0.102972
2.561	0.088626
2.562	0.073962
2.563	0.098509
2.564	0.286913
2.565	0.391157
2.566	-0.196052
2.567	0.157166
2.568	0.194464
2.569	-0.14122
2.57	-0.089577
2.571	0.014667
2.572	0.084801
2.573	-0.1782
2.574	0.04814
2.575	-0.265867
2.576	-0.240364
2.577	-0.002866
2.578	-0.343014
2.579	0.403271
2.58	-0.433231
2.581	0.055791
2.582	0.125925
2.583	-0.119862
2.584	-0.325162
2.585	0.116999
2.586	0.063442
2.587	-0.124006
2.588	0.078425
2.589	0.06408
2.59	0.195421
2.591	0.002872
2.592	-0.008923
2.593	0.09309
2.594	0.102334
2.595	0.001916
2.596	0.169599
2.597	0.034114
2.598	0.043996
2.599	0.424949
2.6	-0.264592
2.601	0.104885
2.602	0.146327
2.603	-0.095634
2.604	0.057704
2.605	0.219649
2.606	-0.256303
2.607	-0.112529
2.608	-0.143133
2.609	-0.017211
2.61	-0.387644
2.611	0.065674
2.612	-0.218367
2.613	0.060254
2.614	-0.226656
2.615	-0.132932
2.616	0.437063
2.617	-0.223149
2.618	-0.451083
2.619	0.147602
2.62	-0.058016
2.621	-0.016893
2.622	0.141864
2.623	0.052603
2.624	0.186495
2.625	0.030288
2.626	0.018812
2.627	0.026781
2.628	0.135807
2.629	0.228894
2.63	0.152384
2.631	-0.02295
2.632	0.120824
2.633	0.17183
2.634	-0.110935
2.635	0.194146
2.636	0.025825
2.637	-0.227931
2.638	0.083526
2.639	0.071731
2.64	-0.13867
2.641	-0.119543
2.642	-0.057698
2.643	-0.14409
2.644	-0.363098
2.645	0.141864
2.646	-0.324524
2.647	0.563622
2.648	-0.368198
2.649	-0.172143
2.65	0.189364
2.651	-0.159391
2.652	-0.298383
2.653	0.22188
2.654	-0.292964
2.655	0.25344
2.656	0.095321
2.657	0.108391
2.658	0.115724
2.659	-0.014024
2.66	0.00351
2.661	0.030607
2.662	0.090858
2.663	-0.029325
2.664	0.182988
2.665	0.057385
2.666	0.290101
2.667	-0.051003
2.668	0.036983
2.669	0.09309
2.67	-0.114442
2.671	-0.050366
2.672	0.00861
2.673	0.051647
2.674	-0.148234
2.675	0.075237
2.676	-0.204659
2.677	-0.302528
2.678	0.04304
2.679	-0.196052
2.68	-0.211673
2.681	0.042402
2.682	-0.190951
2.683	-0.29934
2.684	0.063123
2.685	-0.271605
2.686	-0.035701
2.687	0.039852
2.688	-0.139308
2.689	0.202434
2.69	0.053241
2.691	0.251846
2.692	0.021681
2.693	0.029013
2.694	0.039852
2.695	0.093727
2.696	0.122099
2.697	0.029651
2.698	0.055472
2.699	0.093727
2.7	0.388288
2.701	-0.296152
2.702	0.1798
2.703	0.173743
2.704	-0.122731
2.705	-0.01243
2.706	-0.054191
2.707	0.047503
2.708	0.002872
2.709	0.122737
2.71	-0.272243
2.711	-0.336957
2.712	0.159716
2.713	-0.244189
2.714	-0.044946
2.715	-0.21773
2.716	-0.06758
2.717	-0.143452
2.718	-0.057698
2.719	-0.195733
2.72	0.050053
2.721	-0.124325
2.722	-0.167999
2.723	0.235269
2.724	0.042083
2.725	0.268742
2.726	-0.065986
2.727	0.008929
2.728	0.083207
2.729	0.043996
2.73	0.073325
2.731	0.116999
2.732	0.069499
2.733	0.274799
2.734	0.052922
2.735	-0.098503
2.736	0.144415
2.737	0.130388
2.738	0.004466
2.739	-0.104241
2.74	0.081932
2.741	0.022318
2.742	-0.003504
2.743	-0.081926
2.744	-0.256303
2.745	-0.153334
2.746	-0.032195
2.747	-0.319742
2.748	0.332819
2.749	-0.273837
2.75	-0.305716
2.751	0.061529
2.752	-0.269692
2.753	-0.181707
2.754	0.168005
2.755	-0.15716
2.756	0.195102
2.757	-0.04909
2.758	0.114448
2.759	0.178525
2.76	0.034432
2.761	-0.009242
2.762	0.120187
2.763	0.131025
2.764	0.021362
2.765	0.1747
2.766	-0.25981
2.767	0.272568
2.768	0.08767
2.769	-0.08352
2.77	0.167367
2.771	-0.158435
2.772	0.100422
2.773	0.040171
2.774	0.038258
2.775	0.034751
2.776	-0.061204
2.777	-0.143133
2.778	-0.231119
2.779	-0.170549
2.78	0.083207
2.781	-0.250565
2.782	0.41666
2.783	-0.316873
2.784	-0.155566
2.785	0.040171
2.786	-0.124325
2.787	-0.171824
2.788	0.143139
2.789	-0.289138
2.79	0.366929
2.791	0.036026
2.792	0.085757
2.793	0.10361
2.794	-0.074593
2.795	0.009567
2.796	0.167686
2.797	0.134213
2.798	0.064717
2.799	0.162267
2.8	0.026463
2.801	0.260454
2.802	-0.156841
2.803	0.226025
2.804	0.047184
2.805	-0.03857
2.806	-0.029007
2.807	-0.035382
2.808	0.092133
2.809	-0.125919
2.81	0.065992
2.811	-0.22028
2.812	-0.27288
2.813	0.008292
2.814	-0.401671
2.815	0.25344
2.816	-0.452358
2.817	-0.009561
2.818	-0.233032
2.819	-0.14122
2.82	-0.303165
2.821	0.125925
2.822	0.053241
2.823	-0.25726
2.824	0.258222
2.825	0.078425
2.826	0.110304
2.827	0.081932
2.828	-0.01753
2.829	0.11668
2.83	0.126244
2.831	-0.111573
2.832	0.168643
2.833	0.109985
2.834	-0.05706
2.835	0.400721
2.836	-0.080013
2.837	0.073962
2.838	0.165136
2.839	-0.051003
2.84	-0.072362
2.841	0.080019
2.842	0.099784
2.843	0.05356
2.844	-0.126237
2.845	-0.032513
2.846	-0.423667
2.847	0.020724
2.848	-0.282763
2.849	-0.39147
2.85	-0.175331
2.851	-0.244827
2.852	-0.254072
2.853	-0.082244
2.854	-0.284038
2.855	-0.020081
2.856	-0.01498
2.857	-0.178838
2.858	0.229212
2.859	0.067586
2.86	0.16673
2.861	-0.118586
2.862	0.045909
2.863	0.099465
2.864	0.05611
2.865	0.140589
2.866	0.097553
2.867	0.104566
2.868	0.057066
2.869	0.470854
2.87	-0.283082
2.871	0.172787
2.872	0.214867
2.873	-0.180113
2.874	-0.066943
2.875	0.121781
2.876	-0.22028
2.877	-0.182982
2.878	-0.034426
2.879	-0.077144
2.88	-0.335682
2.881	0.094683
2.882	-0.095315
2.883	0.047503
2.884	-0.291689
2.885	0.006379
2.886	0.112217
2.887	-0.16226
2.888	-0.393064
2.889	0.114767
2.89	-0.072043
2.891	0.010204
2.892	0.210404
2.893	0.05356
2.894	0.202753
2.895	-0.057379
2.896	0.032201
2.897	-0.01243
2.898	0.095002
2.899	-0.004779
2.9	0.11413
2.901	-0.018168
2.902	0.19287
2.903	0.245471
2.904	-0.022631
2.905	0.17725
2.906	0.082569
2.907	-0.302209
2.908	0.106479
2.909	0.024231
2.91	-0.100734
2.911	-0.091808
2.912	-0.12815
2.913	-0.138989
2.914	-0.383181
2.915	0.163223
2.916	-0.281169
2.917	0.176293
2.918	-0.255666
2.919	-0.179794
2.92	0.202434
2.921	-0.243552
2.922	-0.291689
2.923	0.154616
2.924	-0.223468
2.925	0.09309
2.926	0.121781
2.927	0.032201
2.928	0.120824
2.929	0.075875
2.93	-0.018487
2.931	0.117636
2.932	0.067268
2.933	-0.036339
2.934	0.123056
2.935	0.107754
2.936	0.376174
2.937	-0.118268
2.938	0.146965
2.939	0.088308
2.94	-0.08065
2.941	-0.021037
2.942	-0.064392
2.943	0.055791
2.944	0.01148
2.945	0.067268
2.946	-0.214861
2.947	-0.291689
2.948	-0.023268
2.949	-0.152697
2.95	-0.133569
2.951	0.237501
2.952	-0.037295
2.953	-0.158435
2.954	0.028057
2.955	-0.263317
2.956	-0.082563
2.957	0.010204
2.958	-0.12018
2.959	0.130069
2.96	-0.015936
2.961	0.278306
2.962	-0.037614
2.963	0.012755
2.964	0.043677
2.965	0.128794
2.966	0.143139
2.967	-0.043033
2.968	0.090539
2.969	0.054835
2.97	0.434513
2.971	-0.183938
2.972	0.170236
2.973	0.056748
2.974	-0.170868
2.975	0.049734
2.976	-0.036658
2.977	0.00606
2.978	-0.104241
2.979	-0.023268
2.98	-0.250246
2.981	-0.215817
2.982	-0.026775
2.983	-0.315279
2.984	0.0271
2.985	-0.127831
2.986	-0.061842
2.987	-0.059292
2.988	-0.111254
2.989	-0.310816
2.99	0.146008
2.991	-0.224106
2.992	0.079063
2.993	0.059617
2.994	0.114767
2.995	0.19574
2.996	-0.023906
2.997	0.00351
2.998	0.102016
2.999	0.136764
3	0.005104
3.001	0.295839
3.002	-0.075231
3.003	0.207854
3.004	0.072687
3.005	0.004147
3.006	0.104566
3.007	0.149515
3.008	-0.090533
3.009	-0.077781
3.01	0.147284
3.011	-0.256941
3.012	-0.007648
3.013	-0.069812
3.014	-0.077144
3.015	-0.205616
3.016	-0.014342
3.017	-0.145046
3.018	0.275756
3.019	-0.442795
3.02	0.150153
3.021	0.102653
3.022	-0.190314
3.023	-0.188082
3.024	0.087033
3.025	-0.082563
3.026	0.03507
3.027	0.018812
3.028	0.077788
3.029	0.276074
3.03	-0.102647
3.031	0.046228
3.032	0.080976
3.033	0.042402
3.034	0.002872
3.035	0.235907
3.036	-0.105197
3.037	0.113811
3.038	0.137082
3.039	-0.022631
3.04	0.160992
3.041	0.16928
3.042	-0.310497
3.043	0.110942
3.044	0.139314
3.045	-0.294558
3.046	-0.048134
3.047	-0.130063
3.048	-0.221874
3.049	-0.179475
3.05	0.110942
3.051	-0.218686
3.052	0.351627
3.053	-0.252159
3.054	-0.155247
3.055	0.059298
3.056	-0.113167
3.057	-0.278618
3.058	0.138995
3.059	-0.176287
3.06	0.115086
3.061	0.091814
3.062	0.105522
3.063	0.054516
3.064	0.134213
3.065	0.055791
3.066	0.02455
3.067	0.106479
3.068	0.105841
3.069	0.171512
3.07	-0.105835
3.071	0.329631
3.072	-0.199559
3.073	0.065036
3.074	0.164817
3.075	-0.181069
3.076	-0.11763
3.077	0.173106
3.078	-0.013705
3.079	-0.060248
3.08	-0.181707
3.081	-0.105516
3.082	-0.227612
3.083	-0.092446
3.084	0.05611
3.085	-0.398164
3.086	0.123056
3.087	-0.031557
3.088	-0.404221
3.089	0.10361
3.09	-0.280531
3.091	-0.040802
3.092	0.116361
3.093	-0.394658
3.094	0.501458
3.095	0.083207
3.096	0.029332
3.097	0.062486
3.098	-0.027094
3.099	0.046228
3.1	0.035389
3.101	0.10616
3.102	-0.025181
3.103	0.09819
3.104	0.124331
3.105	0.253122
3.106	-0.140264
3.107	0.086395
3.108	0.187132
3.109	-0.090852
3.11	-0.165767
3.111	-0.016893
3.112	0.048778
3.113	-0.111892
3.114	0.051009
3.115	-0.213586
3.116	-0.213586
3.117	0.004147
3.118	-0.464472
3.119	-0.101691
3.12	-0.008604
3.121	-0.076506
3.122	-0.187126
3.123	-0.11508
3.124	-0.291051
3.125	0.024231
3.126	-0.077781
3.127	-0.024544
3.128	0.110623
3.129	0.008292
3.13	0.184582
3.131	-0.060886
3.132	0.030926
3.133	0.094683
3.134	0.16673
3.135	0.052285
3.136	0.015943
3.137	-0.052916
3.138	0.224112
3.139	0.488388
3.14	-0.331537
3.141	0.166092
3.142	0.041127
3.143	-0.002547
3.144	0.05611
3.145	-0.058654
3.146	-0.035064
3.147	-0.044946
3.148	0.078106
3.149	-0.308585
3.15	-0.298065
3.151	0.04559
3.152	-0.550545
3.153	0.180438
3.154	-0.353215
3.155	-0.016893
3.156	-0.036339
3.157	-0.176606
3.158	-0.348433
3.159	0.163223
3.16	-0.156203
3.161	0.151747
3.162	0.087033
3.163	0.034114
3.164	0.212317
3.165	-0.068855
3.166	0.073962
3.167	0.047503
3.168	0.190001
3.169	0.087351
3.17	0.122099
3.171	0.003191
3.172	0.297114
3.173	-0.024862
3.174	-0.053872
3.175	0.09819
3.176	0.063123
3.177	-0.095634
3.178	0.043996
3.179	0.138995
3.18	-0.180113
3.181	-0.00701
3.182	-0.168636
3.183	-0.191589
3.184	0.006698
3.185	-0.064711
3.186	-0.687306
3.187	0.066949
3.188	-0.039845
3.189	-0.408366
3.19	0.041764
3.191	-0.212629
3.192	-0.131338
3.193	0.073325
3.194	-0.248015
3.195	0.225706
3.196	0.074281
3.197	0.013073
3.198	0.086395
3.199	-0.047496
3.2	0.028057
3.201	0.18235
3.202	0.059935
3.203	0.128475
3.204	0.14569
3.205	-0.087345
3.206	0.253122
3.207	0.043677
3.208	0.099784
3.209	0.131025
3.21	-0.050366
3.211	-0.14919
3.212	0.072049
3.213	0.065992
3.214	-0.182982
3.215	-0.171824
3.216	-0.158754
3.217	-0.072043
3.218	-0.193183
3.219	0.054516
3.22	-0.54417
3.221	0.149515
3.222	-0.232713
3.223	-0.155566
3.224	0.091177
3.225	-0.20721
3.226	-0.179794
3.227	0.051328
3.228	-0.226337
3.229	0.226025
3.23	0.050691
3.231	0.230169
3.232	-0.045584
3.233	0.073643
3.234	-0.002228
3.235	-0.007329
3.236	0.230169
3.237	-0.023268
3.238	0.064717
3.239	0.115086
3.24	0.314967
3.241	-0.164811
3.242	0.172787
3.243	0.138995
3.244	-0.168317
3.245	-0.064711
3.246	0.143139
3.247	-0.044946
3.248	0.146646
3.249	-0.182344
3.25	-0.127194
3.251	-0.248334
3.252	-0.152059
3.253	-0.510697
3.254	-0.145046
3.255	-0.423986
3.256	0.223474
3.257	-0.052278
3.258	-0.028688
3.259	-0.281806
3.26	0.063123
3.261	0.102016
3.262	-0.215179
3.263	0.236545
3.264	0.14027
3.265	0.0746
3.266	0.000959
3.267	0.076512
3.268	0.041127
3.269	0.099784
3.27	0.197652
3.271	0.120824
3.272	0.043677
3.273	0.130707
3.274	0.239095
3.275	-0.110935
3.276	0.157166
3.277	0.11923
3.278	-0.218686
3.279	0.010842
3.28	0.115086
3.281	-0.125281
3.282	0.01148
3.283	-0.062161
3.284	-0.155247
3.285	-0.221236
3.286	-0.024862
3.287	-0.514522
3.288	0.133257
3.289	-0.232394
3.29	-0.000953
3.291	0.25344
3.292	-0.311135
3.293	-0.229206
3.294	0.175018
3.295	-0.160985
3.296	0.077788
3.297	0.100422
3.298	0.081294
3.299	0.207854
3.3	-0.062798
3.301	0.014986
3.302	0.087351
3.303	0.143458
3.304	-0.074593
3.305	0.277031
3.306	-0.119862
3.307	0.21678
3.308	0.070455
3.309	-0.042077
3.31	0.202753
3.311	0.061529
3.312	-0.226656
3.313	0.020724
3.314	0.01658
3.315	-0.158754
3.316	0.10074
3.317	-0.077781
3.318	-0.217092
3.319	-0.216136
3.32	0.025187
3.321	-0.166086
3.322	0.093727
3.323	-0.393701
3.324	-0.282125
3.325	0.083207
3.326	-0.222193
3.327	-0.315917
3.328	0.218374
3.329	-0.281806
3.33	0.145371
3.331	0.115405
3.332	0.095002
3.333	0.135807
3.334	0.039533
3.335	0.028375
3.336	0.001597
3.337	0.207216
3.338	-0.013705
3.339	0.117636
3.34	0.111579
3.341	0.127838
3.342	0.086714
3.343	0.105841
3.344	0.167686
3.345	-0.051641
3.346	-0.017849
3.347	0.003191
3.348	0.073006
3.349	-0.19669
3.35	0.140908
3.351	-0.233988
3.352	-0.184894
3.353	-0.068537
3.354	0.226025
3.355	0.033157
3.356	-0.331219
3.357	0.072049
3.358	-0.238451
3.359	0.030607
3.36	-0.433869
3.361	0.207535
3.362	-0.003822
3.363	-0.142496
3.364	0.204666
3.365	0.032201
3.366	0.142502
3.367	0.135807
3.368	-0.036339
3.369	0.146327
3.37	0.075875
3.371	0.046228
3.372	0.152065
3.373	-0.009242
3.374	0.19287
3.375	0.375855
3.376	-0.311773
3.377	0.141227
3.378	0.013392
3.379	0.012117
3.38	0.152703
3.381	-0.028688
3.382	0.105203
3.383	-0.052597
3.384	-0.123687
3.385	-0.109341
3.386	-0.263317
3.387	0.049097
3.388	-0.373618
3.389	-0.328987
3.39	-0.057698
3.391	-0.232075
3.392	-0.085432
3.393	-0.090214
3.394	-0.258854
3.395	-0.061204
3.396	0.004147
3.397	-0.164173
3.398	0.253759
3.399	0.051647
3.4	0.257266
3.401	-0.147915
3.402	0.052922
3.403	0.112217
3.404	0.022
3.405	0.057066
3.406	0.084801
3.407	-0.035064
3.408	0.256309
3.409	0.299984
3.41	-0.255347
3.411	0.198609
3.412	0.113811
3.413	-0.135801
3.414	0.010204
3.415	0.057704
3.416	-0.060886
3.417	0.136445
3.418	-0.142814
3.419	-0.291051
3.42	-0.166086
3.421	-0.049409
3.422	-0.353853
3.423	0.414429
3.424	-0.270968
3.425	-0.100097
3.426	-0.038252
3.427	-0.098503
3.428	-0.362779
3.429	0.147921
3.43	-0.29934
3.431	0.151428
3.432	-0.039845
3.433	0.112536
3.434	0.117317
3.435	-0.015618
3.436	0.012117
3.437	0.093408
3.438	0.158122
3.439	0.168961
3.44	0.222199
3.441	-0.114442
3.442	0.150472
3.443	0.142183
3.444	0.089264
3.445	0.042402
3.446	0.02455
3.447	-0.164173
3.448	0.026144
3.449	0.138039
3.45	-0.321017
3.451	-0.047178
3.452	-0.125281
3.453	-0.052916
3.454	-0.213267
3.455	0.060892
3.456	0.053241
3.457	0.209448
3.458	-0.187445
3.459	-0.14409
3.46	0.147602
3.461	-0.139945
3.462	-0.239407
3.463	0.17725
3.464	-0.238451
3.465	0.201159
3.466	0.075237
3.467	0.100422
3.468	0.088945
3.469	0.075237
3.47	-0.029007
3.471	0.040489
3.472	0.020724
3.473	0.066949
3.474	0.172787
3.475	-0.08862
3.476	0.368204
3.477	0.001916
3.478	0.132301
3.479	0.281175
3.48	-0.08065
3.481	-0.086707
3.482	0.180756
3.483	-0.031557
3.484	-0.071406
3.485	-0.120499
3.486	-0.172462
3.487	-0.289138
3.488	-0.016255
3.489	0.01658
3.49	-0.039845
3.491	0.121462
3.492	-0.0781
3.493	-0.434506
3.494	0.079382
3.495	-0.132294
3.496	-0.098821
3.497	0.213911
3.498	-0.332175
3.499	0.332819
3.5	0.112536
3.501	0.105203
3.502	0.037301
3.503	0.044634
3.504	0.092452
3.505	0.109029
3.506	0.187451
3.507	-0.100097
3.508	0.084482
3.509	0.036664
3.51	0.376174
3.511	-0.06503
3.512	0.198609
3.513	0.239732
3.514	-0.06248
3.515	-0.084157
3.516	0.121781
3.517	-0.030601
3.518	-0.155566
3.519	0.069818
3.52	-0.244827
3.521	-0.242595
3.522	-0.000634
3.523	-0.468935
3.524	0.21933
3.525	-0.31783
3.526	-0.126556
3.527	0.089583
3.528	-0.200834
3.529	-0.345883
3.53	0.078425
3.531	0.059617
3.532	-0.133251
3.533	0.128794
3.534	0.013711
3.535	0.202753
3.536	-0.003504
3.537	-0.011473
3.538	0.105841
3.539	0.061211
3.54	0.194146
3.541	0.08512
3.542	0.006379
3.543	0.145052
3.544	0.321661
3.545	-0.197327
3.546	0.128475
3.547	0.110623
3.548	-0.147277
3.549	0.051328
3.55	0.144096
3.551	-0.364054
3.552	0.09022
3.553	-0.120499
3.554	-0.05451
3.555	-0.314323
3.556	0.034432
3.557	-0.089895
3.558	0.066311
3.559	-0.29934
3.56	-0.150465
3.561	0.172787
3.562	-0.235263
3.563	-0.30444
3.564	0.130069
3.565	-0.169593
3.566	0.08512
3.567	0.187132
3.568	0.047184
3.569	0.229531
3.57	0.007654
3.571	0.013073
3.572	0.015305
3.573	-0.055147
3.574	0.080019
3.575	0.187451
3.576	-0.013386
3.577	0.225706
3.578	0.244196
3.579	0.043996
3.58	0.151428
3.581	0.113811
3.582	-0.26236
3.583	0.070455
3.584	0.040808
3.585	-0.121455
3.586	-0.081288
3.587	-0.165448
3.588	-0.302528
3.589	-0.080332
3.59	0.054197
3.591	-0.124325
3.592	0.202115
3.593	-0.002547
3.594	-0.276706
3.595	0.029651
3.596	-0.210079
3.597	-0.179794
3.598	0.084482
3.599	-0.279256
3.6	0.195421
3.601	0.049415
3.602	0.055791
3.603	0.038258
3.604	0.036026
3.605	0.014667
3.606	0.108391
3.607	0.084801
3.608	0.121781
3.609	0.165455
3.61	-0.012748
3.611	0.196377
3.612	-0.014661
3.613	0.125287
3.614	0.15876
3.615	-0.019443
3.616	-0.223468
3.617	0.1272
3.618	0.079063
3.619	-0.160348
3.62	-0.179794
3.621	-0.139308
3.622	-0.20976
3.623	-0.139308
3.624	0.03762
3.625	-0.252797
3.626	0.337601
3.627	-0.123049
3.628	-0.301571
3.629	0.060573
3.63	-0.195096
3.631	-0.162579
3.632	0.153659
3.633	-0.255347
3.634	0.236545
3.635	0.139314
3.636	0.042083
3.637	0.036983
3.638	0.113492
3.639	-0.011473
3.64	0.045909
3.641	0.295202
3.642	0.05356
3.643	0.063761
3.644	0.169918
3.645	0.23782
3.646	-0.120499
3.647	0.158122
3.648	0.212635
3.649	-0.126556
3.65	-0.056741
3.651	0.12465
3.652	0.017537
3.653	0.061211
3.654	-0.126556
3.655	-0.208485
3.656	-0.141539
3.657	-0.056104
3.658	0.230169
3.659	0.184263
3.66	-0.130382
3.661	-0.069493
3.662	0.13517
3.663	-0.085432
3.664	-0.404221
3.665	0.235907
3.666	-0.114442
3.667	0.026144
3.668	0.078425
3.669	0.034751
3.67	0.13772
3.671	0.058979
3.672	0.000641
3.673	0.102016
3.674	0.132938
3.675	0.101697
3.676	0.189364
3.677	-0.241958
3.678	0.232719
3.679	0.291695
3.68	-0.271605
3.681	0.251528
3.682	-0.046859
3.683	-0.061204
3.684	0.141227
3.685	-0.028369
3.686	-0.063755
3.687	0.011798
3.688	-0.077463
3.689	-0.275112
3.69	-0.258854
3.691	0.255672
3.692	-0.284357
3.693	-0.0255
3.694	-0.399758
3.695	-0.029325
3.696	0.145371
3.697	-0.213904
3.698	-0.280212
3.699	0.093727
3.7	-0.190951
3.701	0.217417
3.702	0.134213
3.703	0.001916
3.704	0.245152
3.705	-0.115398
3.706	0.068543
3.707	0.036983
3.708	0.138676
3.709	0.204347
3.71	0.166092
3.711	0.054197
3.712	0.209448
3.713	0.191277
3.714	0.001597
3.715	0.031563
3.716	-0.016255
3.717	3.128e-06
3.718	-0.145365
3.719	0.113492
3.72	-0.071724
3.721	-0.010836
3.722	-0.232713
3.723	-0.328031
3.724	-0.030919
3.725	-0.185851
3.726	0.167049
3.727	-0.207529
3.728	0.041764
3.729	-0.317511
3.73	0.051328
3.731	-0.373936
3.732	0.081932
3.733	-0.056104
3.734	-0.179475
3.735	0.224749
3.736	0.023275
3.737	0.073325
3.738	0.123374
3.739	-0.057379
3.74	0.091496
3.741	0.162267
3.742	0.085439
3.743	0.075875
3.744	0.025825
3.745	-0.045584
3.746	0.42463
3.747	-0.247377
3.748	0.143458
3.749	0.113811
3.75	-0.145046
3.751	0.028057
3.752	-0.014661
3.753	0.110304
3.754	-0.047496
3.755	0.026144
3.756	-0.187764
3.757	-0.171505
3.758	0.007654
3.759	-0.431
3.76	-0.329943
3.761	-0.040164
3.762	-0.057379
3.763	-0.016255
3.764	-0.049728
3.765	-0.197327
3.766	0.043358
3.767	-0.020718
3.768	-0.251521
3.769	0.330906
3.77	0.067905
3.771	0.194783
3.772	0.012117
3.773	0.031882
3.774	0.079382
3.775	0.038577
3.776	0.00351
3.777	0.098509
3.778	0.062805
3.779	0.246427
3.78	0.343976
3.781	-0.177881
3.782	0.076831
3.783	0.147602
3.784	0.084163
3.785	-0.083838
3.786	0.014667
3.787	0.092133
3.788	-0.067899
3.789	0.054516
3.79	-0.208166
3.791	-0.233669
3.792	-0.036976
3.793	0.117636
3.794	0.320067
3.795	-0.42558
3.796	0.090858
3.797	0.112217
3.798	-0.18872
3.799	-0.300615
3.8	0.061529
3.801	0.007335
3.802	-0.06248
3.803	0.044315
3.804	0.06918
3.805	0.196058
3.806	-0.053553
3.807	0.048459
3.808	0.080019
3.809	0.134213
3.81	0.238139
3.811	0.142183
3.812	0.014349
3.813	0.141864
3.814	0.333138
3.815	-0.161304
3.816	0.150153
3.817	0.071412
3.818	-0.231756
3.819	0.000641
3.82	0.194464
3.821	-0.20976
3.822	-0.150784
3.823	-0.078419
3.824	-0.126556
3.825	-0.288182
3.826	0.105522
3.827	-0.337913
3.828	0.318473
3.829	-0.275112
3.83	-0.153972
3.831	0.095002
3.832	-0.114761
3.833	-0.337276
3.834	0.170236
3.835	-0.249609
3.836	0.061848
3.837	0.098509
3.838	-0.00701
3.839	0.154935
3.84	0.088308
3.841	-0.050047
3.842	0.095321
3.843	0.163542
3.844	0.026781
3.845	0.252165
3.846	-0.06758
3.847	0.196696
3.848	-0.010198
3.849	0.058342
3.85	0.198609
3.851	0.005104
3.852	-0.200834
3.853	0.052603
3.854	0.064717
3.855	-0.214542
3.856	0.004466
3.857	-0.178519
3.858	-0.102647
3.859	-0.198921
3.86	0.031244
3.861	-0.701014
3.862	0.15079
3.863	-0.167999
3.864	-0.286907
3.865	0.151747
3.866	-0.17023
3.867	-0.10711
3.868	0.13772
3.869	-0.295833
3.87	0.188726
3.871	0.116042
3.872	0.095959
3.873	0.049097
3.874	-0.000953
3.875	3.128e-06
3.876	0.096915
3.877	0.060254
3.878	0.071731
3.879	0.150472
3.88	0.079063
3.881	0.42463
3.882	-0.074593
3.883	0.221561
3.884	0.081932
3.885	-0.114442
3.886	0.036664
3.887	-0.015936
3.888	0.006379
3.889	0.014667
3.89	-0.049409
3.891	-0.133888
3.892	-0.277981
3.893	0.043677
3.894	-0.151422
3.895	-0.137076
3.896	-0.016574
3.897	-0.071087
3.898	-0.263317
3.899	0.01148
3.9	-0.251521
3.901	-0.047815
3.902	0.063761
3.903	-0.282125
3.904	0.276393
3.905	0.056748
3.906	0.153022
3.907	-0.010198
3.908	0.031563
3.909	0.065355
3.91	0.080338
3.911	0.144415
3.912	-0.041121
3.913	0.071093
3.914	0.061211
3.915	0.387651
3.916	-0.084476
3.917	0.164498
3.918	0.130388
3.919	-0.110298
3.92	-0.031557
3.921	0.195102
3.922	-0.30189
3.923	0.110942
3.924	-0.124006
3.925	-0.049728
3.926	-0.16226
3.927	-0.016893
3.928	0.093727
3.929	0.243877
3.93	-0.309541
3.931	0.029651
3.932	0.160354
3.933	-0.085432
3.934	-0.347796
3.935	0.165136
3.936	-0.145046
3.937	0.004466
3.938	0.076512
3.939	0.08512
3.94	0.146646
3.941	-0.022631
3.942	0.019768
3.943	0.082251
3.944	0.107116
3.945	0.022318
3.946	0.171512
3.947	-0.025819
3.948	0.117955
3.949	0.333138
3.95	-0.022312
3.951	0.106479
3.952	0.047503
3.953	-0.183301
3.954	-0.030282
3.955	0.162586
3.956	-0.119862
3.957	0.111579
3.958	-0.155885
3.959	-0.083838
3.96	-0.283719
3.961	-0.057698
3.962	-0.060886
3.963	-0.084795
3.964	-0.623229
3.965	0.181394
3.966	0.046546
3.967	-0.034107
3.968	-0.387326
3.969	0.176612
3.97	-0.089895
3.971	-0.007648
3.972	0.241326
3.973	0.085439
3.974	0.181394
3.975	-0.025819
3.976	-0.003822
3.977	-0.001591
3.978	0.151109
3.979	0.055791
3.98	0.028057
3.981	0.086714
3.982	0.277668
3.983	0.061211
3.984	-0.062161
3.985	0.127519
3.986	-0.085114
3.987	0.044952
3.988	-0.000953
3.989	-0.035701
3.99	0.002553
3.991	0.128794
3.992	-0.287226
3.993	-0.299021
3.994	-0.066943
3.995	-0.231756
3.996	0.075556
3.997	-0.027094
3.998	0.030607
3.999	-0.453952
4	0.104885
4.001	-0.38605
4.002	-0.006691
4.003	-0.009242
4.004	-0.261085
4.005	0.194464
4.006	0.05611
4.007	0.031244
4.008	0.11413
4.009	-0.024225
4.01	0.012436
4.011	0.138039
4.012	0.093408
4.013	0.089902
4.014	0.002553
4.015	0.017537
4.016	0.481056
4.017	-0.27288
4.018	0.225706
4.019	0.08767
4.02	-0.153972
4.021	0.058023
4.022	-0.056423
4.023	0.085439
4.024	-0.064711
4.025	-0.137076
4.026	-0.152697
4.027	-0.158435
4.028	-0.055466
4.029	-0.18075
4.03	-0.593263
4.031	0.020406
4.032	-0.104878
4.033	-0.261085
4.034	-0.050366
4.035	-0.182663
4.036	-0.079057
4.037	0.067586
4.038	-0.224743
4.039	0.348758
4.04	0.041127
4.041	0.2273
4.042	-0.017849
4.043	0.042083
4.044	0.076831
4.045	0.025506
4.046	0.09022
4.047	0.084163
4.048	0.041446
4.049	0.254397
4.05	0.320067
4.051	-0.20976
4.052	0.162267
4.053	0.119549
4.054	-0.030919
4.055	-0.038889
4.056	0.111579
4.057	-0.023906
4.058	-0.073318
4.059	-0.034107
4.06	-0.306672
4.061	-0.084795
4.062	-0.092764
4.063	-0.344927
4.064	0.162267
4.065	-0.103285
4.066	0.111898
4.067	0.134213
4.068	-0.181707
4.069	-0.314323
4.07	0.126881
4.071	-0.04654
4.072	0.007016
4.073	-0.008923
4.074	0.086714
4.075	0.149515
4.076	0.041127
4.077	-0.011473
4.078	0.105203
4.079	0.151747
4.08	0.184901
4.081	0.188089
4.082	-0.090533
4.083	0.121781
4.084	0.259179
4.085	-0.073318
4.086	0.167049
4.087	0.01148
4.088	-0.203703
4.089	0.010842
4.09	0.182669
4.091	-0.133251
4.092	-0.066624
4.093	-0.098821
4.094	-0.055466
4.095	-0.326118
4.096	0.079063
4.097	-0.226018
4.098	0.096915
4.099	-0.310816
4.1	0.113492
4.101	0.109985
4.102	-0.173737
4.103	-0.265867
4.104	0.069818
4.105	-0.193502
4.106	0.124012
4.107	0.103291
4.108	0.077469
4.109	0.19829
4.11	0.022637
4.111	0.013073
4.112	0.11923
4.113	0.056429
4.114	-0.044627
4.115	0.261091
4.116	-0.065667
4.117	0.105841
4.118	0.08512
4.119	0.020406
4.12	0.263323
4.121	-0.055147
4.122	-0.176606
4.123	0.052922
4.124	-0.017211
4.125	-0.097865
4.126	-0.118268
4.127	-0.068218
4.128	-0.260766
4.129	-0.079694
4.13	0.048459
4.131	-0.135163
4.132	0.352903
4.133	0.022318
4.134	-0.432912
4.135	0.077788
4.136	-0.104878
4.137	-0.177244
4.138	0.096915
4.139	-0.350665
4.14	0.212954
4.141	0.125606
4.142	0.07715
4.143	0.061529
4.144	0.051966
4.145	0.074281
4.146	0.124968
4.147	0.102972
4.148	0.021362
4.149	0.141864
4.15	-0.016893
4.151	0.471492
4.152	-0.098821
4.153	0.110623
4.154	0.174381
4.155	-0.131019
4.156	-0.071087
4.157	0.16673
4.158	-0.029007
4.159	-0.090214
4.16	-0.070768
4.161	-0.193502
4.162	-0.309541
4.163	0.027419
4.164	-0.027094
4.165	-0.336957
4.166	0.043358
4.167	-0.181707
4.168	-0.363098
4.169	0.068862
4.17	-0.279575
4.171	-0.104241
4.172	0.172149
4.173	-0.284994
4.174	0.384781
4.175	0.056748
4.176	0.188726
4.177	0.000959
4.178	0.011798
4.179	0.095002
4.18	0.111898
4.181	0.14824
4.182	-0.036976
4.183	0.052922
4.184	0.203391
4.185	0.437382
4.186	-0.279894
4.187	0.038577
4.188	0.089902
4.189	-0.010836
4.19	-0.0255
4.191	-0.111573
4.192	0.064399
4.193	-0.100415
4.194	-0.044627
4.195	-0.261085
4.196	-0.110298
4.197	-0.037295
4.198	-0.401033
4.199	-0.013705
4.2	-0.14122
4.201	-0.018487
4.202	0.113492
4.203	-0.169274
4.204	-0.29934
4.205	0.080976
4.206	-0.073
4.207	0.002235
4.208	0.023275
4.209	0.050372
4.21	0.206897
4.211	-0.019443
4.212	0.050053
4.213	0.138358
4.214	0.078425
4.215	-0.055785
4.216	0.279262
4.217	-0.056423
4.218	0.094365
4.219	0.088308
4.22	-0.048772
4.221	0.116999
4.222	0.118593
4.223	-0.197646
4.224	0.082888
4.225	0.087033
4.226	-0.197008
4.227	0.011161
4.228	-0.122093
4.229	-0.003822
4.23	-0.300934
4.231	0.043677
4.232	-0.244189
4.233	0.237182
4.234	-0.376487
4.235	-0.210716
4.236	0.10361
4.237	-0.171824
4.238	-0.235582
4.239	0.177569
4.24	-0.300296
4.241	0.190958
4.242	0.042083
4.243	0.109029
4.244	0.149515
4.245	0.023912
4.246	0.010842
4.247	0.06918
4.248	0.117636
4.249	0.005423
4.25	0.239414
4.251	-0.015936
4.252	0.286594
4.253	0.052922
4.254	-0.003185
4.255	0.197015
4.256	-0.008604
4.257	-0.019124
4.258	0.091177
4.259	0.009886
4.26	-0.124325
4.261	-0.14919
4.262	-0.063755
4.263	-0.265229
4.264	-0.037933
4.265	0.023275
4.266	0.111898
4.267	0.201159
4.268	-0.005097
4.269	-0.22028
4.27	-0.082244
4.271	-0.18617
4.272	-0.219005
4.273	0.101697
4.274	-0.357997
4.275	0.297752
4.276	0.088626
4.277	0.1272
4.278	0.018174
4.279	0.022956
4.28	0.077788
4.281	0.030607
4.282	0.089264
4.283	0.011798
4.284	0.189683
4.285	-0.082882
4.286	0.396895
4.287	-0.060248
4.288	0.103928
4.289	0.176293
4.29	-0.130063
4.291	-0.090214
4.292	0.138995
4.293	0.000641
4.294	0.049097
4.295	-0.138989
4.296	-0.13612
4.297	-0.344289
4.298	-0.06503
4.299	0.057385
4.3	-0.347477
4.301	0.075875
4.302	-0.138033
4.303	-0.376487
4.304	0.081613
4.305	-0.281169
4.306	-0.10711
4.307	0.132619
4.308	-0.315917
4.309	0.428774
4.31	0.087033
4.311	0.029332
4.312	0.025187
4.313	0.022637
4.314	0.001597
4.315	-0.269374
4.316	0.189683
4.317	-0.045584
4.318	-0.021993
4.319	0.138039
4.32	0.296796
4.321	-0.090533
4.322	0.10871
4.323	0.131982
4.324	-0.094996
4.325	-0.026456
4.326	0.05866
4.327	0.034114
4.328	0.060573
4.329	-0.105835
4.33	-0.208485
4.331	-0.120818
4.332	-0.080013
4.333	-0.387644
4.334	0.119868
4.335	-0.420798
4.336	0.050053
4.337	0.050372
4.338	-0.144408
4.339	-0.28085
4.34	0.119549
4.341	0.005104
4.342	-0.0255
4.343	0.055791
4.344	0.079063
4.345	0.228894
4.346	-0.112211
4.347	0.049734
4.348	0.096915
4.349	0.099147
4.35	0.065355
4.351	0.152703
4.352	-0.043352
4.353	0.041764
4.354	0.335369
4.355	-0.108704
4.356	0.124012
4.357	0.084801
4.358	-0.155566
4.359	-0.022312
4.36	0.206578
4.361	-0.366285
4.362	0.092133
4.363	-0.142496
4.364	0.020724
4.365	-0.324524
4.366	0.055791
4.367	-0.315279
4.368	0.008929
4.369	-0.243552
4.37	0.062486
4.371	0.122737
4.372	-0.22028
4.373	-0.357997
4.374	0.189364
4.375	-0.13867
4.376	0.141545
4.377	0.118593
4.378	0.096596
4.379	0.108073
4.38	0.022
4.381	0.055791
4.382	0.012117
4.383	-0.033789
4.384	0.064399
4.385	0.331862
4.386	-0.001591
4.387	0.25089
4.388	0.064399
4.389	0.000959
4.39	0.205941
4.391	-0.030919
4.392	-0.21773
4.393	0.201159
4.394	-0.016255
4.395	0.021362
4.396	-0.123687
4.397	-0.104241
4.398	-0.333131
4.399	-0.111254
4.4	0.116042
4.401	-0.327393
4.402	0.26683
4.403	-0.071406
4.404	-0.332813
4.405	0.048459
4.406	-0.164492
4.407	-0.172462
4.408	0.075237
4.409	-0.365648
4.41	0.197334
4.411	0.082888
4.412	0.130707
4.413	0.065992
4.414	0.069818
4.415	0.028694
4.416	0.057704
4.417	0.014986
4.418	0.047821
4.419	0.230488
4.42	-0.07555
4.421	0.371074
4.422	-0.219005
4.423	0.082251
4.424	0.291057
4.425	-0.118586
4.426	-0.196052
4.427	0.183944
4.428	-0.035382
4.429	-0.044309
4.43	-0.171505
4.431	-0.174693
4.432	-0.285632
4.433	-0.058654
4.434	0.010842
4.435	-0.197008
4.436	0.189045
4.437	-0.062798
4.438	-0.376168
4.439	0.09022
4.44	-0.189676
4.441	-0.147596
4.442	0.160992
4.443	-0.223149
4.444	0.304128
4.445	0.091496
4.446	0.161629
4.447	-0.05706
4.448	0.121462
4.449	0.02455
4.45	0.001916
4.451	0.171193
4.452	0.02455
4.453	3.128e-06
4.454	0.103928
4.455	0.351946
4.456	-0.204341
4.457	0.113811
4.458	0.128794
4.459	-0.106154
4.46	-0.008923
4.461	0.013392
4.462	0.003191
4.463	0.086714
4.464	-0.092764
4.465	-0.306353
4.466	-0.104241
4.467	-0.057698
4.468	-0.178838
4.469	0.322299
4.47	-0.309222
4.471	-0.006373
4.472	0.042083
4.473	-0.277662
4.474	-0.25726
4.475	0.252165
4.476	-0.241639
4.477	0.167686
4.478	-0.055147
4.479	0.132301
4.48	0.18777
4.481	0.043996
4.482	0.024231
4.483	0.078744
4.484	0.176612
4.485	0.067905
4.486	0.206578
4.487	-0.233032
4.488	0.296158
4.489	0.166411
4.49	-0.098821
4.491	0.192233
4.492	-0.174374
4.493	0.022956
4.494	0.119549
4.495	-0.024225
4.496	-0.010836
4.497	-0.056741
4.498	-0.129425
4.499	-0.229525
4.5	-0.250565
4.501	0.195421
4.502	-0.315917
4.503	0.225706
4.504	-0.196052
4.505	0.011798
4.506	0.044634
4.507	-0.278937
4.508	-0.222512
4.509	0.085757
4.51	-0.297108
4.511	0.20881
4.512	0.06408
4.513	0.126244
4.514	0.129431
4.515	-0.081288
4.516	0.034751
4.517	0.03507
4.518	0.058023
4.519	0.036983
4.52	0.107435
4.521	0.051328
4.522	0.14824
4.523	-0.112529
4.524	0.143139
4.525	0.143777
4.526	0.005423
4.527	-0.087345
4.528	-0.06248
4.529	0.11923
4.53	-0.123687
4.531	0.021043
4.532	-0.233669
4.533	-0.252478
4.534	-0.031557
4.535	-0.284038
4.536	-0.06248
4.537	-0.266186
4.538	0.100103
4.539	-0.364054
4.54	0.149515
4.541	-0.388282
4.542	0.121781
4.543	-0.001272
4.544	-0.205297
4.545	0.212317
4.546	0.053241
4.547	0.141227
4.548	0.124331
4.549	-0.057698
4.55	0.124331
4.551	0.130388
4.552	0.005741
4.553	0.066311
4.554	-0.002547
4.555	0.100103
4.556	0.378087
4.557	-0.260766
4.558	0.180119
4.559	0.062167
4.56	-0.090533
4.561	0.102334
4.562	-0.048453
4.563	-0.041758
4.564	-0.044309
4.565	0.02455
4.566	-0.169593
4.567	-0.263317
4.568	-0.002547
4.569	-0.529505
4.57	0.111579
4.571	-0.372661
4.572	-0.165448
4.573	-0.082563
4.574	-0.182663
4.575	-0.206253
4.576	0.043996
4.577	-0.119862
4.578	-0.166724
4.579	0.202753
4.58	0.054197
4.581	0.251209
4.582	-0.044309
4.583	-0.008604
4.584	0.124331
4.585	0.073962
4.586	0.138039
4.587	0.017855
4.588	-0.011473
4.589	0.254078
4.59	0.164817
4.591	-0.138351
4.592	0.163861
4.593	0.083845
4.594	-0.024225
4.595	-0.082563
4.596	0.070774
4.597	-0.047815
4.598	-0.003185
4.599	-0.071087
4.6	-0.336957
4.601	-0.122731
4.602	-0.004141
4.603	-0.043033
4.604	0.202115
4.605	-0.302209
4.606	-0.029963
4.607	0.06408
4.608	-0.270968
4.609	-0.351621
4.61	0.122737
4.611	-0.131976
4.612	0.043996
4.613	-0.034107
4.614	0.131025
4.615	0.15876
4.616	0.026781
4.617	0.006698
4.618	0.076512
4.619	0.185538
4.62	0.142821
4.621	0.180119
4.622	-0.102009
4.623	0.143458
4.624	0.146646
4.625	-0.058016
4.626	0.126562
4.627	0.033795
4.628	-0.26236
4.629	0.04814
4.63	0.103928
4.631	-0.221874
4.632	-0.107748
4.633	-0.101053
4.634	-0.129425
4.635	-0.321017
4.636	0.153341
4.637	-0.132294
4.638	0.318473
4.639	-0.173099
4.64	-0.139626
4.641	0.115724
4.642	-0.122093
4.643	-0.339826
4.644	0.165455
4.645	-0.173737
4.646	0.173106
4.647	0.128475
4.648	0.052603
4.649	0.157166
4.65	0.089902
4.651	-0.023587
4.652	0.065036
4.653	0.067905
4.654	0.105841
4.655	0.155572
4.656	-0.013705
4.657	0.347802
4.658	-0.087026
4.659	0.064717
4.66	0.251209
4.661	-0.054829
4.662	-0.05961
4.663	0.091496
4.664	-0.02295
4.665	0.022956
4.666	-0.177562
4.667	-0.092764
4.668	-0.350984
4.669	-0.046859
4.67	-0.028369
4.671	-0.324205
4.672	0.11668
4.673	-0.121774
4.674	-0.337913
4.675	0.046228
4.676	-0.178838
4.677	-0.155247
4.678	0.109985
4.679	-0.321336
4.68	0.35099
4.681	0.099147
4.682	0.118274
4.683	0.004147
4.684	0.057704
4.685	0.127838
4.686	0.102016
4.687	0.129113
4.688	0.126881
4.689	0.118911
4.69	0.226343
4.691	0.332819
4.692	-0.153016
4.693	0.134213
4.694	0.182669
4.695	-0.118586
4.696	-0.075869
4.697	0.007335
4.698	0.043996
4.699	0.001597
4.7	0.096596
4.701	-0.294239
4.702	-0.321974
4.703	0.054516
4.704	-0.275749
4.705	-0.024862
4.706	-0.098503
4.707	-0.103603
4.708	-0.033789
4.709	-0.144408
4.71	-0.418886
4.711	0.149515
4.712	-0.003822
4.713	-0.050684
4.714	0.111579
4.715	0.036983
4.716	0.193508
4.717	0.051009
4.718	-0.028688
4.719	0.049734
4.72	0.209129
4.721	0.014986
4.722	0.125606
4.723	-0.101053
4.724	0.231125
4.725	0.317198
4.726	-0.158116
4.727	0.14027
4.728	-0.081607
4.729	0.10616
4.73	-0.029007
4.731	0.082569
4.732	-0.069812
4.733	0.009567
4.734	-0.011154
4.735	-0.286269
4.736	-0.282444
4.737	0.143139
4.738	-0.431637
4.739	0.184263
4.74	-0.348433
4.741	0.06408
4.742	-0.071087
4.743	-0.171187
4.744	-0.233032
4.745	0.089264
4.746	-0.24929
4.747	0.142183
4.748	0.126244
4.749	0.022956
4.75	0.225068
4.751	-0.036658
4.752	0.019449
4.753	0.069818
4.754	0.17725
4.755	0.140908
4.756	0.139314
4.757	0.034114
4.758	0.249615
4.759	-0.045584
4.76	0.034432
4.761	0.068543
4.762	0.029969
4.763	-0.053553
4.764	0.006379
4.765	-0.021037
4.766	-0.047815
4.767	0.007973
4.768	-0.223468
4.769	-0.24674
4.77	0.015624
4.771	-0.302209
4.772	-0.24674
4.773	-0.253434
4.774	-0.000634
4.775	-0.548952
4.776	0.014986
4.777	-0.400396
4.778	0.030926
4.779	0.048459
4.78	-0.334088
4.781	0.25886
4.782	0.074281
4.783	0.031563
4.784	0.087351
4.785	-0.031557
4.786	0.09819
4.787	0.208491
4.788	0.115724
4.789	0.065674
4.79	0.080019
4.791	-0.066943
4.792	0.468304
4.793	-0.247377
4.794	0.223474
4.795	0.123056
4.796	-0.163217
4.797	0.083845
4.798	-0.117311
4.799	0.081294
4.8	-0.017849
4.801	-0.096909
4.802	-0.233032
4.803	-0.324524
4.804	0.073643
4.805	-0.138351
4.806	-0.548952
4.807	0.337282
4.808	-0.221874
4.809	-0.208804
4.81	-0.047178
4.811	-0.23335
4.812	-0.032832
4.813	0.041127
4.814	-0.256941
4.815	0.400083
4.816	-0.002547
4.817	0.264279
4.818	-0.016893
4.819	-0.016893
4.82	0.063123
4.821	0.055472
4.822	0.014986
4.823	-0.032195
4.824	0.065036
4.825	0.104885
4.826	0.414429
4.827	-0.297746
4.828	0.234313
4.829	0.225387
4.83	-0.135482
4.831	-0.050366
4.832	0.184582
4.833	-0.10456
4.834	0.154297
4.835	-0.141858
4.836	-0.241639
4.837	-0.17565
4.838	-0.052597
4.839	-0.321336
4.84	0.018812
4.841	-0.363098
4.842	0.160992
4.843	0.065992
4.844	-0.174693
4.845	-0.389876
4.846	0.191914
4.847	-0.153334
4.848	0.0746
4.849	0.025506
4.85	0.101059
4.851	0.156847
4.852	0.082888
4.853	0.022
4.854	0.096915
4.855	0.138039
4.856	0.057704
4.857	0.196058
4.858	-0.091171
4.859	0.092771
4.86	0.363423
4.861	-0.116355
4.862	0.099465
4.863	0.058342
4.864	-0.061204
4.865	-0.021675
4.866	0.165455
4.867	-0.280531
4.868	0.057385
4.869	-0.061204
4.87	-0.005735
4.871	-0.2783
