5.988	-0.123049
5.989	-0.055147
5.99	0.145371
5.991	0.022
5.992	-0.17565
5.993	-0.005735
5.994	-0.174693
5.995	-0.02295
5.996	-0.409003
5.997	0.198609
5.998	-0.039208
5.999	-0.179794
6	0.10616
6.001	0.025506
6.002	0.105203
6.003	0.117317
6.004	-0.025819
6.005	0.065036
6.006	0.188407
6.007	0.032838
6.008	0.073643
6.009	-0.018168
6.01	0.156847
6.011	0.201797
6.012	-0.086389
6.013	0.189045
6.014	-0.064392
6.015	-0.053872
6.016	0.087989
6.017	-0.04909
6.018	0.054516
6.019	-0.030601
6.02	-0.111892
6.021	-0.100415
6.022	-0.14664
6.023	0.028375
6.024	-0.214223
6.025	0.120505
6.026	-0.347158
6.027	0.026144
6.028	0.041127
6.029	-0.016893
6.03	-0.27033
6.031	0.121462
6.032	-0.118268
6.033	-0.051959
6.034	0.159079
6.035	0.008292
6.036	0.187451
6.037	-0.008604
6.038	0.01658
6.039	0.135488
6.04	0.082569
6.041	0.035707
6.042	0.197334
6.043	0.044315
6.044	0.01403
6.045	0.326124
6.046	-0.213904
6.047	0.181713
6.048	0.013073
6.049	-0.073637
6.05	0.05866
6.051	-0.077463
6.052	0.035707
6.053	-0.043352
6.054	-0.067261
6.055	-0.019443
6.056	-0.246421
6.057	-0.142496
6.058	-0.619723
6.059	0.297752
6.06	-0.29137
6.061	-0.073956
6.062	0.0797
6.063	-0.206572
6.064	-0.234307
6.065	0.151747
6.066	-0.287545
6.067	0.224749
6.068	-0.02805
6.069	0.1272
6.07	0.163861
6.071	-0.064392
6.072	0.045271
6.073	0.140908
6.074	0.100103
6.075	-0.049728
6.076	0.376174
6.077	0.051328
6.078	-0.003185
6.079	0.370755
6.08	-0.153016
6.081	0.225706
6.082	0.044952
6.083	-0.172462
6.084	0.084482
6.085	0.088308
6.086	-0.021675
6.087	-0.129744
6.088	-0.05961
6.089	-0.226656
6.09	-0.152059
6.091	0.038258
6.092	-0.038889
6.093	0.153022
6.094	-0.202747
6.095	-0.241001
6.096	0.00606
6.097	-0.207529
6.098	-0.214542
6.099	0.072049
6.1	-0.068537
6.101	0.147602
6.102	0.051009
6.103	0.084482
6.104	0.0797
6.105	-0.029963
6.106	0.012755
6.107	0.112217
6.108	0.14027
6.109	0.041446
6.11	0.19574
6.111	-0.064073
6.112	0.102016
6.113	-0.045584
6.114	0.063442
6.115	0.256309
6.116	-0.146321
6.117	-0.043352
6.118	0.102016
6.119	-0.05451
6.12	0.041764
6.121	-0.119224
6.122	-0.132932
6.123	-0.20179
6.124	-0.110617
6.125	-0.213267
6.126	-0.05451
6.127	-0.305397
6.128	0.102334
6.129	-0.285632
6.13	-0.106791
6.131	-0.329625
6.132	0.10361
6.133	0.001597
6.134	-0.158435
6.135	0.133576
6.136	0.033795
6.137	0.131344
6.138	0.110304
6.139	-0.127512
6.14	0.127838
6.141	0.078425
6.142	0.014349
6.143	0.191595
6.144	-0.072681
6.145	0.120505
6.146	0.318473
6.147	-0.113805
6.148	0.245471
6.149	0.068543
6.15	-0.200515
6.151	0.030607
6.152	-0.025819
6.153	0.004785
6.154	0.010842
6.155	-0.007329
6.156	-0.159073
6.157	-0.256303
6.158	0.007016
6.159	-0.407728
6.16	0.161948
6.161	-0.217411
6.162	-0.008923
6.163	0.028057
6.164	-0.084795
6.165	-0.237176
6.166	0.035389
6.167	-0.031876
6.168	-0.162579
6.169	0.212635
6.17	0.06408
6.171	0.252484
6.172	-0.033151
6.173	0.005104
6.174	0.155253
6.175	0.094046
6.176	0.039852
6.177	0.153341
6.178	0.059935
6.179	0.03762
6.18	0.474361
6.181	-0.323249
6.182	0.321661
6.183	0.070455
6.184	-0.273518
6.185	0.069499
6.186	-0.035701
6.187	-0.051641
6.188	-0.191589
6.189	-0.056104
6.19	-0.101053
6.191	-0.202428
6.192	0.124968
6.193	-0.289457
6.194	0.314967
6.195	-0.281806
6.196	-0.208485
6.197	0.000641
6.198	-0.220599
6.199	-0.251521
6.2	0.151428
6.201	-0.119862
6.202	0.207854
6.203	-0.096271
6.204	0.100103
6.205	0.05866
6.206	0.116361
6.207	0.007973
6.208	0.184263
6.209	0.157166
6.21	0.046228
6.211	0.189683
6.212	-0.135163
6.213	0.299027
6.214	0.012117
6.215	0.086076
6.216	0.14027
6.217	-0.023268
6.218	-0.023587
6.219	0.003829
6.22	0.021362
6.221	-0.084476
6.222	-0.015936
6.223	-0.006373
6.224	-0.062161
6.225	-0.08862
6.226	-0.107748
6.227	-0.357359
6.228	-0.117311
6.229	0.044315
6.23	-0.19669
6.231	-0.015299
6.232	-0.310179
6.233	-0.057698
6.234	-0.086707
6.235	-0.265229
6.236	0.280219
6.237	0.103928
6.238	0.127838
6.239	0.078106
6.24	-0.069812
6.241	0.110304
6.242	0.000322
6.243	0.049415
6.244	0.116361
6.245	-0.011473
6.246	0.003191
6.247	0.136764
6.248	-0.076187
6.249	0.212317
6.25	0.078425
6.251	-0.061204
6.252	-0.002228
6.253	-0.032195
6.254	0.109667
6.255	-0.026775
6.256	-0.021037
6.257	-0.13867
6.258	-0.161942
6.259	-0.052916
6.26	-0.401033
6.261	0.151109
6.262	-0.417292
6.263	-0.056741
6.264	-0.197008
6.265	-0.103285
6.266	-0.290095
6.267	0.059617
6.268	-0.138989
6.269	-0.174374
6.27	0.218374
6.271	0.07715
6.272	0.051009
6.273	0.156847
6.274	-0.077463
6.275	0.126562
6.276	0.180119
6.277	-0.071087
6.278	0.159398
6.279	-0.091808
6.28	0.051966
6.281	0.239095
6.282	-0.171187
6.283	0.280537
6.284	0.022956
6.285	-0.10966
6.286	0.001916
6.287	-0.084795
6.288	0.142502
6.289	-0.080013
6.29	-0.000316
6.291	0.025187
6.292	-0.239726
6.293	-0.018168
6.294	-0.204022
6.295	-0.032513
6.296	-0.277981
6.297	0.044634
6.298	-0.157797
6.299	-0.023906
6.3	-0.281806
6.301	0.095959
6.302	0.006698
6.303	-0.179794
6.304	0.168005
6.305	0.044952
6.306	0.16131
6.307	0.063442
6.308	-0.055466
6.309	0.159716
6.31	0.141545
6.311	0.207535
6.312	0.147284
6.313	0.011161
6.314	0.009248
6.315	0.203709
6.316	-0.08065
6.317	0.290739
6.318	0.025825
6.319	-0.085432
6.32	0.104566
6.321	0.10074
6.322	-0.005416
6.323	-0.203065
6.324	-0.141539
6.325	0.033476
6.326	-0.234626
6.327	0.040171
6.328	-0.256941
6.329	0.286594
6.33	-0.279575
6.331	-0.049409
6.332	0.08767
6.333	-0.162898
6.334	-0.30444
6.335	0.146008
6.336	-0.226975
6.337	0.171512
6.338	-0.044309
6.339	0.105841
6.34	0.070774
6.341	0.080019
6.342	0.065355
6.343	0.139633
6.344	0.04304
6.345	0.053241
6.346	0.230806
6.347	-0.063755
6.348	0.10074
6.349	0.194783
6.35	0.03252
6.351	0.118274
6.352	-0.038889
6.353	-0.147596
6.354	0.066311
6.355	0.007016
6.356	-0.197646
6.357	0.032838
6.358	-0.142496
6.359	-0.028369
6.36	-0.204659
6.361	0.008292
6.362	-0.289776
6.363	0.204347
6.364	-0.237495
6.365	-0.16768
6.366	0.099465
6.367	-0.274793
6.368	-0.245464
6.369	0.113811
6.37	-0.151422
6.371	0.112536
6.372	0.084163
6.373	0.091496
6.374	0.115086
6.375	-0.002228
6.376	0.018493
6.377	0.190958
6.378	0.063761
6.379	0.067586
6.38	0.200203
6.381	-0.09404
6.382	0.201797
6.383	0.049415
6.384	0.018493
6.385	0.200203
6.386	-0.103922
6.387	-0.022631
6.388	0.080976
6.389	0.010842
6.39	0.080976
6.391	-0.117949
6.392	-0.056423
6.393	-0.287863
6.394	-0.169911
6.395	-0.04654
6.396	-0.164173
6.397	-0.000953
6.398	-0.029007
6.399	-0.477862
6.4	-0.082882
6.401	-0.23622
6.402	-0.078419
6.403	0.104247
6.404	-0.292326
6.405	0.235269
6.406	0.107754
6.407	0.079063
6.408	0.119868
6.409	-0.058973
6.41	0.124012
6.411	0.17725
6.412	-0.006691
6.413	0.101697
6.414	0.136764
6.415	-0.068537
6.416	0.31943
6.417	-0.091171
6.418	0.207535
6.419	0.197971
6.42	-0.180113
6.421	-0.054829
6.422	0.03762
6.423	-0.003504
6.424	0.093408
6.425	-0.05451
6.426	-0.057379
6.427	-0.316873
6.428	-0.088301
6.429	-0.101691
6.43	-0.271286
6.431	-0.053235
6.432	-0.219961
6.433	-0.241639
6.434	-0.098184
6.435	-0.30444
6.436	-0.04399
6.437	0.022
6.438	-0.218367
6.439	0.214548
6.44	0.058342
6.441	0.200521
6.442	0.002872
6.443	0.017537
6.444	0.086076
6.445	0.095002
6.446	0.061529
6.447	0.103928
6.448	0.072368
6.449	-0.005735
6.45	0.340151
6.451	-0.219642
6.452	0.275118
6.453	0.151109
6.454	-0.299021
6.455	0.109985
6.456	0.093727
6.457	-0.04399
6.458	-0.013386
6.459	-0.01498
6.46	-0.094358
6.461	-0.241001
6.462	-0.014342
6.463	-0.100097
6.464	0.191595
6.465	-0.103603
6.466	-0.137714
6.467	0.151109
6.468	-0.247696
6.469	-0.245464
6.47	0.224749
6.471	-0.142496
6.472	0.014349
6.473	-0.015299
6.474	0.102972
6.475	0.0797
6.476	0.139951
6.477	-0.037614
6.478	0.183307
6.479	0.141864
6.48	0.034751
6.481	0.159716
6.482	-0.115398
6.483	0.168643
6.484	0.095321
6.485	-0.029963
6.486	0.165455
6.487	-0.041758
6.488	-0.065986
6.489	-0.000953
6.49	-0.108704
6.491	0.113173
6.492	-0.122412
6.493	-0.053872
6.494	-0.141858
6.495	-0.211992
6.496	-0.005416
6.497	-0.44662
6.498	0.382869
6.499	-0.303803
6.5	-0.166405
6.501	0.002872
6.502	-0.077463
6.503	-0.261404
6.504	0.180756
6.505	-0.246421
6.506	0.141545
6.507	0.062167
6.508	0.102334
6.509	0.132619
6.51	-0.086707
6.511	0.001278
6.512	0.190001
6.513	0.017218
6.514	0.080338
6.515	0.16673
6.516	0.012117
6.517	0.136764
6.518	0.085439
6.519	-0.04654
6.52	0.18777
6.521	0.016261
6.522	-0.197965
6.523	0.160035
6.524	-0.002228
6.525	0.026144
6.526	0.05866
6.527	-0.036976
6.528	-0.147915
6.529	-0.226018
6.53	-0.106154
6.531	-0.480412
6.532	0.03252
6.533	0.088626
6.534	-0.36246
6.535	0.057704
6.536	-0.228887
6.537	-0.129106
6.538	-0.001272
6.539	-0.156203
6.54	0.158441
6.541	0.074919
6.542	0.058023
6.543	0.102653
6.544	-0.009879
6.545	0.015624
6.546	0.124331
6.547	0.086714
6.548	0.073006
6.549	0.012755
6.55	-0.031876
6.551	0.38
6.552	-0.120499
6.553	0.260454
6.554	0.147284
6.555	-0.147596
6.556	0.051647
6.557	-0.079375
6.558	-0.016255
6.559	0.076194
6.56	-0.029325
6.561	-0.158116
6.562	-0.178838
6.563	-0.111892
6.564	-0.074275
6.565	-0.206891
6.566	-0.013386
6.567	-0.229206
6.568	-0.317511
6.569	0.022
6.57	-0.285313
6.571	-0.125281
6.572	0.031563
6.573	-0.216773
6.574	0.305084
6.575	0.054835
6.576	0.18235
6.577	0.066311
6.578	-0.043671
6.579	0.086395
6.58	0.081613
6.581	-0.1307
6.582	-0.108704
6.583	0.034114
6.584	0.049734
6.585	0.29042
6.586	-0.256622
6.587	0.183626
6.588	0.154297
6.589	-0.208804
6.59	0.049415
6.591	0.010204
6.592	-0.07555
6.593	0.073006
6.594	-0.152378
6.595	-0.186488
6.596	-0.202109
6.597	-0.078419
6.598	-0.182982
6.599	-0.011792
6.6	-0.116355
6.601	-0.372024
6.602	0.063442
6.603	-0.121455
6.604	-0.190951
6.605	0.190639
6.606	-0.219961
6.607	0.066949
6.608	0.009248
6.609	0.0797
6.61	0.054516
6.611	0.193508
6.612	-0.043033
6.613	0.164498
6.614	0.152703
6.615	0.037301
6.616	0.1272
6.617	-0.071724
6.618	0.267786
6.619	0.098509
6.62	0.073006
6.621	0.169599
6.622	-0.079057
6.623	0.043677
6.624	-0.010836
6.625	0.001916
6.626	0.105522
6.627	-0.043671
6.628	-0.077144
6.629	-0.118268
6.63	-0.132932
6.631	-0.134207
6.632	-0.139626
6.633	0.152703
6.634	-0.22283
6.635	-0.197008
6.636	0.031244
6.637	-0.171187
6.638	-0.258854
6.639	0.133895
6.64	-0.220918
6.641	0.204347
6.642	0.094046
6.643	0.041127
6.644	0.165455
6.645	-0.144408
6.646	0.032201
6.647	0.138676
6.648	-0.08607
6.649	-0.097865
6.65	0.258222
6.651	-0.074593
6.652	0.134532
6.653	0.057066
6.654	-0.060886
6.655	0.172149
6.656	-0.028369
6.657	-0.034107
6.658	-0.026456
6.659	0.02455
6.66	0.04559
6.661	-0.163536
6.662	0.007335
6.663	-0.22283
6.664	-0.199559
6.665	-0.114761
6.666	0.098509
6.667	0.128794
6.668	0.004466
6.669	-0.202747
6.67	0.022
6.671	-0.266504
6.672	-0.193821
6.673	0.030607
6.674	-0.170549
6.675	0.167686
6.676	-0.021993
6.677	0.126562
6.678	-0.024544
6.679	-0.007329
6.68	0.00351
6.681	0.17725
6.682	-0.083201
6.683	0.142502
6.684	0.190639
6.685	-0.211673
6.686	0.2273
6.687	0.025506
6.688	0.168643
6.689	0.09819
6.69	-0.073318
6.691	-0.107429
6.692	0.076512
6.693	0.015943
6.694	0.002872
6.695	-0.061842
6.696	-0.13612
6.697	-0.373299
6.698	-0.088939
6.699	-0.034426
6.7	-0.118905
6.701	-0.111892
6.702	-0.123049
6.703	-0.375849
6.704	0.073643
6.705	-0.220599
6.706	-0.0781
6.707	0.08767
6.708	-0.2834
6.709	0.291376
6.71	0.102016
6.711	0.131982
6.712	0.079063
6.713	-0.052597
6.714	0.10074
6.715	0.150472
6.716	0.123374
6.717	0.041127
6.718	0.076512
6.719	0.00351
6.72	0.327718
6.721	-0.259172
6.722	0.292014
6.723	0.116042
6.724	-0.249927
6.725	0.059935
6.726	-0.086389
6.727	0.154935
6.728	0.073006
6.729	-0.120499
6.73	-0.09659
6.731	-0.231119
6.732	-0.040164
6.733	-0.060567
6.734	-0.101053
6.735	-0.214223
6.736	-0.074275
6.737	0.235907
6.738	-0.213904
6.739	-0.20976
6.74	0.201797
6.741	-0.183938
6.742	0.062486
6.743	-0.023268
6.744	0.097234
6.745	0.123693
6.746	0.060573
6.747	-0.027094
6.748	0.180119
6.749	0.059298
6.75	0.047821
6.751	0.19287
6.752	-0.095315
6.753	0.155891
6.754	0.215186
6.755	-0.056741
6.756	0.142183
6.757	0.047503
6.758	-0.142177
6.759	0.049734
6.76	0.105841
6.761	-0.161304
6.762	0.049097
6.763	-0.043671
6.764	0.029013
6.765	-0.237495
6.766	-0.014024
6.767	-0.177562
6.768	0.047821
6.769	-0.21773
6.77	0.038258
6.771	0.113811
6.772	-0.25726
6.773	-0.336319
6.774	0.124012
6.775	-0.032195
6.776	-0.003185
6.777	0.110304
6.778	0.018174
6.779	0.189045
6.78	-0.105835
6.781	-0.008285
6.782	0.126562
6.783	0.092452
6.784	0.096596
6.785	0.209766
6.786	-0.010517
6.787	0.098828
6.788	0.365654
6.789	-0.286269
6.79	0.298708
6.791	-0.052916
6.792	-0.160348
6.793	0.059298
6.794	0.077788
6.795	-0.065986
6.796	-0.13867
6.797	0.026144
6.798	-0.253434
6.799	-0.200196
6.8	-0.010836
6.801	-0.279575
6.802	-0.113167
6.803	-0.018487
6.804	-0.551183
6.805	-0.001272
6.806	-0.098503
6.807	-0.063436
6.808	0.039852
6.809	-0.163217
6.81	0.218055
6.811	0.028375
6.812	0.06663
6.813	0.118274
6.814	-0.047815
6.815	0.104566
6.816	0.197971
6.817	0.092771
6.818	0.022318
6.819	0.048778
6.82	0.029332
6.821	0.336963
6.822	-0.163536
6.823	0.187451
6.824	0.075556
6.825	-0.064392
6.826	-0.002866
6.827	-0.038889
6.828	0.069499
6.829	-0.014661
6.83	0.000322
6.831	-0.187126
6.832	-0.110935
6.833	-0.054829
6.834	-0.216773
6.835	0.229212
6.836	-0.178519
6.837	0.047503
6.838	-0.240045
6.839	-0.057698
6.84	-0.237813
6.841	0.020087
6.842	-0.152059
6.843	-0.173418
6.844	0.216461
6.845	0.060892
6.846	0.206578
6.847	0.061211
6.848	0.013392
6.849	0.167367
6.85	0.116999
6.851	0.051328
6.852	0.119549
6.853	0.058979
6.854	-0.026138
6.855	0.228575
6.856	-0.149509
6.857	0.189364
6.858	0.10871
6.859	-0.191908
6.86	0.012436
6.861	-0.064073
6.862	0.073962
6.863	-0.039208
6.864	-0.090533
6.865	0.041764
6.866	-0.29934
6.867	-0.096271
6.868	-0.308266
6.869	-0.069493
6.87	-0.209441
6.871	0.004466
6.872	0.041127
6.873	-0.223468
6.874	-0.316236
6.875	0.184901
6.876	-0.143452
6.877	0.034432
6.878	0.092771
6.879	0.022318
6.88	0.050053
6.881	0.128794
6.882	-0.083838
6.883	0.14027
6.884	0.135807
6.885	0.040489
6.886	0.144415
6.887	-0.130063
6.888	0.235588
6.889	0.181075
6.89	-0.102647
6.891	0.211998
6.892	-0.039845
6.893	-0.101372
6.894	0.050372
6.895	-0.079694
6.896	0.104247
6.897	-0.084157
6.898	-0.03857
6.899	-0.103285
6.9	-0.277343
6.901	0.01913
6.902	-0.360866
6.903	0.06918
6.904	-0.348433
6.905	-0.006373
6.906	-0.011154
6.907	-0.116355
6.908	-0.260766
6.909	0.086395
6.91	-0.025819
6.911	-0.004779
6.912	0.125606
6.913	-0.018487
6.914	0.279581
6.915	-0.077144
6.916	-0.004779
6.917	0.140908
6.918	-0.027413
6.919	0.093408
6.92	0.175975
6.921	-0.02295
6.922	0.104566
6.923	0.196058
6.924	-0.259491
6.925	0.2273
6.926	0.187132
6.927	-0.145046
6.928	0.017218
6.929	0.037301
6.93	-0.235582
6.931	0.159079
6.932	-0.070449
6.933	-0.210398
6.934	-0.139626
6.935	-0.062161
6.936	-0.448852
6.937	0.009886
6.938	0.075556
6.939	-0.488382
6.94	0.021043
6.941	-0.090214
6.942	-0.238451
6.943	0.085757
6.944	-0.2308
6.945	0.177569
6.946	0.109348
6.947	0.034114
6.948	0.105841
6.949	0.011798
6.95	0.048459
6.951	0.234313
6.952	-0.008285
6.953	0.042083
6.954	0.11923
6.955	-0.094996
6.956	0.153022
6.957	0.155572
6.958	0.08512
6.959	0.155891
6.96	-0.036339
6.961	-0.127512
6.962	0.01913
6.963	0.007654
6.964	0.000641
6.965	-0.100097
6.966	-0.153334
6.967	-0.145046
6.968	-0.092127
6.969	-0.01753
6.97	-0.005097
6.971	0.183944
6.972	-0.211673
6.973	-0.262679
6.974	-0.045902
6.975	-0.206572
6.976	-0.153972
6.977	0.004147
6.978	-0.297108
6.979	0.310185
6.98	0.04559
6.981	0.172149
6.982	0.096915
6.983	0.005741
6.984	0.055154
6.985	0.097553
6.986	0.072368
6.987	0.073962
6.988	0.20626
6.989	-0.072043
6.99	0.280219
6.991	0.04559
6.992	0.056429
6.993	0.304128
6.994	-0.187764
6.995	-0.034426
6.996	0.051966
6.997	0.164179
6.998	-0.018805
6.999	-0.009879
7	-0.129106
7.001	-0.256941
7.002	-0.156841
7.003	0.330269
7.004	0.084163
7.005	-0.241958
7.006	-0.042077
7.007	-0.011792
7.008	-0.086389
7.009	-0.419204
7.01	0.244833
7.011	-0.087983
7.012	-0.026456
7.013	0.071093
7.014	0.026781
7.015	0.049734
7.016	0.159716
7.017	-0.112211
7.018	0.146327
7.019	0.062167
7.02	0.045271
7.021	0.272887
7.022	-0.162579
7.023	0.145371
7.024	0.352265
7.025	-0.19669
7.026	0.299027
7.027	0.071731
7.028	-0.165767
7.029	0.043996
7.03	-0.00446
7.031	0.072687
7.032	-0.05451
7.033	-0.019762
7.034	-0.118586
7.035	-0.198284
7.036	-0.01498
7.037	-0.343651
7.038	0.136445
7.039	-0.444389
7.04	-0.139308
7.041	-0.155566
7.042	-0.146959
7.043	-0.185851
7.044	0.065355
7.045	-0.217411
7.046	0.001278
7.047	0.211679
7.048	-0.016574
7.049	0.263642
7.05	-0.051322
7.051	0.015943
7.052	0.133895
7.053	0.050372
7.054	0.020724
7.055	0.117636
7.056	0.05866
7.057	0.087351
7.058	0.446627
7.059	-0.158435
7.06	0.159716
7.061	0.078106
7.062	-0.180113
7.063	0.154616
7.064	0.117317
7.065	-0.19924
7.066	0.13517
7.067	-0.138033
7.068	-0.20179
7.069	-0.276387
7.07	0.008292
7.071	-0.104241
7.072	-0.112529
7.073	-0.027413
7.074	-0.520579
7.075	0.083207
7.076	-0.305078
7.077	-0.10456
7.078	0.041127
7.079	-0.140264
7.08	0.19032
7.081	0.045271
7.082	0.042402
7.083	0.087351
7.084	0.070455
7.085	0.023594
7.086	0.13517
7.087	0.112217
7.088	0.127519
7.089	-0.003185
7.09	-0.08065
7.091	0.336007
7.092	-0.06248
7.093	0.108391
7.094	0.233357
7.095	-0.232713
7.096	0.054516
7.097	0.012755
7.098	-0.004779
7.099	0.101059
7.1	-0.058654
7.101	-0.065349
7.102	-0.18872
7.103	-0.042715
7.104	-0.15174
7.105	-0.433231
7.106	0.127838
7.107	-0.073318
7.108	-0.273837
7.109	-0.083838
7.11	-0.224106
7.111	-0.110298
7.112	0.041764
7.113	-0.319423
7.114	0.400721
7.115	0.044952
7.116	0.150153
7.117	0.146646
7.118	-0.101691
7.119	0.080657
7.12	0.085439
7.121	0.09022
7.122	0.081613
7.123	0.10074
7.124	-0.050684
7.125	0.403909
7.126	-0.124643
7.127	0.158122
7.128	0.2324
7.129	-0.147277
7.13	-0.008923
7.131	-0.013705
7.132	0.066949
7.133	0.018493
7.134	-0.1256
7.135	-0.099778
7.136	-0.31783
7.137	-0.133888
7.138	-0.370111
7.139	-0.053235
7.14	-0.453634
7.141	0.119868
7.142	-0.179475
7.143	-0.129744
7.144	-0.396889
7.145	0.177569
7.146	-0.045584
7.147	-0.137395
7.148	0.203709
7.149	0.043358
7.15	0.144096
7.151	0.079382
7.152	-0.065349
7.153	0.126244
7.154	0.117955
7.155	0.075875
7.156	0.102334
7.157	-0.04399
7.158	0.15079
7.159	0.227937
7.16	-0.034745
7.161	0.286276
7.162	0.039852
7.163	-0.188082
7.164	0.023594
7.165	0.012755
7.166	0.010204
7.167	-0.002228
7.168	0.003829
7.169	-0.1256
7.17	-0.335044
7.171	0.018493
7.172	-0.357041
7.173	0.042402
7.174	-0.494439
7.175	-0.093721
7.176	0.020724
7.177	-0.192864
7.178	-0.238132
7.179	0.081932
7.18	-0.0255
7.181	-0.013386
7.182	0.144733
7.183	-0.016893
7.184	0.31146
7.185	-0.042077
7.186	0.017218
7.187	0.159398
7.188	0.06663
7.189	0.031563
7.19	0.107435
7.191	0.020087
7.192	0.185857
7.193	0.277031
7.194	-0.242914
7.195	0.142821
7.196	0.095002
7.197	-0.093721
7.198	0.036983
7.199	0.089583
7.2	0.038258
7.201	0.137401
7.202	-0.175968
7.203	-0.291051
7.204	-0.153972
7.205	-0.055785
7.206	-0.295195
7.207	0.090539
7.208	0.007973
7.209	-0.479774
7.21	0.113173
7.211	-0.262679
7.212	-0.111254
7.213	0.112536
7.214	-0.289138
7.215	0.190958
7.216	0.147284
7.217	0.025825
7.218	0.088945
7.219	0.012755
7.22	0.026463
7.221	0.27193
7.222	-0.037933
7.223	0.05356
7.224	0.092771
7.225	-0.137076
7.226	0.226343
7.227	0.070455
7.228	0.059298
7.229	0.11413
7.23	-0.150784
7.231	0.008929
7.232	0.020406
7.233	-0.03347
7.234	0.174381
7.235	-0.023906
7.236	-0.171824
7.237	-0.207529
7.238	-0.098184
7.239	-0.194777
7.24	-0.338551
7.241	0.058342
7.242	-0.166405
7.243	-0.010198
7.244	-0.021037
7.245	-0.187764
7.246	-0.170549
7.247	0.086076
7.248	-0.270649
7.249	0.344614
7.25	-0.025181
7.251	0.146646
7.252	0.080019
7.253	-0.04654
7.254	0.043358
7.255	0.105841
7.256	-0.025181
7.257	0.035389
7.258	0.173424
7.259	-0.10456
7.26	0.20881
7.261	0.109667
7.262	-0.073318
7.263	0.242602
7.264	-0.064711
7.265	-0.08065
7.266	0.017855
7.267	0.015305
7.268	0.008292
7.269	0.040171
7.27	-0.060248
7.271	-0.204978
7.272	-0.241958
7.273	-0.207847
7.274	-0.045902
7.275	-0.31241
7.276	0.189683
7.277	-0.226975
7.278	0.03507
7.279	-0.415698
7.28	0.051328
7.281	0.007973
7.282	-0.169593
7.283	0.189045
7.284	0.033795
7.285	0.079063
7.286	0.107754
7.287	-0.049409
7.288	0.089583
7.289	0.05356
7.29	0.11413
7.291	0.11413
7.292	-0.122731
7.293	0.086076
7.294	0.383825
7.295	-0.24132
7.296	0.299665
7.297	0.130707
7.298	-0.187764
7.299	0.062167
7.3	-0.127512
7.301	0.08512
7.302	-0.021993
7.303	-0.10966
7.304	-0.119224
7.305	-0.32038
7.306	0.025506
7.307	-0.307628
7.308	0.072687
7.309	-0.333131
7.31	-0.022312
7.311	0.021681
7.312	-0.161623
7.313	-0.23622
7.314	0.116361
7.315	-0.10966
7.316	-0.055147
7.317	0.141864
7.318	-0.023268
7.319	0.246108
7.32	-0.04654
7.321	0.017537
7.322	0.177569
7.323	-0.020081
7.324	-0.021993
7.325	0.225387
7.326	0.001597
7.327	0.146965
7.328	-0.007329
7.329	-0.148553
7.33	0.146327
7.331	0.00606
7.332	-0.109341
7.333	0.030607
7.334	-0.08607
7.335	-0.072043
7.336	-0.10711
7.337	-0.140583
7.338	-0.09659
7.339	-0.162898
7.34	-0.044946
7.341	0.078106
7.342	0.07715
7.343	-0.08607
7.344	-0.33345
7.345	-0.027732
7.346	-0.211035
7.347	-0.159073
7.348	0.002553
7.349	-0.163217
7.35	0.120187
7.351	-0.04654
7.352	0.098509
7.353	0.036664
7.354	0.092452
7.355	0.057704
7.356	0.220286
7.357	0.139314
7.358	0.052603
7.359	0.072049
7.36	-0.15971
7.361	0.283088
7.362	0.059298
7.363	0.123056
7.364	0.205303
7.365	-0.149509
7.366	0.03762
7.367	-0.065667
7.368	-0.019762
7.369	0.064717
7.37	0.002235
7.371	-0.110617
7.372	-0.126237
7.373	-0.206253
7.374	-0.065349
7.375	-0.180113
7.376	0.222199
7.377	-0.32293
7.378	-0.012748
7.379	-0.142814
7.38	-0.143133
7.381	-0.258854
7.382	0.110304
7.383	-0.160667
7.384	0.220286
7.385	0.000322
7.386	0.170874
7.387	0.105522
7.388	-0.000634
7.389	0.013073
7.39	0.125606
7.391	0.120187
7.392	-0.087983
7.393	0.173106
7.394	0.011798
7.395	0.306359
7.396	-0.16513
7.397	0.070137
7.398	0.208172
7.399	-0.159073
7.4	0.028375
7.401	0.06663
7.402	-0.003504
7.403	-0.008923
7.404	-0.068855
7.405	-0.1782
7.406	-0.128469
7.407	-0.141539
7.408	-0.099459
7.409	-0.028688
7.41	-0.27288
7.411	0.057066
7.412	-0.158754
7.413	-0.128788
7.414	-0.369155
7.415	0.20084
7.416	-0.150465
7.417	-0.012748
7.418	0.028057
7.419	0.038895
7.42	0.045909
7.421	0.186176
7.422	-0.040164
7.423	0.006698
7.424	0.125925
7.425	0.006698
7.426	0.204028
7.427	-0.125281
7.428	0.111898
7.429	0.265554
7.43	-0.147596
7.431	0.199884
7.432	0.021043
7.433	-0.105197
7.434	0.027419
7.435	-0.0255
7.436	0.042402
7.437	-0.072362
7.438	-0.050684
7.439	-0.046221
7.44	-0.233669
7.441	0.009248
7.442	-0.075869
7.443	0.080976
7.444	-0.322611
7.445	0.071412
7.446	0.061848
7.447	-0.091489
7.448	-0.296152
7.449	0.118911
7.45	-0.09914
7.451	-0.072681
7.452	0.151747
7.453	0.028375
7.454	0.270655
7.455	-0.069812
7.456	0.056429
7.457	0.186495
7.458	0.044634
7.459	-0.026138
7.46	0.291057
7.461	0.023275
7.462	0.102972
7.463	0.255991
7.464	-0.225699
7.465	0.215186
7.466	0.080019
7.467	-0.084795
7.468	0.062805
7.469	-0.127194
7.47	0.145052
7.471	0.051647
7.472	-0.131976
7.473	-0.02295
7.474	-0.184894
7.475	-0.052916
7.476	-0.506553
7.477	0.350352
7.478	-0.278618
7.479	-0.013705
7.48	0.056748
7.481	-0.189358
7.482	-0.268417
7.483	0.147602
7.484	-0.231119
7.485	0.153978
7.486	-0.061204
7.487	0.138358
7.488	0.111898
7.489	0.087351
7.49	0.032201
7.491	0.149515
7.492	0.18777
7.493	0.106797
7.494	0.122737
7.495	-0.132294
7.496	0.209129
7.497	0.147284
7.498	0.042721
7.499	0.105522
7.5	-0.101053
7.501	0.00861
7.502	0.047503
7.503	-0.080969
7.504	0.117317
7.505	0.020406
7.506	-0.097546
7.507	-0.158754
7.508	-0.05706
7.509	-0.039527
7.51	-0.469254
7.511	0.227937
7.512	-0.214861
7.513	-0.236857
7.514	-0.002866
7.515	-0.219642
7.516	-0.212948
7.517	0.055791
7.518	-0.240364
7.519	0.24292
7.52	0.017537
7.521	0.127838
7.522	0.146327
7.523	-0.048453
7.524	0.077788
7.525	0.090539
7.526	-0.004779
7.527	-0.069493
7.528	0.272568
7.529	-0.089895
7.53	0.205622
7.531	0.032201
7.532	-0.035701
7.533	0.217098
7.534	-0.13867
7.535	0.01148
7.536	-0.012748
7.537	-0.037295
7.538	-0.072681
7.539	-0.114761
7.54	-0.090852
7.541	-0.215817
7.542	-0.106154
7.543	0.022956
7.544	-0.136757
7.545	-0.250246
7.546	0.080019
7.547	-0.176606
7.548	-0.09404
7.549	-0.438013
7.55	0.139633
7.551	-0.005097
7.552	-0.165448
7.553	0.151747
7.554	0.073325
7.555	0.111579
7.556	0.167367
7.557	-0.0781
7.558	0.175337
7.559	0.173424
7.56	0.017855
7.561	0.164498
7.562	-0.005416
7.563	-0.015936
7.564	0.168324
7.565	0.017218
7.566	0.179481
7.567	0.089264
7.568	-0.152697
7.569	0.04559
7.57	0.046546
7.571	0.061211
7.572	0.041446
7.573	-0.148871
7.574	-0.020718
7.575	-0.282763
7.576	-0.063117
7.577	-0.32293
7.578	-0.072362
7.579	-0.265548
7.58	-0.039845
7.581	-0.122093
7.582	-0.207847
7.583	-0.232713
7.584	0.026463
7.585	-0.047178
7.586	-0.163854
7.587	0.163542
7.588	0.04814
7.589	0.257903
7.59	-0.047815
7.591	0.026781
7.592	0.166411
7.593	0.09309
7.594	0.050053
7.595	0.168643
7.596	0.207216
7.597	-0.029963
7.598	0.478824
7.599	-0.207847
7.6	0.264279
7.601	0.130069
7.602	-0.200196
7.603	-0.029963
7.604	0.054835
7.605	-0.006373
7.606	-0.19669
7.607	-0.008604
7.608	-0.166086
7.609	-0.232075
7.61	0.003829
7.611	-0.193183
7.612	0.034114
7.613	-0.116036
7.614	-0.208166
7.615	0.063123
7.616	-0.143452
7.617	-0.303484
7.618	0.185857
7.619	-0.105197
7.62	0.149834
7.621	-0.026775
7.622	0.080338
7.623	0.076831
7.624	0.098509
7.625	-0.024225
7.626	0.081932
7.627	0.10871
7.628	0.082251
7.629	0.164179
7.63	-0.190951
7.631	0.17725
7.632	0.112536
7.633	-0.053235
7.634	0.098509
7.635	-0.075231
7.636	-0.02295
7.637	0.030607
7.638	0.03507
7.639	-0.09659
7.64	0.013392
7.641	-0.07013
7.642	-0.131657
7.643	-0.184894
7.644	-0.136439
7.645	-0.282444
7.646	0.090539
7.647	-0.11508
7.648	-0.314323
7.649	0.133257
7.65	-0.163217
7.651	-0.184576
7.652	0.086714
7.653	-0.251203
7.654	0.304765
7.655	0.072368
7.656	0.132301
7.657	0.136764
7.658	-0.099459
7.659	0.008929
7.66	0.156529
7.661	0.191914
7.662	-0.007329
7.663	0.150153
7.664	0.013711
7.665	0.255353
7.666	-0.051003
7.667	0.064399
7.668	0.118274
7.669	-0.103285
7.67	0.044315
7.671	0.020724
7.672	-0.043033
7.673	0.053241
7.674	-0.208485
7.675	-0.079375
7.676	-0.205935
7.677	-0.159073
7.678	0.105203
7.679	-0.159391
7.68	-0.289138
7.681	0.063442
7.682	-0.094677
7.683	-0.073956
7.684	-0.410597
7.685	0.1747
7.686	-0.097228
7.687	-0.037295
7.688	0.137082
7.689	0.019768
7.69	0.021043
7.691	0.160673
7.692	-0.134526
7.693	0.155891
7.694	0.225387
7.695	-0.012111
7.696	0.199565
7.697	-0.012111
7.698	-0.075231
7.699	0.285638
7.7	-0.0781
7.701	0.24037
7.702	0.128794
7.703	-0.106472
7.704	0.069818
7.705	-0.045902
7.706	0.076831
7.707	0.009248
7.708	-0.07013
7.709	-0.040483
7.71	-0.177244
7.711	-0.199878
7.712	-0.105197
7.713	-0.203065
7.714	0.127838
7.715	-0.151422
7.716	-0.332175
7.717	-0.000316
7.718	-0.269055
7.719	-0.103285
7.72	0.116042
7.721	-0.31241
7.722	0.318792
7.723	0.038577
7.724	0.182988
7.725	0.019449
7.726	-0.024225
7.727	0.068543
7.728	0.13517
7.729	0.158441
7.73	0.051328
7.731	0.043996
7.732	0.05866
7.733	0.426862
7.734	-0.25439
7.735	0.117636
7.736	0.12465
7.737	-0.19924
7.738	0.044952
7.739	0.056429
7.74	-0.078419
7.741	-0.041121
7.742	-0.166724
7.743	-0.273199
7.744	-0.153016
7.745	-0.082244
7.746	-0.489019
7.747	0.078425
7.748	0.106479
7.749	-0.485513
7.75	0.043358
7.751	-0.237495
7.752	-0.282125
7.753	0.084482
7.754	-0.195415
7.755	0.177569
7.756	0.044634
7.757	0.066311
7.758	0.04814
7.759	0.111898
7.76	0.040171
7.761	0.172149
7.762	0.028057
7.763	0.078106
7.764	0.104566
7.765	-0.062161
7.766	0.233675
7.767	0.128156
7.768	0.10074
7.769	0.1272
7.77	-0.171187
7.771	-0.009561
7.772	-0.010836
7.773	0.029013
7.774	0.11923
7.775	-0.18075
7.776	-0.123049
7.777	-0.107748
7.778	-0.108385
7.779	-0.102966
7.78	-0.35194
7.781	0.249296
7.782	-0.279256
7.783	-0.06758
7.784	-0.036976
7.785	-0.194458
7.786	-0.283082
7.787	0.07715
7.788	-0.253115
7.789	0.163223
7.79	0.068862
7.791	0.130388
7.792	0.136126
7.793	-0.102966
7.794	0.080338
7.795	0.100422
7.796	-0.158116
7.797	0.041446
7.798	0.278944
7.799	-0.043033
7.8	0.177887
7.801	0.138995
7.802	-0.155566
7.803	0.25344
7.804	-0.044309
7.805	-0.07013
7.806	0.008292
7.807	0.079063
7.808	-0.044309
7.809	-0.175968
7.81	-0.076825
7.811	-0.292326
7.812	-0.15461
7.813	0.023275
7.814	-0.015618
7.815	-0.055147
7.816	-0.099778
7.817	-0.384456
7.818	0.094683
7.819	-0.332175
7.82	-0.042715
7.821	0.046546
7.822	-0.152059
7.823	0.202753
7.824	0.026463
7.825	0.123056
7.826	0.049097
7.827	-0.010198
7.828	0.023912
7.829	0.040808
7.83	0.099784
7.831	0.139951
7.832	-0.066943
7.833	0.004466
7.834	0.428137
7.835	-0.28085
7.836	0.302534
7.837	0.119868
7.838	-0.170549
7.839	0.046865
7.84	0.000641
7.841	0.000641
7.842	-0.008923
7.843	-0.057698
7.844	-0.119862
7.845	-0.234307
7.846	0.03762
7.847	-0.275112
7.848	-0.045584
7.849	-0.221555
7.85	-0.050366
7.851	-0.044309
7.852	-0.034107
7.853	-0.181707
7.854	0.050691
7.855	-0.035382
7.856	-0.145683
7.857	0.245152
7.858	0.022318
7.859	0.207854
7.86	-0.011792
7.861	-0.00191
7.862	0.1747
7.863	0.048778
7.864	0.034751
7.865	0.044952
7.866	0.082569
7.867	0.070455
7.868	0.121143
7.869	-0.254709
7.87	0.314329
7.871	0.150153
7.872	-0.255984
7.873	0.075237
7.874	-0.054829
7.875	0.072049
7.876	0.11413
7.877	-0.269692
7.878	-0.035382
7.879	-0.24387
7.88	-0.024862
7.881	-0.331219
7.882	0.360872
7.883	-0.152378
7.884	-0.097865
7.885	0.068862
7.886	-0.273837
7.887	-0.216773
7.888	0.09819
7.889	-0.25184
7.89	0.069818
7.891	-0.07555
7.892	0.176931
7.893	0.102334
7.894	0.117636
7.895	0.026781
7.896	0.213592
7.897	0.207535
7.898	0.051966
7.899	0.085439
7.9	-0.050366
7.901	0.200521
7.902	-0.00701
7.903	0.061211
7.904	0.188089
7.905	-0.066305
7.906	0.006698
7.907	-0.065349
7.908	-0.064711
7.909	0.126244
7.91	-0.052278
7.911	-0.131338
7.912	-0.16513
7.913	-0.164811
7.914	0.033157
7.915	-0.307947
7.916	0.314329
7.917	-0.319423
7.918	-0.197646
7.919	0.01148
7.92	-0.183301
7.921	-0.26236
7.922	0.09022
7.923	-0.279256
7.924	0.204347
7.925	0.040171
7.926	0.014986
7.927	0.175656
7.928	-0.119224
7.929	0.00861
7.93	0.113811
7.931	0.071731
7.932	0.024869
7.933	0.214867
7.934	-0.13612
7.935	0.257903
7.936	0.01403
7.937	-0.020718
7.938	0.125287
7.939	-0.119862
7.94	-0.047178
7.941	0.015943
7.942	0.012436
7.943	-0.032195
7.944	-0.145365
7.945	-0.096909
7.946	-0.246102
7.947	-0.102009
7.948	-0.000953
7.949	0.06408
7.95	-0.084157
7.951	-0.040802
7.952	-0.526636
7.953	0.029332
7.954	-0.314323
7.955	-0.065667
7.956	-0.015936
7.957	-0.160985
7.958	0.185857
7.959	0.071412
7.96	0.028375
7.961	0.035707
7.962	0.000322
7.963	0.110304
7.964	0.151428
7.965	0.041764
7.966	0.173424
7.967	-0.011792
7.968	0.020406
7.969	0.367248
7.97	-0.156203
7.971	0.290739
7.972	0.143458
7.973	-0.234944
7.974	0.05611
7.975	-0.031557
7.976	-0.029644
7.977	0.088626
7.978	-0.024862
7.979	-0.122412
7.98	-0.258216
7.981	-0.010517
7.982	-0.184576
7.983	-0.261085
