7.308	-0.133888
7.309	0.047503
7.31	-0.29392
7.311	0.288826
7.312	0.08512
7.313	0.121143
7.314	-0.017849
7.315	0.099465
7.316	0.033157
7.317	0.077469
7.318	0.146327
7.319	-0.010517
7.32	0.063761
7.321	0.082251
7.322	0.381275
7.323	-0.230481
7.324	0.072687
7.325	0.216461
7.326	-0.149828
7.327	-0.058016
7.328	0.062805
7.329	-0.073637
7.33	-0.041439
7.331	-0.052916
7.332	-0.250565
7.333	-0.367561
7.334	0.047503
7.335	0.180119
7.336	0.076194
7.337	-0.425261
7.338	0.211679
7.339	0.029332
7.34	-0.083201
7.341	-0.419523
7.342	0.089583
7.343	0.034114
7.344	-0.126237
7.345	0.189364
7.346	0.008292
7.347	0.190639
7.348	0.034114
7.349	0.021043
7.35	0.090539
7.351	0.120187
7.352	0.157804
7.353	0.018174
7.354	0.031244
7.355	0.307953
7.356	-0.005735
7.357	-0.003185
7.358	0.069818
7.359	-0.085114
7.36	0.06408
7.361	-0.060567
7.362	0.027419
7.363	-0.01753
7.364	-0.081288
7.365	-0.090214
7.366	-0.18075
7.367	-0.054829
7.368	-0.181388
7.369	0.097234
7.37	-0.400077
7.371	0.047503
7.372	-0.226018
7.373	0.015305
7.374	-0.207529
7.375	0.089583
7.376	-0.024225
7.377	-0.337276
7.378	0.253759
7.379	0.104247
7.38	0.082251
7.381	0.147921
7.382	-0.09659
7.383	0.142502
7.384	0.158122
7.385	0.038895
7.386	0.158122
7.387	0.03762
7.388	-0.020718
7.389	0.322618
7.39	-0.124643
7.391	0.139314
7.392	0.067586
7.393	-0.085114
7.394	0.120505
7.395	0.015624
7.396	0.065355
7.397	-0.026456
7.398	-0.001272
7.399	-0.14919
7.4	-0.124643
7.401	-0.125919
7.402	0.032201
7.403	-0.576367
7.404	-0.038889
7.405	-0.306672
7.406	-0.278618
7.407	0.029332
7.408	-0.314323
7.409	-0.032513
7.41	0.151428
7.411	-0.440563
7.412	0.3325
7.413	0.050053
7.414	0.162586
7.415	0.105522
7.416	-0.021993
7.417	0.050372
7.418	0.051966
7.419	0.063123
7.42	0.099147
7.421	0.117317
7.422	0.008292
7.423	0.26396
7.424	-0.240683
7.425	0.150472
7.426	0.190639
7.427	-0.095634
7.428	-0.039845
7.429	0.197015
7.43	-0.099459
7.431	-0.05451
7.432	0.104247
7.433	-0.203065
7.434	-0.394339
7.435	0.091496
7.436	-0.449808
7.437	0.142183
7.438	-0.240683
7.439	0.034751
7.44	-0.133888
7.441	-0.102328
7.442	-0.362141
7.443	0.141864
7.444	0.082888
7.445	-0.198284
7.446	0.235588
7.447	0.076194
7.448	0.073325
7.449	0.051328
7.45	0.023594
7.451	0.089583
7.452	0.112217
7.453	0.11126
7.454	-0.049409
7.455	0.051328
7.456	0.172468
7.457	0.306997
7.458	-0.118268
7.459	0.224431
7.46	-0.054191
7.461	0.038577
7.462	0.065355
7.463	-0.093721
7.464	0.096596
7.465	-0.033151
7.466	-0.072043
7.467	-0.14919
7.468	-0.182344
7.469	0.068862
7.47	-0.303165
7.471	0.386057
7.472	-0.329943
7.473	-0.420798
7.474	-0.003504
7.475	-0.053553
7.476	-0.256622
7.477	0.2324
7.478	-0.287226
7.479	0.175337
7.48	0.161629
7.481	0.001278
7.482	0.096277
7.483	-0.010517
7.484	0.000959
7.485	0.079382
7.486	0.139951
7.487	-0.080332
7.488	0.130707
7.489	0.046865
7.49	0.26683
7.491	-0.036339
7.492	0.064717
7.493	-0.002866
7.494	-0.058654
7.495	0.067268
7.496	-0.015618
7.497	0.11923
7.498	-0.051003
7.499	-0.087026
7.5	-0.130382
7.501	-0.172781
7.502	-0.124962
7.503	0.16928
7.504	0.090858
7.505	-0.197965
7.506	0.067905
7.507	-0.389238
7.508	0.007973
7.509	-0.283082
7.51	0.038577
7.511	-0.050047
7.512	-0.273518
7.513	0.201159
7.514	0.025506
7.515	0.125925
7.516	0.086076
7.517	-0.040483
7.518	0.129431
7.519	0.070137
7.52	0.103291
7.521	0.173743
7.522	0.051647
7.523	-0.008604
7.524	0.469898
7.525	-0.150465
7.526	0.078425
7.527	0.127519
7.528	-0.100415
7.529	0.051328
7.53	-0.08607
7.531	-0.000634
7.532	0.031244
7.533	-0.131976
7.534	-0.148871
7.535	-0.248334
7.536	-0.100734
7.537	0.018493
7.538	0.010204
7.539	0.233038
7.54	-0.269055
7.541	-0.165448
7.542	0.020724
7.543	-0.138989
7.544	-0.177244
7.545	-0.048453
7.546	-0.176287
7.547	0.26141
7.548	0.017855
7.549	0.21678
7.55	0.00861
7.551	0.122418
7.552	-0.00446
7.553	0.06408
7.554	0.116042
7.555	0.080976
7.556	0.170874
7.557	-0.003504
7.558	0.35099
7.559	-0.212948
7.56	0.113811
7.561	0.228575
7.562	-0.122093
7.563	-0.135163
7.564	0.131663
7.565	-0.07555
7.566	-0.230481
7.567	0.113173
7.568	-0.204341
7.569	-0.334088
7.57	-0.010836
7.571	-0.201472
7.572	-0.023587
7.573	-0.198921
7.574	-0.026775
7.575	-0.109979
7.576	0.059617
7.577	-0.368517
7.578	0.131982
7.579	-0.026456
7.58	-0.352578
7.581	0.401677
7.582	-0.08352
7.583	0.009567
7.584	0.024869
7.585	0.023912
7.586	0.082569
7.587	0.026781
7.588	0.089264
7.589	-0.100415
7.59	0.086395
7.591	0.192552
7.592	0.046546
7.593	0.072687
7.594	0.136764
7.595	-0.073637
7.596	0.048459
7.597	0.089583
7.598	-0.070768
7.599	0.015943
7.6	-0.110935
7.601	-0.139308
7.602	-0.211992
7.603	-0.068855
7.604	-0.075231
7.605	-0.107429
7.606	0.211998
7.607	-0.127194
7.608	-0.505915
7.609	0.062167
7.61	-0.321336
7.611	-0.019124
7.612	0.146646
7.613	-0.365967
7.614	0.255672
7.615	0.126881
7.616	0.055472
7.617	0.121143
7.618	-0.042077
7.619	0.058023
7.62	0.164498
7.621	0.088308
7.622	0.052603
7.623	0.124012
7.624	-0.098184
7.625	0.4326
7.626	-0.087345
7.627	0.128156
7.628	0.098828
7.629	-0.143133
7.63	0.070455
7.631	0.023275
7.632	0.012755
7.633	-0.023906
7.634	0.009248
7.635	-0.102328
7.636	-0.131657
7.637	-0.142496
7.638	0.043996
7.639	-0.269374
7.64	0.126881
7.641	-0.215817
7.642	-0.363735
7.643	0.123374
7.644	-0.231438
7.645	-0.126556
7.646	0.143139
7.647	-0.357997
7.648	0.360553
7.649	0.06663
7.65	0.070455
7.651	0.130069
7.652	0.04304
7.653	0.051966
7.654	0.031244
7.655	0.16928
7.656	-0.016574
7.657	-0.0255
7.658	0.277668
7.659	0.075875
7.66	-0.130382
7.661	0.121462
7.662	0.029332
7.663	0.047821
7.664	-0.03857
7.665	0.028057
7.666	0.025187
7.667	-0.090852
7.668	-0.020081
7.669	-0.352896
7.67	-0.117311
7.671	0.061529
7.672	-0.158754
7.673	0.326762
7.674	-0.183619
7.675	-0.344927
7.676	-0.05706
7.677	-0.061523
7.678	-0.182982
7.679	0.168324
7.68	-0.108066
7.681	3.128e-06
7.682	-0.02295
7.683	0.085439
7.684	0.036664
7.685	0.08512
7.686	0.028057
7.687	0.139951
7.688	0.144415
7.689	0.031563
7.69	0.092452
7.691	-0.123049
7.692	0.251209
7.693	0.108073
7.694	-0.080332
7.695	0.076831
7.696	0.039852
7.697	-0.008923
7.698	0.06408
7.699	0.06408
7.7	-0.030919
7.701	-0.016893
7.702	-0.173737
7.703	-0.20721
7.704	-0.114442
7.705	0.03507
7.706	-0.573498
7.707	0.123056
7.708	0.020406
7.709	-0.389557
7.71	0.091177
7.711	-0.186488
7.712	-0.026138
7.713	0.053878
7.714	-0.265548
7.715	0.244833
7.716	0.110942
7.717	0.036026
7.718	0.141227
7.719	-0.03857
7.72	0.089264
7.721	0.221561
7.722	0.039214
7.723	-0.041121
7.724	0.125287
7.725	0.043358
7.726	0.233675
7.727	0.004785
7.728	0.080976
7.729	-0.002547
7.73	0.043677
7.731	0.006698
7.732	-0.005097
7.733	0.129431
7.734	-0.086389
7.735	-0.150146
7.736	-0.043352
7.737	-0.131019
7.738	-0.22028
7.739	0.055472
7.74	-0.032195
7.741	-0.145683
7.742	0.153659
7.743	-0.381269
7.744	-0.087026
7.745	-0.256303
7.746	-0.079375
7.747	-0.047496
7.748	-0.173099
7.749	0.097234
7.75	0.154616
7.751	0.072368
7.752	0.146327
7.753	-0.070768
7.754	0.153341
7.755	0.121781
7.756	0.005741
7.757	0.252484
7.758	0.053878
7.759	-0.010517
7.76	0.099465
7.761	0.002872
7.762	0.138995
7.763	0.14569
7.764	0.045271
7.765	-0.139945
7.766	0.061529
7.767	0.078425
7.768	-0.168636
7.769	0.124331
7.77	-0.174693
7.771	-0.197327
7.772	-0.143133
7.773	-0.006373
7.774	-0.229525
7.775	0.201159
7.776	-0.289138
7.777	-0.114442
7.778	0.022956
7.779	-0.214223
7.78	-0.230481
7.781	0.028375
7.782	-0.113486
7.783	0.186176
7.784	-0.001272
7.785	0.2324
7.786	-0.001591
7.787	0.087351
7.788	-0.018805
7.789	0.057385
7.79	0.199246
7.791	-0.004779
7.792	0.166092
7.793	-0.016893
7.794	0.193827
7.795	0.007654
7.796	0.074281
7.797	0.244196
7.798	-0.075869
7.799	-0.221555
7.8	0.166411
7.801	-0.062161
7.802	-0.017211
7.803	0.145371
7.804	-0.197965
7.805	-0.354171
7.806	0.028375
7.807	-0.151103
7.808	-0.28085
7.809	-0.2834
7.81	0.143458
7.811	-0.153016
7.812	0.062805
7.813	-0.39147
7.814	0.075237
7.815	0.103291
7.816	-0.20721
7.817	0.285
7.818	0.054835
7.819	0.138676
7.82	0.073325
7.821	0.018174
7.822	0.078744
7.823	0.146327
7.824	0.159716
7.825	0.047821
7.826	0.118911
7.827	0.309228
7.828	0.157485
7.829	-0.0255
7.83	0.099784
7.831	-0.027094
7.832	0.060892
7.833	-0.027094
7.834	-0.044946
7.835	0.008292
7.836	-0.045584
7.837	-0.113167
7.838	-0.253753
7.839	-0.141858
7.84	-0.145365
7.841	-0.54927
7.842	0.049734
7.843	0.047184
7.844	-0.447258
7.845	0.043358
7.846	-0.245783
7.847	0.007654
7.848	0.106479
7.849	-0.39402
7.85	0.342383
7.851	0.105522
7.852	-0.051641
7.853	0.127838
7.854	-0.051322
7.855	0.019449
7.856	0.142183
7.857	0.101697
7.858	-0.051003
7.859	0.079063
7.86	0.057066
7.861	0.308591
7.862	-0.072362
7.863	0.113173
7.864	0.009248
7.865	0.025825
7.866	0.004147
7.867	-0.017211
7.868	0.070137
7.869	-0.057698
7.87	-0.102009
7.871	-0.063755
7.872	-0.147596
7.873	-0.172462
7.874	-0.026138
7.875	0.027738
7.876	-0.126875
7.877	-0.026775
7.878	-0.260129
7.879	0.014986
7.88	-0.266504
7.881	0.022637
7.882	-0.101691
7.883	-0.299659
7.884	0.254397
7.885	0.036664
7.886	0.132938
7.887	0.055472
7.888	0.000322
7.889	0.117636
7.89	0.148559
7.891	0.105203
7.892	0.135488
7.893	-0.042077
7.894	0.158122
7.895	0.163861
7.896	-0.149509
7.897	0.114448
7.898	0.077788
7.899	0.084163
7.9	-0.100097
7.901	0.092133
7.902	0.065036
7.903	-0.064392
7.904	-0.00191
7.905	-0.217092
7.906	-0.226018
7.907	0.079382
7.908	-0.218367
7.909	0.021043
7.91	-0.056741
7.911	-0.081607
7.912	-0.191589
7.913	-0.064392
7.914	-0.313366
7.915	0.077469
7.916	-0.016893
7.917	-0.181069
7.918	0.083207
7.919	0.1272
7.92	0.057066
7.921	0.160035
7.922	-0.027094
7.923	0.126244
7.924	0.14569
7.925	-0.037933
7.926	0.092133
7.927	0.007016
7.928	0.228894
7.929	0.188726
7.93	-0.064711
7.931	0.122418
7.932	-0.052278
7.933	0.120824
7.934	-0.020081
7.935	-0.01498
7.936	0.087033
7.937	-0.063436
7.938	-0.079375
7.939	-0.170549
7.94	-0.156841
7.941	-0.176606
7.942	-0.357041
7.943	-0.086707
7.944	0.071412
7.945	-0.226337
7.946	-0.074593
7.947	-0.209122
7.948	-0.037295
7.949	0.02455
7.95	-0.163854
7.951	0.113492
7.952	0.131663
7.953	-0.036658
7.954	0.075556
7.955	0.104566
7.956	0.162267
7.957	0.125925
7.958	0.145052
7.959	-0.001591
7.96	0.079382
7.961	0.023594
7.962	0.25089
7.963	-0.051003
7.964	0.204666
7.965	0.026463
7.966	-0.066943
7.967	0.078425
7.968	-0.003822
7.969	0.088945
7.97	-0.029644
7.971	-0.09659
7.972	-0.052597
7.973	-0.175012
7.974	-0.047496
7.975	0.272887
7.976	-0.219961
7.977	-0.145046
7.978	-0.101691
7.979	-0.289776
7.98	-0.064073
7.981	-0.265867
7.982	0.066949
7.983	-0.008604
7.984	-0.14664
7.985	0.033157
7.986	0.203072
7.987	0.016899
7.988	0.146646
7.989	-0.073318
7.99	0.175018
7.991	0.070774
7.992	0.022956
7.993	0.205622
7.994	-0.121137
7.995	0.028375
7.996	0.144415
7.997	-0.04654
7.998	0.178206
7.999	0.076831
8	-0.00446
8.001	-0.084795
8.002	0.048778
8.003	0.068862
8.004	-0.048453
8.005	-0.0255
8.006	-0.146321
8.007	-0.161623
8.008	-0.189676
8.009	-0.196052
8.01	-0.229525
8.011	-0.121774
8.012	0.024869
8.013	-0.183301
8.014	0.102334
8.015	-0.402946
8.016	0.020724
8.017	0.015624
8.018	-0.34142
8.019	0.287232
8.02	0.130707
8.021	0.070455
8.022	0.089264
8.023	-0.013705
8.024	0.118911
8.025	0.211041
8.026	0.152384
8.027	0.062486
8.028	0.025825
8.029	0.173424
8.03	0.27448
8.031	-0.094358
8.032	0.126562
8.033	0.032838
8.034	-0.04909
8.035	-0.065349
8.036	0.019449
8.037	-0.028369
8.038	0.029332
8.039	-0.082244
8.04	-0.197008
8.041	-0.237495
8.042	-0.028688
8.043	0.176612
8.044	-0.091489
8.045	-0.080332
8.046	-0.245146
8.047	-0.097228
8.048	-0.043033
8.049	-0.372342
8.05	0.183626
8.051	-0.021037
8.052	-0.071087
8.053	0.115086
8.054	0.084163
8.055	0.040808
8.056	0.130388
8.057	0.005423
8.058	0.064399
8.059	0.109667
8.06	0.01148
8.061	0.099147
8.062	-0.025181
8.063	0.276712
8.064	-0.050366
8.065	0.045909
8.066	0.031563
8.067	-0.088939
8.068	0.122737
8.069	0.037939
8.07	0.102653
8.071	-0.021993
8.072	-0.052278
8.073	-0.120499
8.074	-0.202428
8.075	-0.053235
8.076	-0.066305
8.077	-0.019762
8.078	-0.177562
8.079	0.107435
8.08	-0.481368
8.081	-0.069174
8.082	-0.25439
8.083	-0.037933
8.084	-0.010836
8.085	-0.170549
8.086	0.026144
8.087	0.219649
8.088	-0.004141
8.089	0.135807
8.09	-0.07555
8.091	0.158122
8.092	0.094365
8.093	0.007016
8.094	0.159079
8.095	0.029013
8.096	-0.062161
8.097	0.265554
8.098	-0.079375
8.099	0.097234
8.1	0.098828
8.101	-0.021993
8.102	0.036026
8.103	0.081294
8.104	-0.023906
8.105	0.014667
8.106	-0.010517
8.107	-0.152697
8.108	-0.166405
8.109	-0.248334
8.11	0.113173
8.111	-0.650645
8.112	0.014667
8.113	-0.077463
8.114	-0.320699
8.115	0.10074
8.116	-0.301252
8.117	-0.125919
8.118	0.12975
8.119	-0.332175
8.12	0.14569
8.121	0.160035
8.122	0.088945
8.123	0.088945
8.124	0.029332
8.125	0.010523
8.126	0.153659
8.127	0.141864
8.128	0.209448
8.129	0.06408
8.13	0.051966
8.131	0.281813
8.132	-0.182663
8.133	0.194783
8.134	0.229212
8.135	-0.121137
8.136	-0.029007
8.137	0.050372
8.138	0.000322
8.139	-0.011473
8.14	-0.014661
8.141	-0.202109
8.142	-0.266504
8.143	-0.018805
8.144	0.000959
8.145	-0.066624
8.146	-0.04654
8.147	0.013392
8.148	-0.126875
8.149	0.00861
8.15	-0.353534
8.151	0.175018
8.152	0.040171
8.153	-0.101372
8.154	0.061529
8.155	0.143139
8.156	0.044634
8.157	0.182669
8.158	-0.042077
8.159	0.167686
8.16	0.076512
8.161	0.121462
8.162	0.067268
8.163	-0.150146
8.164	0.160673
8.165	0.074919
8.166	-0.095634
8.167	0.124968
8.168	-0.029644
8.169	0.060892
8.17	0.002553
8.171	0.041127
8.172	0.037301
8.173	-0.069174
8.174	-0.047815
8.175	-0.153653
8.176	-0.202109
8.177	0.151747
8.178	-0.327074
8.179	0.069818
8.18	-0.118586
8.181	-0.472761
8.182	0.087351
8.183	-0.311773
8.184	-0.084476
8.185	0.065036
8.186	-0.179794
8.187	0.167049
8.188	0.09022
8.189	0.029013
8.19	0.088626
8.191	0.023594
8.192	0.047503
8.193	0.199246
8.194	0.032838
8.195	0.121143
8.196	0.051009
8.197	-0.098821
8.198	0.324849
8.199	-0.151422
8.2	0.099465
8.201	0.143139
8.202	-0.118905
8.203	0.040808
8.204	-0.034107
8.205	0.06408
8.206	0.018174
8.207	0.002872
8.208	-0.155247
8.209	-0.174693
8.21	-0.195733
8.211	-0.0781
8.212	-0.245783
8.213	0.00606
8.214	-0.101053
8.215	-0.387326
8.216	0.114767
8.217	-0.315917
8.218	0.000322
8.219	0.002553
8.22	-0.291051
8.221	0.240051
8.222	0.091814
8.223	0.09819
8.224	0.105841
8.225	-0.027413
8.226	0.073006
8.227	0.159079
8.228	0.138676
8.229	0.067586
8.23	-0.000316
8.231	0.102972
8.232	0.373943
8.233	-0.281806
8.234	0.2273
8.235	0.121462
8.236	-0.076187
8.237	-0.040483
8.238	0.042721
8.239	0.077788
8.24	-0.065986
8.241	-0.005735
8.242	-0.235582
8.243	-0.239089
8.244	0.056748
8.245	0.051966
8.246	0.013073
8.247	-0.108704
8.248	-0.164811
8.249	-0.229525
8.25	-0.074912
8.251	-0.268098
8.252	0.08767
8.253	-0.024225
8.254	-0.160029
8.255	0.035389
8.256	0.128475
8.257	0.05866
8.258	0.166092
8.259	-0.080969
8.26	0.166092
8.261	0.109667
8.262	0.034432
8.263	0.131344
8.264	-0.16513
8.265	0.224431
8.266	0.19032
8.267	-0.164173
8.268	0.113811
8.269	0.067268
8.27	0.00861
8.271	0.026781
8.272	0.121462
8.273	-0.005735
8.274	-0.034745
8.275	-0.055785
8.276	-0.181388
8.277	-0.196371
8.278	0.013711
8.279	-0.688581
8.28	-0.067261
8.281	-0.103603
8.282	-0.350665
8.283	0.061848
8.284	-0.248334
8.285	-0.086707
8.286	0.096277
8.287	-0.163536
8.288	0.100422
8.289	0.111579
8.29	0.032201
8.291	0.11668
8.292	0.042083
8.293	0.081613
8.294	0.186813
8.295	-0.017211
8.296	0.132938
8.297	0.116361
8.298	-0.017849
8.299	0.310504
8.3	-0.104878
8.301	0.104885
8.302	0.073006
8.303	0.015305
8.304	-0.022312
8.305	-0.000634
8.306	0.217417
8.307	-0.119543
8.308	0.055154
8.309	-0.18872
8.31	-0.14409
8.311	-0.161942
8.312	0.03507
8.313	-0.108704
8.314	-0.195096
8.315	0.030607
8.316	-0.261723
8.317	0.011798
8.318	-0.258854
8.319	-0.020718
8.32	-0.037295
8.321	-0.249609
8.322	0.1798
8.323	0.09819
8.324	0.058979
8.325	0.053241
8.326	-0.036339
8.327	0.136764
8.328	0.263642
8.329	0.028057
8.33	0.059298
8.331	0.01658
8.332	0.102972
8.333	0.309228
8.334	-0.183938
8.335	0.080976
8.336	0.057704
8.337	0.075875
8.338	-0.11508
8.339	0.064399
8.34	0.079382
8.341	-0.091171
8.342	-0.048453
8.343	-0.204978
8.344	-0.227293
8.345	-0.012748
8.346	0.102972
8.347	-0.034107
8.348	-0.091808
8.349	-0.065667
8.35	-0.460009
8.351	0.074281
8.352	-0.312729
8.353	-0.010517
8.354	0.064399
8.355	-0.16513
8.356	0.072368
8.357	0.121462
8.358	0.032838
8.359	0.155253
8.36	-0.027094
8.361	0.152703
8.362	0.154297
8.363	0.041764
8.364	0.159079
8.365	-0.14122
8.366	0.138358
8.367	0.282769
8.368	-0.22825
8.369	0.092452
8.37	0.046228
8.371	0.022
8.372	-0.026775
8.373	0.060254
8.374	0.064717
8.375	-0.045265
8.376	-0.140264
8.377	-0.21231
8.378	-0.234944
8.379	0.051009
8.38	-0.167999
8.381	-0.082882
8.382	0.018812
8.383	-0.344927
8.384	-0.088301
8.385	-0.05961
8.386	-0.276706
8.387	0.177569
8.388	-0.06758
8.389	-0.063436
8.39	0.115405
8.391	0.057385
8.392	-0.000316
8.393	0.122099
8.394	0.007016
8.395	0.18777
8.396	0.080657
8.397	-0.021356
8.398	0.161629
8.399	0.030926
8.4	0.16131
8.401	0.011161
8.402	-0.070449
8.403	0.092771
8.404	0.185538
8.405	-0.106154
8.406	0.002553
8.407	0.207854
8.408	-0.119543
8.409	-0.047178
8.41	-0.098503
8.411	-0.19924
8.412	-0.110617
8.413	0.107116
8.414	-0.18872
8.415	-0.099459
8.416	0.118593
8.417	-0.533331
8.418	0.002553
8.419	-0.282763
8.42	-0.108704
8.421	-0.061842
8.422	-0.122412
8.423	0.026463
8.424	0.14824
8.425	-0.017849
8.426	0.124012
8.427	-0.087026
8.428	0.131663
8.429	0.233038
8.43	0.03252
8.431	0.125606
8.432	-0.034107
8.433	0.147284
8.434	0.199246
8.435	-0.113486
8.436	0.104566
8.437	0.014667
8.438	0.084801
8.439	-0.01753
8.44	0.049097
8.441	0.130388
8.442	-0.091489
8.443	-0.035382
8.444	-0.165767
8.445	-0.170868
8.446	-0.144408
8.447	0.07715
8.448	0.128475
8.449	-0.100097
8.45	0.1798
8.451	-0.273518
8.452	-0.030282
8.453	-0.271605
8.454	-0.072043
8.455	-0.047815
8.456	-0.167361
8.457	0.075237
8.458	0.15876
8.459	0.034114
8.46	0.102016
8.461	0.020724
8.462	0.168005
8.463	0.24834
8.464	0.069499
8.465	0.154616
8.466	-0.087026
8.467	0.116999
8.468	0.243558
8.469	-0.115717
8.47	0.165455
8.471	0.076512
8.472	0.062167
8.473	-0.094677
8.474	0.099784
8.475	-0.034745
8.476	0.030288
8.477	-0.05961
8.478	-0.184576
8.479	-0.150146
8.48	-0.026138
8.481	0.03762
8.482	-0.094358
8.483	-0.028688
8.484	-0.346839
8.485	-0.205297
8.486	-0.026456
8.487	-0.356722
8.488	0.17725
8.489	-0.036339
8.49	-0.094358
8.491	0.114767
8.492	0.086076
8.493	0.014349
8.494	0.148559
8.495	0.019449
8.496	0.123374
8.497	0.105841
8.498	0.117317
8.499	0.094365
8.5	0.03507
8.501	0.188407
8.502	0.069818
8.503	-0.06248
8.504	0.052922
8.505	0.123693
8.506	-0.040802
8.507	-0.040483
8.508	0.188726
8.509	-0.14409
8.51	-0.071087
8.511	-0.047496
8.512	-0.190314
8.513	-0.245464
8.514	-0.020718
8.515	-0.327712
8.516	-0.063755
8.517	-0.055147
8.518	-0.375849
8.519	0.033157
8.52	-0.290414
8.521	0.013392
8.522	-0.029325
8.523	-0.1782
8.524	0.087989
8.525	0.090858
8.526	0.019449
8.527	0.062167
8.528	0.029969
8.529	0.067268
8.53	0.138039
8.531	-0.024225
8.532	0.142502
8.533	0.058342
8.534	0.017537
8.535	0.275756
8.536	-0.165767
8.537	0.126562
8.538	0.059935
8.539	0.021362
8.54	-0.087664
8.541	0.026463
8.542	0.193189
8.543	-0.085432
8.544	0.028375
8.545	-0.15174
8.546	-0.151422
8.547	-0.18617
8.548	-0.041758
8.549	0.053241
8.55	-0.207529
8.551	0.152384
8.552	-0.342057
8.553	0.000959
8.554	-0.227612
8.555	-0.08065
8.556	-0.033789
8.557	-0.144408
8.558	0.023275
8.559	0.078425
8.56	0.047503
8.561	0.09309
8.562	-0.015299
8.563	0.133895
8.564	0.241964
8.565	0.005423
8.566	0.086395
8.567	0.022956
8.568	0.091496
8.569	0.29042
8.57	-0.165448
8.571	0.091177
8.572	0.022956
8.573	0.100103
8.574	-0.079057
8.575	0.06408
8.576	0.225068
8.577	-0.069812
8.578	-0.018805
8.579	-0.19127
8.58	-0.169911
8.581	-0.072681
8.582	0.125606
8.583	-0.274155
8.584	-0.122412
8.585	-0.12018
8.586	-0.336638
8.587	0.012436
8.588	-0.357997
8.589	0.078744
8.59	0.013711
8.591	-0.209122
8.592	0.121781
8.593	0.105841
8.594	0.02455
8.595	0.177887
8.596	-0.084795
8.597	0.118274
8.598	0.215823
8.599	0.2324
8.6	0.19574
8.601	-0.166405
8.602	0.209766
8.603	0.070455
8.604	-0.085751
8.605	0.106479
8.606	0.054516
8.607	0.005104
8.608	-0.085432
8.609	0.126562
8.61	0.007654
8.611	-0.033789
8.612	-0.067261
8.613	-0.214861
8.614	-0.164811
8.615	-0.116674
8.616	-0.109979
8.617	-0.10711
8.618	-0.049409
8.619	-0.299659
8.62	-0.184257
8.621	-0.046859
8.622	-0.31783
8.623	0.178525
8.624	-0.062161
8.625	-0.100097
8.626	0.072368
8.627	0.087033
8.628	-0.019443
8.629	0.182669
8.63	-0.016255
8.631	0.110942
8.632	0.107116
8.633	0.046865
8.634	0.170874
8.635	-0.030919
8.636	0.245152
8.637	-0.030919
8.638	-0.007648
8.639	0.085439
8.64	0.080657
8.641	0.000641
8.642	0.015943
8.643	0.181075
8.644	-0.08607
8.645	0.017855
8.646	-0.148553
8.647	-0.131019
8.648	-0.183619
8.649	0.125606
8.65	-0.03347
8.651	-0.198921
8.652	-0.029325
8.653	-0.267142
8.654	-0.022312
8.655	-0.197327
8.656	-0.074593
8.657	-0.057698
8.658	-0.194777
8.659	0.16673
8.66	0.089264
8.661	0.072049
8.662	0.097234
8.663	0.002553
8.664	0.101378
8.665	0.1272
8.666	0.054197
8.667	0.202753
8.668	0.173743
8.669	-0.003504
8.67	0.304447
8.671	-0.131338
8.672	0.097871
8.673	0.124012
8.674	-0.037295
8.675	-0.055466
8.676	0.081613
8.677	0.112536
8.678	-0.026456
8.679	-0.023268
8.68	-0.171187
8.681	-0.178519
8.682	-0.257578
8.683	0.144096
8.684	-0.335682
8.685	0.241964
8.686	-0.172462
8.687	-0.504321
8.688	0.094365
8.689	-0.358316
8.69	-0.064711
8.691	0.065355
8.692	-0.287863
8.693	0.189683
8.694	0.123693
8.695	-0.0255
8.696	0.102653
8.697	0.020724
8.698	-0.013067
8.699	0.193508
8.7	0.121781
8.701	0.107116
8.702	0.051009
8.703	-0.02295
8.704	0.406459
8.705	-0.241001
8.706	0.176293
8.707	0.109348
8.708	-0.113167
8.709	-0.013386
8.71	0.020406
8.711	0.094683
8.712	-0.083838
8.713	0.049734
8.714	-0.255666
8.715	-0.18075
8.716	-0.051641
8.717	-0.003185
8.718	0.177887
8.719	-0.233988
8.72	-0.040802
8.721	-0.211673
8.722	-0.123049
8.723	-0.235582
8.724	0.013073
8.725	-0.033789
8.726	-0.15716
8.727	0.053241
8.728	0.093408
8.729	0.075556
8.73	0.118274
8.731	-0.052597
8.732	0.155891
8.733	0.106479
8.734	-0.043671
8.735	0.270974
8.736	-0.080013
8.737	-0.06503
8.738	0.139633
8.739	-0.033789
8.74	0.132938
8.741	0.206578
8.742	-0.036976
8.743	-0.073637
8.744	0.130069
8.745	-0.001591
8.746	-0.011792
8.747	-0.082563
8.748	-0.193502
8.749	-0.21773
8.75	-0.008285
8.751	-0.052278
8.752	0.044952
8.753	-0.1307
8.754	-0.116036
8.755	-0.04399
8.756	-0.10456
8.757	-0.248971
8.758	0.181713
8.759	-0.066305
8.76	-0.021356
8.761	0.090858
8.762	0.134213
8.763	0.033476
8.764	0.170874
8.765	-0.05451
8.766	0.178206
8.767	0.105203
8.768	0.069499
8.769	0.240051
8.77	-0.138989
8.771	0.254397
8.772	0.121143
8.773	-0.084795
8.774	0.066949
8.775	0.098509
8.776	-0.008285
8.777	0.014667
8.778	0.125925
8.779	-0.05706
8.78	3.128e-06
8.781	-0.075869
8.782	-0.192545
8.783	-0.220599
8.784	-0.175968
8.785	-0.443432
8.786	0.031563
8.787	-0.161623
8.788	-0.274155
8.789	-0.012111
8.79	-0.258216
8.791	-0.012111
8.792	0.060892
8.793	-0.209441
8.794	0.175337
8.795	0.124968
8.796	0.044952
8.797	0.094365
8.798	0.039533
8.799	0.064399
8.8	0.17183
8.801	0.064399
8.802	0.133576
8.803	0.087033
8.804	-0.067899
8.805	0.402315
8.806	-0.179156
8.807	0.13517
8.808	0.084801
8.809	-0.075231
8.81	-0.160029
8.811	0.146008
8.812	0.105841
8.813	-0.137714
8.814	0.031563
8.815	-0.249609
8.816	-0.177562
8.817	-0.177244
8.818	0.391157
8.819	-0.109341
8.82	-0.160985
8.821	0.084163
8.822	-0.241001
8.823	0.101059
8.824	-0.311454
8.825	0.015305
8.826	-0.03602
8.827	-0.260447
8.828	0.150472
8.829	0.110942
8.83	0.073006
8.831	0.103291
8.832	-0.02805
8.833	0.12975
8.834	0.131344
8.835	0.081613
8.836	0.234632
8.837	-0.035382
8.838	0.15621
8.839	0.136126
8.84	-0.099459
8.841	0.163542
8.842	0.176612
8.843	-0.048453
8.844	-0.011473
8.845	0.029332
8.846	0.037301
8.847	0.028694
8.848	-0.040802
8.849	-0.151103
8.85	-0.219642
8.851	-0.043033
8.852	0.265873
8.853	-0.348114
8.854	0.007335
8.855	-0.183301
8.856	-0.089258
8.857	0.004147
8.858	-0.336
8.859	0.125925
8.86	0.023594
8.861	-0.12815
8.862	0.060573
8.863	0.153341
8.864	0.057704
8.865	0.112217
8.866	-0.009242
8.867	0.160354
8.868	0.113492
8.869	-0.016255
8.87	0.118593
8.871	0.028694
8.872	0.222837
8.873	0.030607
8.874	-0.005416
8.875	0.024231
8.876	0.071412
8.877	-0.016255
8.878	-0.003504
8.879	0.14569
8.88	-0.135163
8.881	0.053878
8.882	-0.161623
8.883	-0.099778
8.884	-0.223149
8.885	-0.14122
8.886	-0.355128
8.887	0.044634
8.888	-0.030601
8.889	-0.376168
8.89	0.062167
8.891	-0.292008
8.892	-0.039208
8.893	-0.028369
8.894	-0.204341
8.895	0.123374
8.896	0.069818
8.897	0.052285
8.898	0.103928
8.899	-0.037614
8.9	0.089583
8.901	0.153022
8.902	0.017855
8.903	0.191277
8.904	0.047821
8.905	-0.008604
8.906	0.393708
8.907	-0.250246
8.908	0.233675
8.909	0.077788
8.91	-0.103285
8.911	0.065992
8.912	-0.043352
8.913	0.026463
8.914	0.026144
8.915	0.010523
8.916	-0.208485
8.917	-0.115398
8.918	-0.228887
8.919	0.038895
8.92	-0.278937
8.921	-0.249927
8.922	-0.100415
8.923	-0.231756
8.924	0.072687
8.925	-0.259172
8.926	-0.010836
8.927	-0.015936
8.928	-0.283719
8.929	0.19574
8.93	0.124968
8.931	0.107754
8.932	0.075237
8.933	-0.011792
8.934	0.130707
8.935	0.126244
8.936	0.095002
8.937	0.11126
8.938	-0.043352
8.939	0.073325
8.94	0.254716
8.941	-0.248334
8.942	0.1747
8.943	0.18777
8.944	-0.040483
8.945	-0.012111
8.946	0.093408
8.947	0.096915
8.948	-0.044309
8.949	0.074919
8.95	-0.234626
8.951	-0.141539
8.952	0.011798
8.953	0.113811
8.954	-0.159073
8.955	-0.014342
8.956	-0.129425
8.957	-0.258854
8.958	0.007973
8.959	-0.341739
8.96	0.102653
8.961	0.013392
8.962	-0.144408
8.963	0.121781
8.964	0.084801
8.965	0.018174
8.966	0.187132
8.967	-0.049409
8.968	0.155253
8.969	0.10361
8.97	0.04559
8.971	0.302534
8.972	-0.124325
8.973	0.075556
8.974	0.09309
8.975	-0.077463
8.976	0.095959
8.977	0.181075
8.978	-0.155247
8.979	0.053878
8.98	0.146646
8.981	-0.114761
8.982	0.074281
8.983	-0.108066
8.984	-0.132294
8.985	-0.286269
8.986	0.033157
8.987	-0.66244
8.988	-0.172462
8.989	-0.079375
8.99	-0.285951
8.991	0.096596
8.992	-0.321974
8.993	-0.241001
8.994	0.125606
8.995	-0.074912
8.996	0.005104
8.997	0.176293
8.998	-0.015618
8.999	0.049097
9	0.168005
9.001	0.009248
9.002	0.163542
9.003	0.146646
9.004	0.112854
9.005	0.168643
9.006	-0.087664
9.007	0.263642
9.008	-0.101372
9.009	0.061848
9.01	0.139951
9.011	-0.049409
9.012	-0.093721
9.013	0.134213
9.014	0.075556
9.015	-0.131657
9.016	0.102334
9.017	-0.108066
9.018	-0.169593
9.019	-0.228569
9.02	0.082251
9.021	-0.339188
9.022	0.083207
9.023	-0.051322
9.024	-0.480412
9.025	0.174381
9.026	-0.288182
9.027	-0.083838
9.028	0.124968
9.029	-0.150146
9.03	0.051966
9.031	0.139633
9.032	0.036664
9.033	0.06663
9.034	0.098509
9.035	-0.001272
9.036	0.188089
9.037	0.139314
9.038	0.049415
9.039	-0.023587
9.04	0.054835
9.041	0.444076
9.042	-0.25981
9.043	0.20626
9.044	0.107435
9.045	0.029651
9.046	-0.047178
9.047	0.083526
9.048	0.117317
9.049	-0.063755
9.05	0.023912
9.051	-0.247058
9.052	-0.150146
9.053	-0.055785
9.054	0.413791
9.055	0.042402
9.056	-0.07013
9.057	0.174381
9.058	-0.337913
9.059	0.018174
9.06	-0.312091
9.061	-0.007329
9.062	0.053878
9.063	-0.260447
9.064	0.121462
9.065	0.134213
9.066	0.029651
9.067	0.13772
9.068	-0.011792
9.069	0.145052
9.07	0.27193
9.071	0.013073
9.072	0.045909
9.073	0.031244
9.074	0.184901
9.075	0.357047
9.076	-0.181707
9.077	0.093408
9.078	0.025187
9.079	0.004147
9.08	-0.078419
9.081	0.081294
9.082	0.029332
9.083	-0.021993
9.084	-0.033789
9.085	-0.245146
9.086	-0.112211
9.087	-0.086389
9.088	-0.009561
9.089	0.089902
9.09	-0.191589
9.091	-0.203065
9.092	-0.313685
9.093	-0.05961
9.094	-0.362141
9.095	0.121143
9.096	-0.018805
9.097	-0.144408
9.098	0.118593
9.099	0.068862
9.1	0.109029
9.101	0.158441
9.102	-0.041439
9.103	0.190958
9.104	0.028057
9.105	0.121143
9.106	0.228256
9.107	-0.036976
9.108	0.04814
9.109	0.14569
9.11	-0.11508
9.111	0.051328
9.112	0.128156
9.113	-0.132294
9.114	0.029332
9.115	0.152703
9.116	-0.050047
9.117	-0.035701
9.118	-0.096909
9.119	-0.12018
9.12	-0.344927
9.121	0.251209
9.122	-0.424305
9.123	0.020406
9.124	-0.057698
9.125	-0.360866
9.126	0.26396
9.127	-0.270649
9.128	-0.155566
9.129	0.105522
9.13	-0.112848
9.131	0.032201
9.132	0.120824
9.133	0.043358
9.134	0.044315
9.135	0.102334
9.136	0.013392
9.137	0.20626
9.138	0.113811
9.139	0.011161
9.14	0.085439
9.141	-0.099778
9.142	0.387651
9.143	-0.086389
9.144	0.01148
9.145	0.126881
9.146	-0.114123
9.147	0.019449
9.148	0.059935
9.149	0.068543
9.15	-0.011473
9.151	0.030607
9.152	-0.202747
9.153	-0.141858
9.154	-0.15971
9.155	-0.158116
9.156	-0.033151
9.157	-0.241001
9.158	0.076512
9.159	-0.338232
9.16	0.005741
9.161	-0.300615
9.162	-0.019443
9.163	-0.069493
9.164	-0.234944
9.165	0.104566
9.166	0.080338
9.167	0.087351
9.168	0.136126
9.169	-0.024225
9.17	0.071731
9.171	0.212317
9.172	0.071093
9.173	0.190001
9.174	-0.071724
9.175	0.081294
9.176	0.440888
9.177	-0.239407
9.178	0.119868
9.179	0.003191
9.18	0.023912
9.181	-0.00446
9.182	0.020406
9.183	0.066949
9.184	0.000322
9.185	-0.039527
9.186	-0.215179
9.187	-0.173737
9.188	0.000641
9.189	0.026781
9.19	-0.039208
9.191	-0.139626
9.192	-0.101053
9.193	-0.350665
9.194	-0.064711
9.195	-0.310497
9.196	0.08512
9.197	0.006698
9.198	-0.195733
9.199	0.071412
9.2	0.132938
9.201	0.088626
9.202	0.14569
9.203	-0.020081
9.204	0.221243
9.205	0.199884
9.206	0.130069
9.207	0.186813
9.208	-0.160985
9.209	0.27735
9.21	0.178206
9.211	-0.114123
9.212	0.123693
9.213	-0.029007
9.214	0.020406
9.215	-0.032195
9.216	0.117955
9.217	-0.055147
9.218	0.005741
9.219	-0.086389
9.22	-0.135801
9.221	-0.159073
9.222	-0.0255
9.223	-0.008923
9.224	-0.091489
9.225	-0.005416
9.226	-0.324524
9.227	-0.084157
9.228	-0.109023
9.229	-0.240045
9.23	0.175656
9.231	-0.04654
9.232	-0.066624
9.233	0.078425
9.234	0.091814
9.235	-0.008285
9.236	0.119868
9.237	-0.006373
9.238	0.127519
9.239	0.12975
9.24	-0.007648
9.241	0.130707
9.242	-0.073
9.243	0.307953
9.244	-0.06503
9.245	0.018493
9.246	0.090539
9.247	0.042402
9.248	-0.063755
9.249	0.015305
9.25	0.216461
9.251	-0.108066
9.252	-0.032195
9.253	-0.138351
9.254	-0.186488
9.255	-0.081926
9.256	0.040171
9.257	-0.032195
9.258	-0.089577
9.259	0.041127
9.26	-0.249927
9.261	0.0271
9.262	-0.23335
9.263	0.012436
9.264	-0.071724
9.265	-0.234944
9.266	0.098509
9.267	0.087033
9.268	0.090539
9.269	0.084482
9.27	-0.060248
9.271	0.185538
9.272	0.170874
9.273	0.068224
9.274	0.055472
9.275	0.011161
9.276	-0.045584
9.277	0.183307
9.278	-0.049728
9.279	0.144415
9.28	0.188089
9.281	-0.10966
9.282	-0.018487
9.283	0.092771
9.284	0.034432
9.285	-0.038252
9.286	0.028057
9.287	-0.182982
9.288	-0.190951
9.289	-0.1307
9.29	0.055791
9.291	0.001916
9.292	-0.316873
9.293	0.145052
9.294	-0.251203
9.295	-0.112848
9.296	-0.278937
9.297	0.056748
9.298	0.004466
9.299	-0.211035
9.3	0.038577
9.301	0.163542
9.302	0.062486
9.303	0.162267
9.304	-0.010198
9.305	0.178525
9.306	0.108073
9.307	0.025506
9.308	0.11923
9.309	-0.004141
9.31	0.16928
9.311	0.214548
9.312	-0.094996
9.313	0.131663
9.314	0.08512
9.315	0.072049
9.316	-0.041439
9.317	0.137401
9.318	-0.03857
9.319	0.004785
9.32	0.022
9.321	-0.197008
9.322	-0.176925
9.323	-0.037295
9.324	-0.186807
9.325	-0.021037
9.326	-0.19669
9.327	-0.249927
9.328	-0.062161
9.329	-0.10711
9.33	-0.224106
9.331	0.142502
9.332	-0.116674
9.333	0.001597
9.334	0.177569
9.335	0.01403
9.336	0.073643
9.337	0.113492
9.338	0.037301
9.339	0.122418
9.34	0.064717
9.341	0.077788
9.342	0.188726
9.343	-0.131657
9.344	0.274799
9.345	-0.081607
9.346	0.072368
9.347	0.124331
9.348	-0.088939
9.349	-0.061842
9.35	0.135488
9.351	0.052922
9.352	0.004785
9.353	0.040808
9.354	-0.20976
9.355	-0.136757
9.356	-0.182344
9.357	-0.042077
9.358	-0.532056
9.359	-0.226656
9.36	-0.052278
9.361	-0.422074
9.362	0.157166
9.363	-0.277981
9.364	-0.142496
9.365	0.102334
9.366	-0.163217
9.367	0.002235
9.368	0.117636
9.369	0.05866
9.37	0.065674
9.371	0.049097
9.372	0.026781
9.373	0.145371
9.374	0.096277
9.375	0.004147
9.376	0.051009
9.377	0.063123
9.378	0.334413
9.379	-0.147277
9.38	0.036983
9.381	-0.014024
9.382	0.050053
9.383	-0.045584
9.384	-0.06248
9.385	0.110942
9.386	-0.031876
9.387	0.026463
9.388	-0.203703
9.389	-0.185532
9.39	-0.08862
9.391	0.072049
9.392	-0.014024
9.393	-0.110298
9.394	0.011161
9.395	-0.378081
9.396	-0.021356
9.397	-0.281169
9.398	-0.022312
9.399	0.002235
9.4	-0.144408
9.401	0.053241
9.402	0.147921
9.403	0.045909
9.404	0.145052
9.405	-0.080013
9.406	0.160035
9.407	0.104247
9.408	0.037301
9.409	0.065992
9.41	0.014986
9.411	0.146646
9.412	0.167686
9.413	-0.01498
9.414	0.044315
9.415	0.109348
9.416	0.015943
9.417	-0.127512
9.418	0.164498
9.419	0.083845
9.42	-0.047178
9.421	-0.060886
9.422	-0.094677
9.423	-0.196371
9.424	-0.030601
9.425	0.005423
9.426	-0.106472
9.427	-0.09659
9.428	-0.241639
9.429	-0.082563
9.43	-0.073637
9.431	-0.222512
9.432	0.074281
9.433	-0.100415
9.434	-0.07555
9.435	0.136445
9.436	0.053241
9.437	0.059935
9.438	0.142821
9.439	0.001597
9.44	0.147921
9.441	0.019449
9.442	0.062805
9.443	0.243558
9.444	-0.143133
9.445	0.165455
9.446	-0.026456
9.447	-0.02295
9.448	0.13517
9.449	0.131344
9.45	-0.137076
9.451	0.030926
9.452	0.137401
9.453	-0.039208
9.454	0.008292
9.455	-0.077463
9.456	-0.194458
9.457	-0.138033
9.458	-0.122093
9.459	0.019449
9.46	0.128475
9.461	-0.247696
9.462	-0.086389
9.463	-0.226656
9.464	-0.140583
9.465	-0.266823
9.466	0.117636
9.467	-0.03857
9.468	-0.108385
9.469	0.110942
9.47	0.068224
9.471	0.101059
9.472	0.130707
9.473	-0.028688
9.474	0.185538
9.475	0.060892
9.476	0.070774
9.477	0.159398
9.478	-0.133251
9.479	0.302853
9.48	0.072049
9.481	0.01403
9.482	0.133576
9.483	0.04559
9.484	-0.139945
9.485	0.081294
9.486	0.031563
9.487	-0.169274
9.488	0.126562
9.489	-0.175331
9.49	-0.166724
9.491	-0.171824
9.492	0.088308
9.493	-0.082882
9.494	-0.266504
9.495	0.167686
9.496	-0.341739
9.497	0.05356
9.498	-0.287863
9.499	0.050053
9.5	0.007654
9.501	-0.251203
9.502	0.15876
9.503	0.158441
9.504	0.000322
9.505	0.105841
9.506	0.00861
9.507	0.136126
9.508	0.223793
9.509	0.150472
9.51	0.125287
9.511	0.024231
9.512	-0.032832
9.513	0.159079
9.514	-0.065986
9.515	0.228256
9.516	0.200521
9.517	-0.116355
9.518	-0.076187
9.519	0.094365
9.52	0.124331
9.521	-0.064392
9.522	-0.024225
9.523	-0.167042
9.524	-0.198602
9.525	-0.101372
9.526	0.088626
9.527	0.049415
9.528	-0.179475
9.529	0.135807
9.53	-0.360547
9.531	-0.038889
9.532	-0.314004
9.533	0.011161
9.534	-0.037933
9.535	-0.169593
9.536	0.038258
9.537	0.131025
9.538	0.047503
9.539	0.116042
9.54	0.025825
9.541	0.212954
9.542	0.107754
9.543	0.014349
9.544	0.088626
9.545	-0.129425
9.546	0.157804
9.547	0.28245
9.548	-0.182982
9.549	0.176293
9.55	0.0271
9.551	0.02455
9.552	-0.074593
9.553	0.080338
9.554	0.207535
9.555	-0.047815
9.556	0.010523
9.557	-0.194777
9.558	-0.221236
9.559	-0.040483
9.56	-0.198921
9.561	-0.073956
9.562	0.023912
9.563	-0.222193
9.564	-0.183301
9.565	0.006698
9.566	-0.266823
9.567	0.134532
9.568	-0.074275
9.569	-0.057379
9.57	0.116042
9.571	0.109985
9.572	0.078425
9.573	0.092133
9.574	0.024869
9.575	0.159079
9.576	-0.027094
9.577	0.06663
9.578	0.1272
9.579	-0.05706
9.58	0.265873
9.581	3.128e-06
9.582	-0.021993
9.583	0.078744
9.584	0.01913
9.585	0.050372
9.586	-0.014342
9.587	0.136126
9.588	-0.061523
9.589	0.032201
9.59	-0.098821
9.591	-0.103922
9.592	-0.212629
9.593	0.042083
9.594	-0.408684
9.595	-0.138351
9.596	-0.045902
9.597	-0.253753
9.598	0.055472
9.599	-0.23877
9.6	0.034432
9.601	-0.009561
9.602	-0.23335
9.603	0.189364
9.604	0.067905
9.605	0.04814
9.606	0.086076
9.607	0.022956
9.608	0.099147
9.609	0.168324
9.61	0.000322
9.611	0.112217
9.612	0.08767
9.613	-0.037933
9.614	0.28245
9.615	-0.131019
9.616	0.190001
9.617	0.205303
9.618	-0.052278
9.619	-0.072362
9.62	0.101697
9.621	0.190958
9.622	-0.058973
9.623	0.049415
9.624	-0.194139
9.625	-0.165767
9.626	-0.124006
9.627	-0.009561
9.628	0.20881
9.629	-0.121774
9.63	0.09309
9.631	-0.360547
9.632	-0.072362
9.633	-0.24674
9.634	-0.041439
9.635	-0.044309
9.636	-0.18872
9.637	0.017855
9.638	0.16673
9.639	0.059935
9.64	0.141864
9.641	-0.027413
9.642	0.153978
9.643	0.175656
9.644	-0.026775
9.645	0.085439
9.646	0.078425
9.647	0.117317
9.648	0.195102
9.649	-0.106154
9.65	0.101059
9.651	0.126244
9.652	-0.05706
9.653	-0.109341
9.654	0.18777
9.655	0.026781
9.656	0.020406
9.657	-0.039208
9.658	-0.143133
9.659	-0.200515
9.66	-0.032513
9.661	-0.233032
9.662	-0.101691
9.663	-0.116355
9.664	-0.261404
9.665	-0.127194
9.666	-0.162898
9.667	-0.145046
9.668	0.034751
9.669	-0.101372
9.67	-0.021993
9.671	0.133257
9.672	0.033795
9.673	0.080338
9.674	0.122737
9.675	0.062805
9.676	0.169918
9.677	0.039852
9.678	0.169918
9.679	0.243239
9.68	-0.14409
9.681	0.153022
9.682	-0.069174
9.683	0.143458
9.684	0.178844
9.685	0.050053
9.686	-0.08065
9.687	0.06918
9.688	0.058979
9.689	-0.032513
9.69	-0.023906
9.691	-0.044627
9.692	-0.150465
9.693	-0.155566
9.694	-0.098503
9.695	-0.01498
9.696	0.001916
9.697	-0.070768
9.698	-0.098503
9.699	-0.189358
9.7	-0.014661
9.701	-0.222193
9.702	0.181394
9.703	0.03762
9.704	-0.073637
9.705	0.049734
9.706	0.118274
9.707	0.052922
9.708	0.131344
9.709	0.018812
9.71	0.170236
9.711	0.099147
9.712	0.05866
9.713	0.092133
9.714	-0.023587
9.715	0.310185
9.716	-0.064073
9.717	0.038577
9.718	0.053878
9.719	-0.069812
9.72	0.061211
9.721	-0.002228
9.722	0.068862
9.723	-0.047178
9.724	0.009248
9.725	-0.16226
9.726	-0.176925
9.727	-0.111254
9.728	0.233038
9.729	-0.057379
9.73	-0.389238
9.731	0.110942
9.732	-0.190633
9.733	-0.091489
9.734	-0.206891
9.735	-0.056104
9.736	-0.077463
9.737	-0.162898
9.738	0.079063
9.739	0.10074
9.74	0.070137
9.741	0.0746
9.742	-0.030919
9.743	0.184582
