0	0.03762
0.001	0.037301
0.002	0.004785
0.003	0.081613
0.004	0.015305
0.005	-0.013705
0.006	0.007654
0.007	-0.025819
0.008	-0.076825
0.009	-0.080013
0.01	-0.084476
0.011	-0.03347
0.012	-0.025181
0.013	-0.068855
0.014	-0.131019
0.015	-0.074912
0.016	-0.139626
0.017	-0.093083
0.018	-0.026775
0.019	-0.007648
0.02	-0.108704
0.021	0.070137
0.022	-0.063436
0.023	0.116042
0.024	0.014349
0.025	0.042402
0.026	0.010204
0.027	-0.038889
0.028	0.145371
0.029	0.116999
0.03	-0.005416
0.031	0.06408
0.032	0.124968
0.033	0.019768
0.034	0.02455
0.035	0.065355
0.036	0.017855
0.037	0.072049
0.038	0.070137
0.039	-0.029325
0.04	0.022
0.041	-0.073637
0.042	-0.09404
0.043	-0.122731
0.044	-0.061523
0.045	-0.084157
0.046	-0.031876
0.047	-0.09659
0.048	-0.075231
0.049	0.010842
0.05	-0.335682
0.051	-0.066943
0.052	-0.003822
0.053	-0.026775
0.054	-0.051641
0.055	0.001278
0.056	-0.036339
0.057	0.078425
0.058	0.027738
0.059	0.065355
0.06	-0.013386
0.061	-0.013067
0.062	0.162586
0.063	0.10871
0.064	0.01913
0.065	0.035389
0.066	0.162586
0.067	0.041127
0.068	-0.010198
0.069	0.09564
0.07	0.037939
0.071	0.030288
0.072	0.073643
0.073	-0.020718
0.074	0.029013
0.075	-0.094996
0.076	-0.078419
0.077	-0.09404
0.078	-0.109341
0.079	-0.073956
0.08	-0.049409
0.081	-0.123368
0.082	-0.037614
0.083	0.011798
0.084	-0.156522
0.085	-0.139626
0.086	-0.035701
0.087	0.046546
0.088	-0.022312
0.089	-0.084157
0.09	0.029332
0.091	0.000322
0.092	0.035389
0.093	0.064717
0.094	-0.026456
0.095	0.039852
0.096	0.030288
0.097	0.177569
0.098	0.052285
0.099	0.015943
0.1	0.123693
0.101	0.035389
0.102	0.021681
0.103	0.06918
0.104	0.049734
0.105	-0.000316
0.106	0.058342
0.107	-0.01753
0.108	0.063761
0.109	-0.114442
0.11	-0.100415
0.111	-0.08862
0.112	-0.058973
0.113	-0.07555
0.114	-0.054829
0.115	-0.229525
0.116	-0.05451
0.117	0.014349
0.118	-0.030919
0.119	-0.193183
0.12	0.025187
0.121	0.025506
0.122	-0.01753
0.123	-0.120499
0.124	0.062167
0.125	0.000959
0.126	0.043677
0.127	0.023594
0.128	-0.03347
0.129	0.0797
0.13	0.007016
0.131	0.115724
0.132	0.067268
0.133	0.038895
0.134	0.083207
0.135	0.040489
0.136	-0.007329
0.137	0.044315
0.138	0.071412
0.139	-0.013705
0.14	0.008292
0.141	0.005104
0.142	0.042402
0.143	-0.102647
0.144	-0.089895
0.145	-0.08607
0.146	-0.054191
0.147	-0.053235
0.148	-0.03602
0.149	-0.245783
0.15	-0.096909
0.151	0.042402
0.152	-0.057379
0.153	-0.066943
0.154	0.001597
0.155	-0.079057
0.156	0.031563
0.157	-0.087983
0.158	0.10361
0.159	0.004147
0.16	0.04559
0.161	0.011798
0.162	-0.01498
0.163	0.084163
0.164	0.083845
0.165	0.062486
0.166	0.061529
0.167	0.065036
0.168	0.049734
0.169	0.068224
0.17	0.043677
0.171	0.041446
0.172	0.103928
0.173	0.003191
0.174	-0.029007
0.175	-0.014024
0.176	0.002553
0.177	-0.086389
0.178	-0.082244
0.179	-0.088939
0.18	-0.058973
0.181	-0.035382
0.182	-0.060567
0.183	-0.133569
0.184	-0.063436
0.185	-0.142814
0.186	-0.128788
0.187	-0.01498
0.188	-0.052597
0.189	-0.06248
0.19	0.051647
0.191	-0.060567
0.192	0.078425
0.193	0.023275
0.194	0.027419
0.195	0.000959
0.196	-0.029325
0.197	0.154297
0.198	0.101378
0.199	0.001597
0.2	0.070455
0.201	0.118593
0.202	0.013073
0.203	0.05356
0.204	0.024869
0.205	0.021681
0.206	0.083845
0.207	0.061211
0.208	0.003829
0.209	-0.007967
0.21	-0.04399
0.211	-0.070768
0.212	-0.096909
0.213	-0.073637
0.214	-0.087664
0.215	-0.009561
0.216	-0.083201
0.217	-0.048453
0.218	0.039214
0.219	-0.247058
0.22	-0.143452
0.221	0.005741
0.222	-0.01753
0.223	-0.086389
0.224	0.009567
0.225	-0.006054
0.226	0.077788
0.227	0.037301
0.228	0.052603
0.229	-0.018805
0.23	-0.016893
0.231	0.175018
0.232	0.075237
0.233	0.022
0.234	0.080338
0.235	0.146646
0.236	0.025825
0.237	0.009886
0.238	0.076831
0.239	0.055154
0.24	0.020087
0.241	0.094683
0.242	-0.026456
0.243	0.046865
0.244	-0.085751
0.245	-0.119543
0.246	-0.106791
0.247	-0.079694
0.248	-0.064711
0.249	-0.040164
0.25	-0.106472
0.251	-0.080969
0.252	0.000322
0.253	-0.159073
0.254	-0.165448
0.255	-0.007648
0.256	0.063123
0.257	-0.054191
0.258	-0.069812
0.259	0.04304
0.26	0.013392
0.261	0.028375
0.262	0.059935
0.263	0.003191
0.264	0.009248
0.265	0.10616
0.266	0.162586
0.267	-0.003504
0.268	0.034751
0.269	0.136764
0.27	0.035389
0.271	-0.020081
0.272	0.091814
0.273	0.055154
0.274	-0.018487
0.275	0.041446
0.276	-0.01753
0.277	0.033157
0.278	-0.096909
0.279	-0.080969
0.28	-0.073
0.281	-0.090852
0.282	-0.078738
0.283	-0.043033
0.284	-0.197327
0.285	-0.070449
0.286	0.00606
0.287	-0.077144
0.288	-0.208804
0.289	0.024869
0.29	-0.002547
0.291	-0.000634
0.292	-0.138033
0.293	0.069818
0.294	-0.022631
0.295	0.041446
0.296	0.044634
0.297	-0.04654
0.298	0.078425
0.299	0.006379
0.3	0.174062
0.301	-0.005735
0.302	0.028375
0.303	0.107116
0.304	0.043677
0.305	0.015943
0.306	0.042721
0.307	0.071731
0.308	0.002553
0.309	-0.017211
0.31	0.001597
0.311	0.048778
0.312	-0.112529
0.313	-0.117949
0.314	-0.059929
0.315	-0.098184
0.316	-0.034426
0.317	-0.040802
0.318	-0.219961
0.319	-0.099459
0.32	0.044315
0.321	-0.027094
0.322	-0.080013
0.323	-0.040802
0.324	-0.071724
0.325	0.038258
0.326	-0.085751
0.327	0.085757
0.328	-0.004141
0.329	0.039214
0.33	0.005741
0.331	-0.024544
0.332	0.068543
0.333	0.046546
0.334	0.096596
0.335	0.074281
0.336	0.039852
0.337	0.061529
0.338	0.059617
0.339	0.014667
0.34	0.006379
0.341	0.082251
0.342	0.047821
0.343	0.00606
0.344	0.004785
0.345	-0.015618
0.346	-0.065986
0.347	-0.088301
0.348	-0.084476
0.349	-0.053553
0.35	-0.030601
0.351	-0.05706
0.352	-0.105835
0.353	-0.079694
0.354	-0.205616
0.355	-0.097865
0.356	-0.014342
0.357	-0.046859
0.358	-0.072043
0.359	0.051328
0.36	-0.039845
0.361	0.095002
0.362	0.030926
0.363	0.0271
0.364	-0.015299
0.365	-0.016255
0.366	0.116042
0.367	0.077469
0.368	0.010523
0.369	0.106797
0.37	0.110623
0.371	-0.019443
0.372	0.086076
0.373	0.053241
0.374	0.015943
0.375	0.063442
0.376	0.073962
0.377	-0.012111
0.378	0.020724
0.379	-0.064392
0.38	-0.070768
0.381	-0.116355
0.382	-0.08065
0.383	-0.090214
0.384	-0.003504
0.385	-0.087664
0.386	-0.072681
0.387	-0.008923
0.388	-0.251521
0.389	-0.123368
0.39	0.013711
0.391	0.002553
0.392	-0.064711
0.393	-0.020081
0.394	-0.011792
0.395	0.054516
0.396	0.047503
0.397	0.051966
0.398	-0.005735
0.399	-0.011792
0.4	0.186495
0.401	0.073962
0.402	-0.065667
0.403	0.126881
0.404	0.125606
0.405	-0.004141
0.406	0.004466
0.407	0.086395
0.408	0.036026
0.409	0.021362
0.41	0.10074
0.411	-0.016255
0.412	0.039214
0.413	-0.116355
0.414	-0.105516
0.415	-0.102966
0.416	-0.104878
0.417	-0.058335
0.418	0.002553
0.419	-0.15716
0.42	-0.05706
0.421	0.013711
0.422	-0.153653
0.423	-0.1256
0.424	-0.032832
0.425	0.04559
0.426	-0.037933
0.427	-0.102328
0.428	0.062805
0.429	-0.009879
0.43	0.047184
0.431	0.068543
0.432	-0.014661
0.433	0.020087
0.434	0.09309
0.435	0.1747
0.436	-0.021037
0.437	0.050691
0.438	0.157485
0.439	0.033157
0.44	0.015624
0.441	0.05611
0.442	0.058342
0.443	0.010523
0.444	0.013711
0.445	-0.027413
0.446	0.029651
0.447	-0.083201
0.448	-0.111254
0.449	-0.099778
0.45	-0.073
0.451	-0.057698
0.452	-0.055466
0.453	-0.220599
0.454	-0.079057
0.455	0.004466
0.456	-0.021675
0.457	-0.221874
0.458	0.003191
0.459	0.031244
0.46	0.01403
0.461	-0.120818
0.462	0.099784
0.463	-0.014661
0.464	0.025187
0.465	0.037301
0.466	-0.024862
0.467	0.092133
0.468	-0.000953
0.469	0.189364
0.47	0.029013
0.471	0.031563
0.472	0.10871
0.473	0.042083
0.474	0.031882
0.475	0.052922
0.476	0.071731
0.477	0.022956
0.478	0.004466
0.479	0.01148
0.48	0.050053
0.481	-0.065349
0.482	-0.10711
0.483	-0.075231
0.484	-0.053872
0.485	-0.044946
0.486	-0.023587
0.487	-0.20179
0.488	-0.100415
0.489	0.030607
0.49	-0.078738
0.491	-0.04399
0.492	-0.02805
0.493	-0.080332
0.494	0.039852
0.495	-0.09659
0.496	0.104247
0.497	0.001597
0.498	0.043358
0.499	-0.006691
0.5	-0.018168
0.501	0.09309
0.502	0.030288
0.503	0.091496
0.504	0.057385
0.505	0.061529
0.506	0.025825
0.507	0.050053
0.508	0.043358
0.509	0.008929
0.51	0.089902
0.511	0.050053
0.512	-0.048772
0.513	0.034751
0.514	-0.040164
0.515	-0.113167
0.516	-0.083838
0.517	-0.086389
0.518	-0.050047
0.519	-0.044946
0.52	-0.066943
0.521	-0.153334
0.522	-0.07013
0.523	-0.167361
0.524	-0.074593
0.525	0.004466
0.526	-0.055466
0.527	-0.092446
0.528	0.050372
0.529	-0.069174
0.53	0.099465
0.531	0.01148
0.532	0.044952
0.533	0.006698
0.534	-0.016574
0.535	0.143777
0.536	0.099784
0.537	-0.037614
0.538	0.074919
0.539	0.138676
0.54	-0.004141
0.541	0.037939
0.542	0.069818
0.543	0.013392
0.544	0.075556
0.545	0.085757
0.546	-0.052916
0.547	0.047503
0.548	-0.073318
0.549	-0.106791
0.55	-0.094358
0.551	-0.074912
0.552	-0.084795
0.553	-0.021037
0.554	-0.076506
0.555	-0.075231
0.556	0.008292
0.557	-0.295195
0.558	-0.119543
0.559	0.028057
0.56	-0.002547
0.561	-0.067261
0.562	-0.015299
0.563	-0.006691
0.564	0.044952
0.565	0.03252
0.566	0.071093
0.567	0.001597
0.568	-0.019443
0.569	0.177887
0.57	0.079063
0.571	-0.007329
0.572	0.09309
0.573	0.168324
0.574	0.029969
0.575	0.010842
0.576	0.082888
0.577	0.04304
0.578	0.020406
0.579	0.074281
0.58	-0.036339
0.581	0.059298
0.582	-0.11508
0.583	-0.097546
0.584	-0.070449
0.585	-0.107429
0.586	-0.084476
0.587	-0.016893
0.588	-0.118905
0.589	-0.040802
0.59	-0.018168
0.591	-0.192864
0.592	-0.167361
0.593	-0.003185
0.594	0.031882
0.595	0.002872
0.596	-0.102966
0.597	0.042083
0.598	-0.007329
0.599	0.023594
0.6	0.086714
0.601	-0.015618
0.602	0.038577
0.603	0.042083
0.604	0.190958
0.605	0.021043
0.606	0.02455
0.607	0.121781
0.608	0.033476
0.609	-0.004141
0.61	0.078106
0.611	0.049415
0.612	0.018493
0.613	0.054835
0.614	0.037301
0.615	0.046546
0.616	-0.101691
0.617	-0.073318
0.618	-0.090214
0.619	-0.084157
0.62	-0.067261
0.621	-0.043352
0.622	-0.20721
0.623	-0.071406
0.624	0.039852
0.625	-0.074275
0.626	-0.213904
0.627	0.022318
0.628	0.00351
0.629	-0.013386
0.63	-0.132294
0.631	0.079063
0.632	0.002553
0.633	0.043677
0.634	0.031563
0.635	-0.037295
0.636	0.086714
0.637	-0.016574
0.638	0.113173
0.639	0.065036
0.64	0.016261
0.641	0.069499
0.642	0.044952
0.643	0.020087
0.644	0.040171
0.645	0.076831
0.646	0.009886
0.647	0.007654
0.648	0.012755
0.649	0.036664
0.65	-0.088301
0.651	-0.089258
0.652	-0.074275
0.653	-0.055147
0.654	-0.059929
0.655	-0.049409
0.656	-0.237495
0.657	-0.114123
0.658	0.023275
0.659	-0.039527
0.66	-0.100097
0.661	-0.033789
0.662	-0.089258
0.663	0.034432
0.664	-0.081926
0.665	0.101059
0.666	0.002872
0.667	0.028057
0.668	0.025825
0.669	-0.031557
0.67	0.106797
0.671	0.051966
0.672	0.043358
0.673	0.052603
0.674	0.071412
0.675	0.052922
0.676	0.040171
0.677	0.034432
0.678	0.026144
0.679	0.070455
0.68	0.039533
0.681	-0.048772
0.682	0.000641
0.683	-0.002866
0.684	-0.082244
0.685	-0.07013
0.686	-0.072362
0.687	-0.080013
0.688	-0.03347
0.689	-0.040164
0.69	-0.123049
0.691	-0.074593
0.692	-0.119862
0.693	-0.117311
0.694	0.002553
0.695	-0.038252
0.696	-0.105516
0.697	0.062486
0.698	-0.062798
0.699	0.102972
0.7	0.02455
0.701	0.042083
0.702	-0.012748
0.703	-0.047496
0.704	0.165136
0.705	0.106797
0.706	0.012117
0.707	0.098828
0.708	0.136764
0.709	0.038258
0.71	0.035389
0.711	0.048778
0.712	0.014349
0.713	0.091496
0.714	0.079382
0.715	-0.013705
0.716	0.035389
0.717	-0.037295
0.718	-0.094358
0.719	-0.114123
0.72	-0.071087
0.721	-0.103603
0.722	-0.003185
0.723	-0.082244
0.724	-0.06758
0.725	-0.001272
0.726	-0.289138
0.727	-0.045584
0.728	0.019449
0.729	-0.031876
0.73	-0.05961
0.731	-0.00446
0.732	-0.034107
0.733	0.083526
0.734	0.053241
0.735	0.049415
0.736	0.000322
0.737	-0.040802
0.738	0.132301
0.739	0.127838
0.74	0.013711
0.741	0.050691
0.742	0.143139
0.743	0.055472
0.744	0.013392
0.745	0.09022
0.746	0.051328
0.747	0.038258
0.748	0.092133
0.749	-0.021356
0.75	0.03507
0.751	-0.081288
0.752	-0.093402
0.753	-0.09404
0.754	-0.108385
0.755	-0.058335
0.756	-0.051003
0.757	-0.171187
0.758	-0.018805
0.759	0.041127
0.76	-0.184894
0.761	-0.134845
0.762	-0.016574
0.763	0.026144
0.764	-0.050047
0.765	-0.055147
0.766	0.020406
0.767	0.003191
0.768	0.051009
0.769	0.051647
0.77	-0.029644
0.771	0.039852
0.772	0.036664
0.773	0.164179
0.774	0.009567
0.775	0.042402
0.776	0.113173
0.777	0.052922
0.778	0.00861
0.779	0.049734
0.78	0.0797
0.781	-0.018805
0.782	0.052603
0.783	-0.012111
0.784	0.025825
0.785	-0.111892
0.786	-0.124006
0.787	-0.060248
0.788	-0.069812
0.789	-0.087983
0.79	-0.002866
0.791	-0.213586
0.792	-0.042715
0.793	-0.012748
0.794	-0.05451
0.795	-0.218049
0.796	-0.005735
0.797	0.018493
0.798	-0.021356
0.799	-0.11763
0.8	0.05611
0.801	0.003191
0.802	0.027419
0.803	0.038577
0.804	-0.028688
0.805	0.080657
0.806	0.016899
0.807	0.119549
0.808	0.056748
0.809	0.069818
0.81	0.082888
0.811	0.03762
0.812	-0.006373
0.813	0.036026
0.814	0.090858
0.815	-0.026775
0.816	-0.005735
0.817	0.010204
0.818	0.020724
0.819	-0.107748
0.82	-0.095315
0.821	-0.071406
0.822	-0.058654
0.823	-0.036658
0.824	-0.049728
0.825	-0.207529
0.826	-0.099459
0.827	-0.029007
0.828	-0.021675
0.829	-0.071087
0.83	-0.005097
0.831	-0.056104
0.832	0.015624
0.833	-0.081926
0.834	0.10616
0.835	0.026781
0.836	0.024231
0.837	-0.008285
0.838	-0.01243
0.839	0.075237
0.84	0.107116
0.841	0.065355
0.842	0.0746
0.843	0.065036
0.844	0.026144
0.845	0.061211
0.846	0.038895
0.847	0.020724
0.848	0.126244
0.849	-0.010198
0.85	-0.014024
0.851	0.008292
0.852	0.011798
0.853	-0.075231
0.854	-0.086389
0.855	-0.080013
0.856	-0.095315
0.857	-0.055785
0.858	-0.066943
0.859	-0.163536
0.86	-0.076187
0.861	-0.145365
0.862	-0.140264
0.863	3.128e-06
0.864	-0.048772
0.865	-0.07013
0.866	0.065036
0.867	-0.06248
0.868	0.08512
0.869	0.021681
0.87	0.041764
0.871	-0.009242
0.872	-0.021675
0.873	0.121462
0.874	0.099465
0.875	-0.01498
0.876	0.0746
0.877	0.121462
0.878	-0.019124
0.879	0.046228
0.88	0.056429
0.881	0.01913
0.882	0.058979
0.883	0.101059
0.884	-0.005416
0.885	-0.010517
0.886	-0.05706
0.887	-0.080332
0.888	-0.091808
0.889	-0.064711
0.89	-0.097546
0.891	-0.01243
0.892	-0.105835
0.893	-0.088301
0.894	0.026463
0.895	-0.30189
0.896	-0.139308
0.897	-0.019762
0.898	-0.003822
0.899	-0.079694
0.9	-0.006373
0.901	-0.005097
0.902	0.036664
0.903	0.047503
0.904	0.054835
0.905	-0.006054
0.906	-0.006691
0.907	0.134532
0.908	0.114767
0.909	-0.021675
0.91	0.069499
0.911	0.130707
0.912	0.011798
0.913	-0.01243
0.914	0.082569
0.915	0.040489
0.916	-0.00191
0.917	0.091814
0.918	-0.0255
0.919	0.042402
0.92	-0.086707
0.921	-0.09914
0.922	-0.079694
0.923	-0.083838
0.924	-0.087345
0.925	-0.012748
0.926	-0.156841
0.927	-0.036658
0.928	0.096277
0.929	-0.201153
0.93	-0.152059
0.931	-0.03602
0.932	0.046228
0.933	-0.068855
0.934	-0.045902
0.935	0.015305
0.936	-0.006373
0.937	0.049734
0.938	0.077469
0.939	0.016261
0.94	0.043677
0.941	0.029332
0.942	0.203709
0.943	0.000322
0.944	0.047184
0.945	0.146008
0.946	0.009886
0.947	0.01403
0.948	0.046865
0.949	0.071412
0.95	-0.015936
0.951	0.030288
0.952	-0.015618
0.953	0.047503
0.954	-0.122731
0.955	-0.119862
0.956	-0.065667
0.957	-0.083838
0.958	-0.060567
0.959	-0.019124
0.96	-0.223468
0.961	-0.053872
0.962	0.029013
0.963	-0.03602
0.964	-0.208485
0.965	0.006379
0.966	0.014667
0.967	0.002872
0.968	-0.104241
0.969	0.067268
0.97	-0.016574
0.971	0.018174
0.972	0.034432
0.973	-0.026456
0.974	0.069499
0.975	0.011161
0.976	0.11668
0.977	0.031882
0.978	0.016261
0.979	0.111579
0.98	0.045909
0.981	0.009886
0.982	0.015305
0.983	0.087351
0.984	0.016899
0.985	-0.014661
0.986	0.012755
0.987	0.063761
0.988	-0.084476
0.989	-0.105516
0.99	-0.091489
0.991	-0.069174
0.992	-0.058654
0.993	-0.065667
0.994	-0.230481
0.995	-0.082244
0.996	-0.045584
0.997	-0.040483
0.998	-0.081926
0.999	-0.053235
1	-0.058016
1.001	0.029651
1.002	-0.101691
1.003	0.110942
1.004	-0.00191
1.005	0.024869
1.006	0.023275
1.007	-0.030282
1.008	0.0797
1.009	0.0797
1.01	0.062486
1.011	0.06408
1.012	0.058342
1.013	0.010842
1.014	0.073962
1.015	0.04304
1.016	0.018812
1.017	0.099147
1.018	0.013073
1.019	-0.009242
1.02	-0.003504
1.021	-0.016893
1.022	-0.07013
1.023	-0.094358
1.024	-0.06248
1.025	-0.041758
1.026	-0.055147
1.027	-0.097546
1.028	-0.14122
1.029	-0.093402
1.03	-0.140583
1.031	-0.142496
1.032	-0.010517
1.033	-0.027732
1.034	-0.099459
1.035	0.065036
1.036	-0.026775
1.037	0.084163
1.038	0.018812
1.039	0.042721
1.04	0.004147
1.041	-0.02295
1.042	0.162586
1.043	0.086076
1.044	-0.005735
1.045	0.11923
1.046	0.130707
1.047	3.128e-06
1.048	0.042402
1.049	0.054835
1.05	0.02455
1.051	0.044634
1.052	0.084482
1.053	-0.056741
1.054	0.056429
1.055	-0.056104
1.056	-0.124962
1.057	-0.073956
1.058	-0.055147
1.059	-0.091171
1.06	-0.024225
1.061	-0.068855
1.062	-0.058654
1.063	-0.014024
1.064	-0.30189
1.065	-0.087664
1.066	-0.002547
1.067	-0.019443
1.068	-0.069174
1.069	0.002872
1.07	-0.02805
1.071	0.063123
1.072	0.03507
1.073	0.062805
1.074	0.005104
1.075	-0.023906
1.076	0.171193
1.077	0.106479
1.078	0.003829
1.079	0.092771
1.08	0.176293
1.081	0.035389
1.082	-0.012748
1.083	0.086076
1.084	0.052922
1.085	0.015943
1.086	0.087033
1.087	-0.022312
1.088	0.063442
1.089	-0.121137
1.09	-0.111892
1.091	-0.077144
1.092	-0.082244
1.093	-0.045265
1.094	-0.022312
1.095	-0.13612
1.096	-0.029644
1.097	0.055154
1.098	-0.163854
1.099	-0.15971
1.1	-0.005097
1.101	0.051009
1.102	-0.029007
1.103	-0.114123
1.104	0.042083
1.105	-0.009561
1.106	0.033795
1.107	0.052285
1.108	-0.016893
1.109	0.042083
1.11	0.022956
1.111	0.189045
1.112	-0.003185
1.113	0.014349
1.114	0.118593
1.115	0.046865
1.116	0.022
1.117	0.059298
1.118	0.052603
1.119	0.00351
1.12	0.032201
1.121	-0.008285
1.122	0.053878
1.123	-0.116355
1.124	-0.10966
1.125	-0.101372
1.126	-0.103285
1.127	-0.024544
1.128	-0.043033
1.129	-0.229206
1.13	-0.09914
1.131	0.040808
1.132	-0.013705
1.133	-0.225381
1.134	0.029013
1.135	-0.018805
1.136	0.03762
1.137	-0.135801
1.138	0.096277
1.139	-0.014024
1.14	0.024869
1.141	0.033476
1.142	-0.014024
1.143	0.073643
1.144	0.045909
1.145	0.099147
1.146	0.048459
1.147	0.025506
1.148	0.070455
1.149	0.049734
1.15	0.016261
1.151	0.037301
1.152	0.052285
1.153	0.001916
1.154	-0.006054
1.155	-0.002547
1.156	0.009886
1.157	-0.09659
1.158	-0.099459
1.159	-0.068218
1.16	-0.071087
1.161	-0.014024
1.162	-0.057698
1.163	-0.192227
1.164	-0.094996
1.165	-0.098821
1.166	-0.057379
1.167	-0.05706
1.168	-0.04399
1.169	-0.079694
1.17	0.029969
1.171	-0.08352
1.172	0.112217
1.173	0.007335
1.174	0.038258
1.175	0.021362
1.176	-0.013705
1.177	0.11668
1.178	0.080657
1.179	0.031244
1.18	0.089264
1.181	0.094365
1.182	0.000322
1.183	0.054516
1.184	0.049734
1.185	0.02455
1.186	0.074919
1.187	0.043358
1.188	-0.044627
1.189	0.024231
1.19	-0.040802
1.191	-0.076825
1.192	-0.071724
1.193	-0.064711
1.194	-0.055466
1.195	-0.052278
1.196	-0.058016
1.197	-0.120499
1.198	-0.050366
1.199	-0.16226
1.2	-0.113805
1.201	0.010523
1.202	-0.019762
1.203	-0.105197
1.204	0.053241
1.205	-0.053553
1.206	0.099784
1.207	0.040489
1.208	0.04814
1.209	-0.009242
1.21	-0.019443
1.211	0.171193
1.212	0.073325
1.213	-0.034426
1.214	0.102653
1.215	0.155572
1.216	0.018174
1.217	0.02455
1.218	0.044952
1.219	0.016899
1.22	0.093727
1.221	0.085439
1.222	-0.038252
1.223	0.052603
1.224	-0.062798
1.225	-0.122093
1.226	-0.123687
1.227	-0.081926
1.228	-0.051322
1.229	-0.01753
1.23	-0.105835
1.231	-0.055785
1.232	0.009567
1.233	-0.321655
1.234	-0.067261
1.235	0.002553
1.236	-0.008285
1.237	-0.041758
1.238	-0.04399
1.239	-0.015936
1.24	0.027738
1.241	0.029651
1.242	0.064399
1.243	-0.00701
1.244	-0.026138
1.245	0.110942
1.246	0.101697
1.247	0.006698
1.248	0.032838
1.249	0.160673
1.25	0.060254
1.251	0.003829
1.252	0.072368
1.253	0.051647
1.254	0.020406
1.255	0.076831
1.256	-0.044309
1.257	0.046546
1.258	-0.102328
1.259	-0.091808
1.26	-0.116355
1.261	-0.103603
1.262	-0.053235
1.263	-0.07555
1.264	-0.155247
1.265	-0.065349
1.266	0.031882
1.267	-0.131976
1.268	-0.171187
1.269	0.009567
1.27	0.046865
1.271	-0.008923
1.272	-0.138033
1.273	0.050691
1.274	3.128e-06
1.275	0.020724
1.276	0.075556
1.277	-0.02295
1.278	0.065674
1.279	-0.021675
1.28	0.164179
1.281	0.038577
1.282	0.020087
1.283	0.092133
1.284	0.035389
1.285	0.001597
1.286	0.057385
1.287	0.064399
1.288	-0.002866
1.289	0.017218
1.29	0.038895
1.291	0.0271
1.292	-0.087983
1.293	-0.08862
1.294	-0.085751
1.295	-0.064711
1.296	-0.093402
1.297	-0.066943
1.298	-0.206891
1.299	-0.07013
1.3	0.049415
1.301	-0.027413
1.302	-0.213586
1.303	0.026463
1.304	-0.019124
1.305	0.02455
1.306	-0.101053
1.307	0.070774
1.308	-0.011792
1.309	0.055472
1.31	0.048778
1.311	-0.020081
1.312	0.094683
1.313	0.028375
1.314	0.096596
1.315	0.078425
1.316	0.051328
1.317	0.04559
1.318	0.018812
1.319	0.026144
1.32	0.03252
1.321	0.090858
1.322	0.006698
1.323	-0.019762
1.324	0.029651
1.325	-0.009879
1.326	-0.084476
1.327	-0.089577
1.328	-0.081607
1.329	-0.063755
1.33	-0.042077
1.331	-0.046221
1.332	-0.195733
1.333	-0.094996
1.334	-0.024862
1.335	-0.055147
1.336	-0.056423
1.337	-0.059929
1.338	-0.098184
1.339	0.058979
1.34	-0.083201
1.341	0.102653
1.342	0.008292
1.343	0.030607
1.344	0.00861
1.345	-0.052278
1.346	0.118593
1.347	0.102653
1.348	0.020087
1.349	0.04559
1.35	0.152065
1.351	0.008929
1.352	0.034114
1.353	0.048459
1.354	0.023912
1.355	0.097871
1.356	0.030288
1.357	-0.01753
1.358	0.005423
1.359	-0.027732
1.36	-0.094358
1.361	-0.078738
1.362	-0.076187
1.363	-0.06248
1.364	-0.010198
1.365	-0.070768
1.366	-0.119224
1.367	-0.092764
1.368	-0.241639
1.369	-0.154291
1.37	0.018812
1.371	-0.039845
1.372	-0.087983
1.373	0.065355
1.374	-0.072362
1.375	0.078744
1.376	0.044952
1.377	0.014986
1.378	-0.025181
1.379	-0.03857
1.38	0.162586
1.381	0.09564
1.382	0.00861
1.383	0.054197
1.384	0.141864
1.385	0.022956
1.386	0.047503
1.387	0.076512
1.388	0.012755
1.389	0.07715
1.39	0.088945
1.391	-0.01498
1.392	0.009567
1.393	-0.061204
1.394	-0.072681
1.395	-0.083838
1.396	-0.081288
1.397	-0.073637
1.398	-0.022631
1.399	-0.104241
1.4	-0.060886
1.401	0.015305
1.402	-0.251521
1.403	-0.082563
1.404	-0.013067
1.405	-0.020081
1.406	-0.060567
1.407	-0.031557
1.408	0.004147
1.409	0.031882
1.41	0.038577
1.411	0.099784
1.412	-0.002228
1.413	-0.000953
1.414	0.116361
1.415	0.1272
1.416	0.017218
1.417	0.046228
1.418	0.138995
1.419	0.030926
1.42	0.015305
1.421	0.058979
1.422	0.036664
1.423	-0.002866
1.424	0.076831
1.425	-0.021037
1.426	0.033795
1.427	-0.110935
1.428	-0.109023
1.429	-0.094358
1.43	-0.077463
1.431	-0.095634
1.432	-0.031876
1.433	-0.17565
1.434	-0.0255
1.435	0.044952
1.436	-0.161623
1.437	-0.145683
1.438	-0.016255
1.439	0.045271
1.44	-0.032832
1.441	-0.113805
1.442	0.061529
1.443	0.013392
1.444	0.044952
1.445	0.044634
1.446	-0.019762
1.447	0.092133
1.448	-0.019124
1.449	0.187451
1.45	0.038577
1.451	0.025187
1.452	0.102972
1.453	0.022956
1.454	0.001597
1.455	0.033795
1.456	0.075237
1.457	0.007335
1.458	-0.017211
1.459	0.02455
1.46	0.046546
1.461	-0.103603
1.462	-0.112848
1.463	-0.091489
1.464	-0.064392
1.465	-0.082563
1.466	-0.01753
1.467	-0.199878
1.468	-0.08862
1.469	0.042083
1.47	-0.02295
1.471	-0.170549
1.472	0.012436
1.473	0.012755
1.474	0.001916
1.475	-0.123049
1.476	0.077788
1.477	-0.000953
1.478	0.010523
1.479	0.017855
1.48	-0.035382
1.481	0.086395
1.482	0.022956
1.483	0.117317
1.484	0.051647
1.485	0.037939
1.486	0.088308
1.487	0.068862
1.488	0.002553
1.489	0.030607
1.49	0.117636
1.491	0.011161
1.492	-0.0255
1.493	-0.001591
1.494	0.015624
1.495	-0.06248
1.496	-0.104241
1.497	-0.082244
1.498	-0.032195
1.499	-0.028369
1.5	-0.089895
1.501	-0.189039
1.502	-0.110935
1.503	-0.013705
1.504	-0.063755
1.505	-0.044627
1.506	-0.039208
1.507	-0.069493
1.508	0.036026
1.509	-0.058016
1.51	0.0797
1.511	0.021362
1.512	0.056429
1.513	0.001278
1.514	-0.015299
1.515	0.086714
1.516	0.076831
1.517	0.04559
1.518	0.05356
1.519	0.080019
1.52	0.042083
1.521	0.04814
1.522	0.044952
1.523	0.039214
1.524	0.100422
1.525	0.051966
1.526	-0.018487
1.527	0.014986
1.528	-0.051003
1.529	-0.088301
1.53	-0.105835
1.531	-0.072043
1.532	-0.06248
1.533	-0.042396
1.534	-0.064073
1.535	-0.140902
1.536	-0.095315
1.537	-0.242595
1.538	-0.114761
1.539	0.013711
1.54	-0.07013
1.541	-0.089895
1.542	0.046865
1.543	-0.022312
1.544	0.10074
1.545	0.028375
1.546	0.040808
1.547	0.00861
1.548	-0.029325
1.549	0.151747
1.55	0.08512
1.551	-0.024225
1.552	0.125925
1.553	0.123693
1.554	-0.011792
1.555	0.038577
1.556	0.075875
1.557	0.020406
1.558	0.020724
1.559	0.072368
1.56	-0.051003
1.561	0.051647
1.562	-0.073
1.563	-0.101053
1.564	-0.126237
1.565	-0.101691
1.566	-0.102009
1.567	-0.021037
1.568	-0.092764
1.569	-0.062798
1.57	0.010842
1.571	-0.271924
1.572	-0.127194
1.573	0.029969
1.574	0.00351
1.575	-0.093721
1.576	-0.021356
1.577	-0.015299
1.578	0.033795
1.579	0.028375
1.58	0.065674
1.581	-0.032195
1.582	0.013711
1.583	0.133576
1.584	0.101697
1.585	-0.017849
1.586	0.09564
1.587	0.146327
1.588	0.025825
1.589	-0.026138
1.59	0.102653
1.591	0.051009
1.592	0.014667
1.593	0.062805
1.594	-0.01753
1.595	0.059298
1.596	-0.13612
1.597	-0.079694
1.598	-0.098503
1.599	-0.071406
1.6	-0.053553
1.601	-0.03347
1.602	-0.136757
1.603	-0.05451
1.604	0.039852
1.605	-0.145365
1.606	-0.164492
1.607	-0.008285
1.608	0.050372
1.609	-0.005735
1.61	-0.144727
1.611	0.078425
1.612	-0.00701
1.613	0.048459
1.614	0.038258
1.615	-0.051322
1.616	0.048778
1.617	0.044315
1.618	0.210085
1.619	-0.011792
1.62	0.016261
1.621	0.154297
1.622	0.041127
1.623	0.01148
1.624	0.06663
1.625	0.05356
1.626	0.036345
1.627	-0.021356
1.628	0.00861
1.629	0.077469
1.63	-0.124325
1.631	-0.100415
1.632	-0.083201
1.633	-0.069493
1.634	-0.051003
1.635	-0.059929
1.636	-0.218367
1.637	-0.114761
1.638	0.017218
1.639	-0.025819
1.64	-0.16226
1.641	0.025506
1.642	-0.001591
1.643	0.030288
1.644	-0.116036
1.645	0.087989
1.646	-0.009879
1.647	0.039852
1.648	0.008929
1.649	-0.018805
1.65	0.074919
1.651	-0.018487
1.652	0.15079
1.653	0.025506
1.654	0.004147
1.655	0.074281
1.656	0.027738
1.657	0.034432
1.658	0.006698
1.659	0.034751
1.66	0.041764
1.661	-0.053235
1.662	0.01148
1.663	0.009567
1.664	-0.073637
1.665	-0.094358
1.666	-0.090214
1.667	-0.072043
1.668	-0.035382
1.669	-0.058335
1.67	-0.163854
1.671	-0.09404
1.672	-0.02295
1.673	-0.047815
1.674	-0.050366
1.675	-0.025181
1.676	-0.077781
1.677	0.027419
1.678	-0.057698
1.679	0.084482
1.68	0.024231
1.681	0.024231
1.682	-0.005416
1.683	-0.008923
1.684	0.090858
1.685	0.044315
1.686	0.058979
1.687	0.104566
1.688	0.025187
1.689	0.000322
1.69	0.046228
1.691	0.04559
1.692	0.01148
1.693	0.057704
1.694	0.100103
1.695	-0.079375
1.696	0.043358
1.697	-0.062798
1.698	-0.09404
1.699	-0.124325
1.7	-0.075231
1.701	-0.072043
1.702	-0.041439
1.703	-0.082882
1.704	-0.056104
1.705	-0.047815
1.706	-0.227612
1.707	-0.092764
1.708	0.019449
1.709	-0.022631
1.71	-0.093402
1.711	0.023275
1.712	-0.029644
1.713	0.084482
1.714	0.020724
1.715	0.06918
1.716	0.015943
1.717	-0.016574
1.718	0.196058
1.719	0.068543
1.72	-0.039208
1.721	0.140908
1.722	0.133895
1.723	0.022637
1.724	0.041446
1.725	0.090539
1.726	0.0271
1.727	0.055472
1.728	0.110304
1.729	-0.054191
1.73	0.049097
1.731	-0.092127
1.732	-0.097228
1.733	-0.086389
1.734	-0.094996
1.735	-0.021037
1.736	0.004466
1.737	-0.121774
1.738	-0.057698
1.739	0.041764
1.74	-0.276706
1.741	-0.128788
1.742	0.001916
1.743	0.019768
1.744	-0.016893
1.745	-0.063117
1.746	0.013073
1.747	0.018812
1.748	0.0271
1.749	0.079063
1.75	0.004466
1.751	-0.010836
1.752	0.167686
1.753	0.092771
1.754	-0.031557
1.755	0.059617
1.756	0.170874
1.757	0.05356
1.758	-0.019443
1.759	0.083526
1.76	0.04814
1.761	0.006698
1.762	0.058342
1.763	-0.025181
1.764	0.061529
1.765	-0.115398
1.766	-0.088939
1.767	-0.097865
1.768	-0.081288
1.769	-0.047496
1.77	-0.072681
1.771	-0.166086
1.772	-0.077144
1.773	-0.012111
1.774	-0.08065
1.775	-0.193821
1.776	0.0271
1.777	0.012755
1.778	-0.009242
1.779	-0.127194
1.78	0.074281
1.781	-0.024544
1.782	0.015624
1.783	0.075237
1.784	-0.014342
1.785	0.047821
1.786	-0.005735
1.787	0.186495
1.788	0.007973
1.789	0.020087
1.79	0.097553
1.791	0.031244
1.792	0.013392
1.793	0.040171
1.794	0.051328
1.795	0.012755
1.796	-0.003822
1.797	0.013073
1.798	0.035389
1.799	-0.081607
1.8	-0.094677
1.801	-0.053235
1.802	-0.087345
1.803	-0.041758
1.804	-0.058973
1.805	-0.23622
1.806	-0.064711
1.807	0.014667
1.808	-0.010836
1.809	-0.153653
1.81	-0.00191
1.811	-0.023906
1.812	0.015624
1.813	-0.074275
1.814	0.122099
1.815	0.000641
1.816	0.037939
1.817	0.032201
1.818	-0.026456
1.819	0.089264
1.82	0.036345
1.821	0.073325
1.822	0.098828
1.823	0.043996
1.824	0.04304
1.825	0.041127
1.826	0.020724
1.827	0.01148
1.828	0.057704
1.829	0.021681
1.83	-0.050684
1.831	0.041127
1.832	-0.039845
1.833	-0.099778
1.834	-0.091489
1.835	-0.052597
1.836	-0.052916
1.837	-0.005735
1.838	-0.08352
1.839	-0.156841
1.84	-0.058654
1.841	-0.073318
1.842	-0.076825
1.843	-0.013705
1.844	-0.042715
1.845	-0.104878
1.846	0.062805
1.847	-0.101053
1.848	0.086076
1.849	0.031244
1.85	0.049734
1.851	0.002553
1.852	-0.008604
1.853	0.124331
1.854	0.107116
1.855	0.002553
1.856	0.09022
1.857	0.131344
1.858	0.007335
1.859	0.071731
1.86	0.030288
1.861	0.061529
1.862	0.101697
1.863	0.082888
1.864	-0.041439
1.865	0.035389
1.866	-0.047178
1.867	-0.110617
1.868	-0.077463
1.869	-0.072043
1.87	-0.065349
1.871	0.038258
1.872	-0.085432
1.873	-0.104241
1.874	-0.016255
1.875	-0.149509
1.876	-0.085751
1.877	0.022
1.878	-0.023906
1.879	-0.106791
1.88	0.021043
1.881	-0.037614
1.882	0.089902
1.883	0.022318
1.884	0.05866
1.885	0.004147
1.886	-0.034107
1.887	0.14569
1.888	0.090858
1.889	-0.020081
1.89	0.065674
1.891	0.152065
1.892	0.019768
1.893	0.039533
1.894	0.065036
1.895	0.031882
1.896	0.030288
1.897	0.082251
1.898	-0.037295
1.899	0.038577
1.9	-0.102966
1.901	-0.080969
1.902	-0.057379
1.903	-0.096271
1.904	-0.097546
1.905	-0.00701
1.906	-0.129425
1.907	-0.042077
1.908	0.034432
1.909	-0.287226
1.91	-0.080969
1.911	-0.025181
1.912	-0.030282
1.913	-0.019124
1.914	-0.099459
1.915	0.024231
1.916	-0.006373
1.917	0.031882
1.918	0.06408
1.919	0.002872
1.92	0.01403
1.921	0.02455
1.922	0.160035
1.923	0.021681
1.924	0.021362
1.925	0.107116
1.926	0.038577
1.927	0.028057
1.928	0.065992
1.929	0.057704
1.93	-0.021037
1.931	0.06918
1.932	0.022637
1.933	0.031882
1.934	-0.119862
1.935	-0.100734
1.936	-0.06248
1.937	-0.097546
1.938	-0.069812
1.939	-0.043352
1.94	-0.191908
1.941	-0.038889
1.942	0.016261
1.943	-0.0781
1.944	-0.179475
1.945	0.008929
1.946	0.017218
1.947	-0.015299
1.948	-0.129106
1.949	0.076512
1.95	0.000322
1.951	0.035707
1.952	0.050372
1.953	-0.039527
1.954	0.098509
1.955	-0.010517
1.956	0.138358
1.957	0.083526
1.958	0.057066
1.959	0.057704
1.96	0.055791
1.961	0.026463
1.962	0.018174
1.963	0.078425
1.964	-0.008285
1.965	-0.01243
1.966	0.021362
1.967	0.055154
1.968	-0.090214
1.969	-0.119224
1.97	-0.085751
1.971	-0.034745
1.972	-0.018168
1.973	-0.012748
1.974	-0.238132
1.975	-0.06758
1.976	-0.008604
1.977	0.016261
1.978	-0.110617
1.979	0.00351
1.98	-0.037933
1.981	-0.006373
1.982	-0.058654
1.983	0.098828
1.984	-0.012748
1.985	0.039852
1.986	-0.020081
1.987	-0.002547
1.988	0.083526
1.989	0.061211
1.99	0.065674
1.991	0.050372
1.992	0.070455
1.993	0.04814
1.994	0.067905
1.995	0.023275
1.996	0.010204
