4.462	-0.018487
4.463	-0.060248
4.464	-0.073
4.465	-0.064073
4.466	-0.065667
4.467	-0.029644
4.468	-0.077463
4.469	-0.163854
4.47	-0.078419
4.471	-0.038889
4.472	-0.047178
4.473	-0.029325
4.474	-0.023587
4.475	-0.041758
4.476	-0.062798
4.477	-0.05706
4.478	0.044315
4.479	0.052603
4.48	0.040171
4.481	-0.056741
4.482	0.067268
4.483	0.095321
4.484	0.004466
4.485	0.037301
4.486	0.107435
4.487	0.067586
4.488	0.001278
4.489	0.050372
4.49	0.040489
4.491	0.032838
4.492	0.059617
4.493	0.052603
4.494	-0.001272
4.495	0.037939
4.496	-0.071087
4.497	-0.071087
4.498	-0.117311
4.499	-0.102009
4.5	-0.085114
4.501	-0.071406
4.502	-0.109341
4.503	-0.109341
4.504	-0.077781
4.505	-0.122412
4.506	-0.116992
4.507	0.042083
4.508	-0.063755
4.509	-0.091171
4.51	-0.033151
4.511	-0.003822
4.512	-0.008604
4.513	0.041446
4.514	0.002553
4.515	-0.042077
4.516	0.025506
4.517	0.118274
4.518	0.065355
4.519	-0.035701
4.52	0.121781
4.521	0.097234
4.522	-0.008285
4.523	0.054835
4.524	0.03762
4.525	0.065036
4.526	0.007654
4.527	0.017218
4.528	0.01913
4.529	0.043358
4.53	-0.083838
4.531	-0.097865
4.532	-0.072681
4.533	-0.047496
4.534	-0.083201
4.535	-0.061842
4.536	-0.111573
4.537	-0.01498
4.538	0.017855
4.539	-0.214861
4.54	-0.096909
4.541	0.023275
4.542	-0.017211
4.543	-0.023587
4.544	-0.055147
4.545	0.105522
4.546	-0.018805
4.547	0.061848
4.548	0.053878
4.549	-0.039845
4.55	0.038258
4.551	0.105522
4.552	0.110623
4.553	0.048778
4.554	0.085757
4.555	0.111579
4.556	0.065674
4.557	0.027738
4.558	0.066949
4.559	0.06408
4.56	0.052922
4.561	-0.056741
4.562	0.055791
4.563	0.03507
4.564	-0.084795
4.565	-0.10456
4.566	-0.037614
4.567	-0.042396
4.568	-0.038252
4.569	-0.042396
4.57	-0.142814
4.571	-0.033789
4.572	-0.001272
4.573	-0.13867
4.574	-0.080332
4.575	-0.013386
4.576	-0.009879
4.577	-0.029325
4.578	-0.076506
4.579	0.084163
4.58	0.03507
4.581	0.062486
4.582	-0.02295
4.583	0.009248
4.584	0.105841
4.585	-0.071406
4.586	0.170874
4.587	0.058342
4.588	0.037939
4.589	0.0746
4.59	0.036026
4.591	0.034114
4.592	0.032838
4.593	-0.005416
4.594	0.061211
4.595	-0.043033
4.596	0.031882
4.597	-0.058016
4.598	-0.09404
4.599	-0.112211
4.6	-0.103285
4.601	-0.100415
4.602	-0.043671
4.603	-0.089895
4.604	-0.183938
4.605	-0.106154
4.606	-0.085432
4.607	-0.080013
4.608	-0.021675
4.609	-0.067899
4.61	-0.063755
4.611	-0.059292
4.612	-0.035064
4.613	0.015624
4.614	0.020724
4.615	0.022956
4.616	-0.039527
4.617	0.058342
4.618	0.098509
4.619	0.012755
4.62	0.030926
4.621	0.132619
4.622	0.065674
4.623	0.031244
4.624	0.064717
4.625	0.055154
4.626	0.059617
4.627	0.061529
4.628	0.04559
4.629	0.01913
4.63	0.015624
4.631	-0.093402
4.632	-0.064392
4.633	-0.078738
4.634	-0.054829
4.635	-0.045902
4.636	-0.080013
4.637	-0.075869
4.638	-0.028688
4.639	-0.062161
4.64	-0.178838
4.641	-0.110935
4.642	0.050691
4.643	-0.061523
4.644	-0.043033
4.645	-0.054191
4.646	0.072049
4.647	-0.016893
4.648	0.039214
4.649	3.128e-06
4.65	-0.029644
4.651	0.040489
4.652	0.164498
4.653	0.04304
4.654	-0.016574
4.655	0.168643
4.656	0.083845
4.657	0.014986
4.658	0.011161
4.659	0.04304
4.66	0.092452
4.661	0.046228
4.662	-0.001591
4.663	0.038895
4.664	0.035389
4.665	-0.064711
4.666	-0.12018
4.667	-0.035064
4.668	-0.043671
4.669	-0.071724
4.67	-0.06248
4.671	-0.204341
4.672	-0.05961
4.673	0.011798
4.674	-0.225062
4.675	-0.105835
4.676	-0.01498
4.677	-0.029325
4.678	-0.018805
4.679	-0.080332
4.68	0.072368
4.681	-0.008285
4.682	0.042083
4.683	0.015943
4.684	-0.047496
4.685	0.040489
4.686	0.044952
4.687	0.122737
4.688	-0.023268
4.689	0.082569
4.69	0.08767
4.691	0.020724
4.692	0.025825
4.693	0.038577
4.694	0.042402
4.695	0.074281
4.696	-0.065667
4.697	0.022956
4.698	-0.006373
4.699	-0.058654
4.7	-0.129106
4.701	-0.090852
4.702	-0.071406
4.703	-0.061204
4.704	-0.073637
4.705	-0.225381
4.706	-0.076825
4.707	-0.034745
4.708	-0.016893
4.709	-0.088301
4.71	-0.035064
4.711	0.004785
4.712	-0.03857
4.713	-0.029007
4.714	0.017537
4.715	0.039852
4.716	0.065036
4.717	-0.017849
4.718	0.039214
4.719	0.113811
4.72	-0.076506
4.721	0.152703
4.722	0.080019
4.723	0.069818
4.724	0.073643
4.725	0.022956
4.726	0.096596
4.727	0.049097
4.728	0.027419
4.729	0.088626
4.73	0.030607
4.731	0.083207
4.732	-0.085114
4.733	-0.053553
4.734	-0.100097
4.735	-0.056104
4.736	-0.06248
4.737	-0.050684
4.738	-0.093402
4.739	-0.057698
4.74	-0.066624
4.741	-0.042715
4.742	-0.098503
4.743	0.052603
4.744	-0.042715
4.745	-0.065667
4.746	-0.021993
4.747	0.001597
4.748	0.015305
4.749	0.042402
4.75	0.019449
4.751	0.005741
4.752	0.078744
4.753	0.111898
4.754	0.054197
4.755	0.020724
4.756	0.163223
4.757	0.070455
4.758	0.007016
4.759	0.050372
4.76	0.025825
4.761	0.071731
4.762	0.050691
4.763	-0.013386
4.764	-0.005735
4.765	0.035707
4.766	-0.11508
4.767	-0.073637
4.768	-0.067899
4.769	-0.073318
4.77	-0.060886
4.771	-0.093402
4.772	-0.135482
4.773	-0.041121
4.774	0.017537
4.775	-0.222512
4.776	-0.114123
4.777	0.036026
4.778	-0.036658
4.779	-0.037295
4.78	-0.094677
4.781	0.031882
4.782	-0.01498
4.783	0.029013
4.784	0.009886
4.785	-0.081288
4.786	0.007016
4.787	0.159716
4.788	0.048778
4.789	-0.001591
4.79	0.124012
4.791	0.051647
4.792	0.023912
4.793	0.030288
4.794	0.028694
4.795	0.072368
4.796	0.060254
4.797	-0.040164
4.798	0.077788
4.799	0.030926
4.8	-0.087983
4.801	-0.073
4.802	-0.06758
4.803	-0.07013
4.804	-0.029325
4.805	-0.0781
4.806	-0.16768
4.807	-0.048453
4.808	-0.003822
4.809	-0.1256
4.81	-0.08862
4.811	-0.029325
4.812	0.022318
4.813	-0.031557
4.814	-0.048453
4.815	0.084163
4.816	0.029332
4.817	0.065992
4.818	-0.011473
4.819	-0.00446
4.82	0.075556
4.821	-0.056104
4.822	0.178525
4.823	0.042083
4.824	0.091496
4.825	0.066949
4.826	0.051328
4.827	0.073006
4.828	0.036983
4.829	0.036026
4.83	0.075556
4.831	-0.00446
4.832	0.028057
4.833	-0.039208
4.834	-0.073
4.835	-0.098821
4.836	-0.065986
4.837	-0.065667
4.838	-0.045584
4.839	-0.066624
4.84	-0.182025
4.841	-0.06248
4.842	-0.051959
4.843	-0.062161
4.844	-0.041758
4.845	-0.028688
4.846	-0.029325
4.847	-0.047178
4.848	-0.034745
4.849	0.046228
4.85	0.059935
4.851	0.042402
4.852	-0.023268
4.853	0.045271
4.854	0.09819
4.855	-0.040802
4.856	0.067905
4.857	0.117317
4.858	0.057704
4.859	0.017218
4.86	0.029969
4.861	0.049097
4.862	0.033476
4.863	0.042083
4.864	0.030607
4.865	0.006698
4.866	0.029332
4.867	-0.087983
4.868	-0.066305
4.869	-0.116992
4.87	-0.063436
4.871	-0.079375
4.872	-0.050047
4.873	-0.085432
4.874	-0.104878
4.875	-0.065349
4.876	-0.153016
4.877	-0.086707
4.878	0.04559
4.879	-0.074912
4.88	-0.073637
4.881	-0.036339
4.882	0.042402
4.883	0.001916
4.884	0.051647
4.885	0.005423
4.886	-0.022631
4.887	0.035707
4.888	0.126562
4.889	0.092452
4.89	-0.005735
4.891	0.140589
4.892	0.06408
4.893	-0.00191
4.894	0.059298
4.895	0.030607
4.896	0.063442
4.897	0.01913
4.898	0.023594
4.899	0.012117
4.9	0.018174
4.901	-0.080969
4.902	-0.101691
4.903	-0.036339
4.904	-0.04909
4.905	-0.067261
4.906	-0.033151
4.907	-0.136439
4.908	-0.021037
4.909	3.128e-06
4.91	-0.234307
4.911	-0.081607
4.912	-0.007329
4.913	-0.025181
4.914	-0.060567
4.915	-0.023268
4.916	0.078425
4.917	0.003829
4.918	0.040171
4.919	0.044315
4.92	-0.009879
4.921	0.042402
4.922	0.085757
4.923	0.149196
4.924	0.021362
4.925	0.107435
4.926	0.083207
4.927	0.043677
4.928	0.046228
4.929	0.039214
4.93	0.082569
4.931	0.016899
4.932	-0.009242
4.933	0.010842
4.934	0.021362
4.935	-0.035701
4.936	-0.090852
4.937	-0.025181
4.938	-0.057698
4.939	-0.027732
4.94	-0.069493
4.941	-0.211673
4.942	-0.031557
4.943	-0.046221
4.944	-0.040483
4.945	-0.100097
4.946	-0.036658
4.947	0.023594
4.948	-0.069812
4.949	-0.054191
4.95	0.071412
4.951	0.002872
4.952	0.033795
4.953	-0.021037
4.954	-0.002228
4.955	0.087033
4.956	-0.081926
4.957	0.112536
4.958	0.080019
4.959	0.020406
4.96	0.061848
4.961	0.050372
4.962	0.063761
4.963	0.028057
4.964	0.073962
4.965	0.029651
4.966	0.009248
4.967	0.010523
4.968	-0.034745
4.969	-0.071087
4.97	-0.092127
4.971	-0.08607
4.972	-0.093721
4.973	-0.035701
4.974	-0.08862
4.975	-0.157797
4.976	-0.088301
4.977	-0.098184
4.978	-0.093402
4.979	-0.035064
4.98	-0.065986
4.981	-0.034107
4.982	-0.033789
4.983	-0.032195
4.984	0.009248
4.985	0.068543
4.986	0.014667
4.987	-0.044946
4.988	0.051647
4.989	0.09022
4.99	0.067268
4.991	-0.009879
4.992	0.139633
4.993	0.105203
4.994	-0.024225
4.995	0.091177
4.996	0.021681
4.997	0.053241
4.998	0.052285
4.999	0.073643
5	0.024231
5.001	0.010523
5.002	-0.08352
5.003	-0.097546
5.004	-0.069812
5.005	-0.051641
5.006	-0.099778
5.007	-0.020718
5.008	-0.077144
5.009	-0.045584
5.01	-0.027732
5.011	-0.155247
5.012	-0.114761
5.013	0.04304
5.014	-0.026775
5.015	-0.087664
5.016	-0.016574
5.017	0.029332
5.018	0.012117
5.019	0.043677
5.02	0.038577
5.021	0.009886
5.022	-0.006373
5.023	0.177569
5.024	0.06918
5.025	-0.024862
5.026	0.137082
5.027	0.092771
5.028	0.027738
5.029	0.011161
5.03	0.058342
5.031	0.092133
5.032	-0.031876
5.033	0.012436
5.034	0.031244
5.035	-0.009242
5.036	-0.087345
5.037	-0.132932
5.038	-0.056423
5.039	-0.054191
5.04	-0.10966
5.041	-0.069493
5.042	-0.145046
5.043	-0.029007
5.044	-0.002866
5.045	-0.171505
5.046	-0.08065
5.047	-0.025181
5.048	0.003191
5.049	-0.073637
5.05	-0.060248
5.051	0.080019
5.052	-0.033151
5.053	0.032201
5.054	0.018174
5.055	-0.039845
5.056	0.061529
5.057	-0.039208
5.058	0.171512
5.059	0.030288
5.06	0.048778
5.061	0.131663
5.062	0.041764
5.063	0.019768
5.064	0.034114
5.065	0.058342
5.066	0.01658
5.067	-0.020399
5.068	0.002872
5.069	0.023912
5.07	-0.064711
5.071	-0.131338
5.072	-0.052597
5.073	-0.062798
5.074	-0.026775
5.075	-0.073637
5.076	-0.21773
5.077	-0.060886
5.078	-0.008923
5.079	-0.018487
5.08	-0.084157
5.081	-0.019762
5.082	3.128e-06
5.083	-0.040802
5.084	-0.054191
5.085	0.086714
5.086	0.035707
5.087	0.036983
5.088	-0.032513
5.089	0.027738
5.09	0.107754
5.091	-0.013705
5.092	0.09819
5.093	0.096596
5.094	0.051328
5.095	0.061529
5.096	0.091496
5.097	0.05611
5.098	0.047184
5.099	0.041764
5.1	0.059298
5.101	0.00351
5.102	0.043996
5.103	-0.074275
5.104	-0.069812
5.105	-0.087345
5.106	-0.060248
5.107	-0.076187
5.108	-0.037933
5.109	-0.101691
5.11	-0.112848
5.111	-0.069812
5.112	-0.092764
5.113	-0.082563
5.114	0.044634
5.115	-0.066943
5.116	-0.05706
5.117	-0.046859
5.118	-0.009879
5.119	-0.011792
5.12	0.040171
5.121	0.033157
5.122	-0.032513
5.123	0.051328
5.124	0.114448
5.125	0.062805
5.126	-0.016574
5.127	0.179163
5.128	0.089583
5.129	-0.015299
5.13	0.050691
5.131	0.025825
5.132	0.097871
5.133	-0.024862
5.134	0.025825
5.135	0.018812
5.136	0.005104
5.137	-0.094677
5.138	-0.118268
5.139	-0.059929
5.14	-0.074912
5.141	-0.044946
5.142	-0.108704
5.143	-0.08607
5.144	-0.070449
5.145	0.027738
5.146	-0.20721
5.147	-0.147596
5.148	0.025506
5.149	-0.050684
5.15	-0.083838
5.151	-0.050047
5.152	0.056429
5.153	-0.042077
5.154	0.029013
5.155	0.025187
5.156	-0.012748
5.157	0.006379
5.158	0.136126
5.159	0.104247
5.16	-0.016574
5.161	0.120187
5.162	0.104885
5.163	0.024869
5.164	0.002553
5.165	0.03507
5.166	0.094046
5.167	0.028375
5.168	-0.011473
5.169	0.038577
5.17	0.065355
5.171	-0.099459
5.172	-0.11508
5.173	-0.019124
5.174	-0.074912
5.175	-0.015936
5.176	-0.058654
5.177	-0.197327
5.178	-0.053872
5.179	0.000322
5.18	-0.114123
5.181	-0.090533
5.182	-0.011154
5.183	0.011161
5.184	-0.024544
5.185	-0.072043
5.186	0.10616
5.187	-0.003504
5.188	0.053878
5.189	0.028694
5.19	-0.011792
5.191	0.090539
5.192	-0.019762
5.193	0.173743
5.194	0.073643
5.195	0.036664
5.196	0.064717
5.197	0.09309
5.198	0.038577
5.199	0.055154
5.2	0.025187
5.201	0.045271
5.202	-0.027413
5.203	0.029013
5.204	-0.029007
5.205	-0.062798
5.206	-0.073318
5.207	-0.040483
5.208	-0.06248
5.209	-0.046221
5.21	-0.073
5.211	-0.160348
5.212	-0.091489
5.213	-0.031557
5.214	-0.050684
5.215	-0.055785
5.216	-0.034745
5.217	-0.03857
5.218	-0.048453
5.219	-0.043033
5.22	0.021043
5.221	0.060573
5.222	0.048459
5.223	-0.029007
5.224	0.058979
5.225	0.083845
5.226	-0.015299
5.227	0.051647
5.228	0.147921
5.229	0.062167
5.23	0.01913
5.231	0.055472
5.232	0.034751
5.233	0.058023
5.234	0.029969
5.235	0.034432
5.236	-0.007967
5.237	0.01913
5.238	-0.099778
5.239	-0.080332
5.24	-0.071406
5.241	-0.091808
5.242	-0.075231
5.243	-0.060248
5.244	-0.063755
5.245	-0.071087
5.246	-0.033789
5.247	-0.16226
5.248	-0.153653
5.249	0.042083
5.25	-0.051003
5.251	-0.074912
5.252	-0.016893
5.253	-0.016574
5.254	0.007973
5.255	0.028694
5.256	0.022956
5.257	-0.01753
5.258	0.010842
5.259	0.152703
5.26	0.067905
5.261	-0.015618
5.262	0.195421
5.263	0.088308
5.264	0.007973
5.265	0.030288
5.266	0.049734
5.267	0.079382
5.268	0.028375
5.269	0.036664
5.27	0.04559
5.271	0.05611
5.272	-0.069812
5.273	-0.06503
5.274	-0.043671
5.275	-0.049728
5.276	-0.006691
5.277	-0.051959
5.278	-0.15971
5.279	-0.026775
5.28	0.03507
5.281	-0.201153
5.282	-0.089577
5.283	0.00351
5.284	-0.014661
5.285	-0.027732
5.286	-0.097865
5.287	0.095959
5.288	-0.026138
5.289	0.060254
5.29	0.031882
5.291	-0.026138
5.292	0.030926
5.293	0.088626
5.294	0.099465
5.295	0.021043
5.296	0.080976
5.297	0.095959
5.298	0.055791
5.299	0.021362
5.3	0.058342
5.301	0.033795
5.302	0.051647
5.303	-0.025181
5.304	0.012117
5.305	0.012755
5.306	-0.073318
5.307	-0.08607
5.308	-0.055785
5.309	-0.068855
5.31	-0.051959
5.311	-0.077144
5.312	-0.163536
5.313	-0.100734
5.314	-0.025181
5.315	-0.057379
5.316	-0.113167
5.317	-0.019124
5.318	-0.051003
5.319	-0.039845
5.32	-0.045902
5.321	0.06918
5.322	0.040171
5.323	0.023275
5.324	-0.023587
5.325	-0.019443
5.326	0.070455
5.327	-0.059292
5.328	0.171512
5.329	0.048778
5.33	0.073325
5.331	0.023594
5.332	0.039852
5.333	0.042402
5.334	0.029969
5.335	0.019768
5.336	0.085439
5.337	-0.018168
5.338	0.051966
5.339	-0.055147
5.34	-0.065667
5.341	-0.124325
5.342	-0.085751
5.343	-0.096909
5.344	-0.023906
5.345	-0.110298
5.346	-0.110935
5.347	-0.090852
5.348	-0.055466
5.349	-0.076825
5.35	-0.005416
5.351	-0.055785
5.352	-0.035382
5.353	-0.030601
5.354	-0.010836
5.355	0.035389
5.356	0.038577
5.357	0.035389
5.358	-0.006373
5.359	0.05866
5.36	0.125287
5.361	0.038895
5.362	0.046546
5.363	0.16673
5.364	0.056748
5.365	0.032201
5.366	0.053241
5.367	0.040808
5.368	0.063123
5.369	0.068543
5.37	0.029651
5.371	0.001597
5.372	0.038895
5.373	-0.069493
5.374	-0.064073
5.375	-0.065986
5.376	-0.021675
5.377	-0.05451
5.378	-0.027732
5.379	-0.109341
5.38	-0.049409
5.381	-0.006373
5.382	-0.170868
5.383	-0.160029
5.384	0.022318
5.385	-0.055466
5.386	-0.05706
5.387	-0.058016
5.388	0.029969
5.389	-0.00701
5.39	0.072687
5.391	0.021681
5.392	-0.014342
5.393	0.055154
5.394	0.146008
5.395	0.097871
5.396	-0.01753
5.397	0.146008
5.398	0.090539
5.399	0.029332
5.4	0.039533
5.401	0.04559
5.402	0.058023
5.403	0.014667
5.404	-0.021037
5.405	0.036664
5.406	0.072687
5.407	-0.08352
5.408	-0.095634
5.409	-0.029644
5.41	-0.063117
5.411	-0.053553
5.412	-0.027413
5.413	-0.171505
5.414	-0.026456
5.415	-0.00701
5.416	-0.157479
5.417	-0.087983
5.418	-0.041121
5.419	-0.00191
5.42	-0.021037
5.421	-0.086707
5.422	0.070455
5.423	-0.004779
5.424	0.04559
5.425	0.000322
5.426	-0.039208
5.427	0.045909
5.428	0.03252
5.429	0.145371
5.43	0.033157
5.431	0.061211
5.432	0.065355
5.433	0.048459
5.434	0.023275
5.435	0.046228
5.436	0.054835
5.437	0.055791
5.438	-0.04909
5.439	0.023275
5.44	-0.022631
5.441	-0.075869
5.442	-0.093083
5.443	-0.098184
5.444	-0.060248
5.445	-0.010836
5.446	-0.089577
5.447	-0.184894
5.448	-0.110298
5.449	0.003829
5.45	-0.098821
5.451	-0.06758
5.452	-0.019762
5.453	-0.015618
5.454	-0.042715
5.455	-0.046859
5.456	0.036664
5.457	0.036026
5.458	0.055154
5.459	-0.029007
5.46	0.043996
5.461	0.102334
5.462	-0.090214
5.463	0.135488
5.464	0.094683
5.465	0.04814
5.466	0.073325
5.467	0.047503
5.468	0.075875
5.469	0.060892
5.47	0.023912
5.471	0.093408
5.472	0.026781
5.473	0.03507
5.474	-0.05451
5.475	-0.05961
5.476	-0.086707
5.477	-0.068537
5.478	-0.08607
5.479	-0.042396
5.48	-0.085114
5.481	-0.10966
5.482	-0.076506
5.483	-0.101053
5.484	-0.099778
5.485	0.041127
5.486	-0.050366
5.487	-0.077144
5.488	-0.042396
5.489	-0.010198
5.49	0.012436
5.491	0.022956
5.492	0.031244
5.493	-0.021037
5.494	0.057704
5.495	0.092452
5.496	0.071412
5.497	0.014349
5.498	0.123056
5.499	0.067586
5.5	-0.000953
5.501	0.045909
5.502	0.024869
5.503	0.041127
5.504	0.005104
5.505	0.038577
5.506	0.006379
5.507	0.03762
5.508	-0.104241
5.509	-0.093721
5.51	-0.07555
5.511	-0.054191
5.512	-0.043033
5.513	-0.078419
5.514	-0.129425
5.515	-0.04909
5.516	-0.011154
5.517	-0.216136
5.518	-0.131338
5.519	0.011161
5.52	-0.031557
5.521	-0.052278
5.522	-0.084157
5.523	0.056748
5.524	0.007654
5.525	0.028694
5.526	0.03507
5.527	-0.032195
5.528	0.014667
5.529	0.167686
5.53	0.09564
5.531	0.023275
5.532	0.13772
5.533	0.065355
5.534	0.020724
5.535	0.01403
5.536	0.036664
5.537	0.091496
5.538	0.061211
5.539	-0.043352
5.54	0.049415
5.541	0.021362
5.542	-0.092764
5.543	-0.10456
5.544	-0.062798
5.545	-0.059929
5.546	0.000322
5.547	-0.094996
5.548	-0.191589
5.549	-0.044946
5.55	-0.024544
5.551	-0.140583
5.552	-0.099778
5.553	-0.016574
5.554	0.000322
5.555	-0.029007
5.556	-0.070768
5.557	0.08512
5.558	0.002872
5.559	0.097234
5.56	0.002553
5.561	0.001916
5.562	0.097553
5.563	-0.041758
5.564	0.1747
5.565	0.018812
5.566	0.089264
5.567	0.082251
5.568	0.034432
5.569	0.059298
5.57	0.05866
5.571	0.018493
5.572	0.0797
5.573	-0.026138
5.574	0.043358
5.575	-0.052597
5.576	-0.078419
5.577	-0.101691
5.578	-0.096271
5.579	-0.108704
5.58	-0.035382
5.581	-0.08862
5.582	-0.14919
5.583	-0.086389
5.584	-0.08065
5.585	-0.070449
5.586	-0.058335
5.587	-0.054191
5.588	-0.082882
5.589	-0.056104
5.59	-0.045265
5.591	0.01658
5.592	0.024869
5.593	0.061848
5.594	-0.05706
5.595	0.067905
5.596	0.105522
5.597	-0.01243
5.598	0.066311
5.599	0.082888
5.6	0.027419
5.601	0.007335
5.602	0.040171
5.603	0.034751
5.604	0.037939
5.605	0.027419
5.606	0.038895
5.607	0.003829
5.608	0.032838
5.609	-0.132294
5.61	-0.07555
5.611	-0.07555
5.612	-0.06758
5.613	-0.048772
5.614	-0.086389
5.615	-0.060886
5.616	-0.077144
5.617	-0.076825
5.618	-0.119543
5.619	-0.137395
5.62	0.046546
5.621	-0.044627
5.622	-0.070768
5.623	-0.019124
5.624	0.064717
5.625	0.007654
5.626	0.05866
5.627	0.007973
5.628	-0.028688
5.629	0.06663
5.63	0.133257
5.631	0.073962
5.632	0.013392
5.633	0.143139
5.634	0.080019
5.635	0.005104
5.636	0.03507
5.637	0.029332
5.638	0.101378
5.639	0.030926
5.64	-0.023587
5.641	0.057066
5.642	0.049734
5.643	-0.071087
5.644	-0.075231
5.645	-0.029007
5.646	-0.028688
5.647	-0.016893
5.648	-0.03602
5.649	-0.121774
5.65	-0.049409
5.651	-0.008604
5.652	-0.247696
5.653	-0.100415
5.654	-0.006054
5.655	0.00351
5.656	-0.032513
5.657	-0.056104
5.658	0.079063
5.659	-0.025819
5.66	0.072687
5.661	0.038895
5.662	-0.026775
5.663	0.008929
5.664	0.091177
5.665	0.10616
5.666	-0.007648
5.667	0.094683
5.668	0.083207
5.669	0.009567
5.67	0.020406
5.671	0.034751
5.672	0.061211
5.673	0.043358
5.674	-0.032513
5.675	0.021043
5.676	0.023275
5.677	-0.073637
5.678	-0.092764
5.679	-0.058654
5.68	-0.081288
5.681	-0.045902
5.682	-0.037933
5.683	-0.188082
5.684	-0.075869
5.685	-0.06758
5.686	-0.084795
5.687	-0.087026
5.688	-0.020718
5.689	0.023275
5.69	-0.029644
5.691	-0.063117
5.692	0.092133
5.693	0.028057
5.694	0.066311
5.695	-0.020081
5.696	-0.005735
5.697	0.115724
5.698	-0.08065
5.699	0.156847
5.7	0.076194
5.701	0.024869
5.702	0.051009
5.703	0.039214
5.704	0.047821
5.705	0.071412
5.706	0.020724
5.707	0.090858
5.708	0.007973
5.709	0.060254
5.71	-0.067899
5.711	-0.065349
5.712	-0.075869
5.713	-0.060886
5.714	-0.051641
5.715	-0.020399
5.716	-0.081288
5.717	-0.140583
5.718	-0.076506
5.719	-0.043671
5.72	-0.079375
5.721	-0.001272
5.722	-0.050684
5.723	-0.038252
5.724	-0.053872
5.725	-0.003185
5.726	0.020724
5.727	0.055154
5.728	0.047503
5.729	-0.05706
5.73	0.109985
5.731	0.105841
5.732	0.065674
5.733	0.043358
5.734	0.138676
5.735	0.088308
5.736	-0.001272
5.737	0.06918
5.738	0.054835
5.739	0.068862
5.74	0.054516
5.741	-0.001272
5.742	0.013392
5.743	0.01913
5.744	-0.096909
5.745	-0.059929
5.746	-0.06248
5.747	-0.064392
5.748	-0.058654
5.749	-0.01498
5.75	-0.107748
5.751	-0.058335
5.752	-0.072681
5.753	-0.182663
5.754	-0.152697
5.755	0.044315
5.756	-0.071087
5.757	-0.091808
5.758	-0.040483
5.759	0.029651
5.76	-0.031876
5.761	0.04304
5.762	0.000959
5.763	-0.040483
5.764	0.008292
5.765	0.135807
5.766	0.053878
5.767	-0.02295
5.768	0.144096
5.769	0.058342
5.77	-0.000953
5.771	0.024231
5.772	0.031882
5.773	0.064717
5.774	0.048459
5.775	-0.00446
5.776	0.026781
5.777	0.04814
5.778	-0.076187
5.779	-0.100415
5.78	-0.050047
5.781	-0.051641
5.782	-0.042715
5.783	-0.071406
5.784	-0.165448
5.785	-0.112848
5.786	-0.047815
5.787	-0.164811
5.788	-0.1256
5.789	-0.036658
5.79	0.00351
5.791	-0.050366
5.792	-0.085114
5.793	0.103291
5.794	-0.042396
5.795	0.048778
5.796	0.003191
5.797	-0.036658
5.798	0.06918
5.799	0.007016
5.8	0.146008
5.801	0.00861
5.802	0.065036
5.803	0.093408
5.804	0.033157
5.805	0.037301
5.806	0.053878
5.807	0.029013
5.808	0.078425
5.809	0.018812
5.81	0.028375
5.811	-0.02295
5.812	-0.056104
5.813	-0.101691
5.814	-0.049728
5.815	-0.048453
5.816	-0.031876
5.817	-0.041439
5.818	-0.162579
5.819	-0.062798
5.82	-0.072681
5.821	-0.020081
5.822	-0.078419
5.823	-0.018168
5.824	-0.022631
5.825	-0.04909
5.826	-0.051003
5.827	0.088626
5.828	0.066311
5.829	0.064399
5.83	-0.024862
5.831	0.040489
5.832	0.097234
5.833	-0.036339
5.834	0.096596
5.835	0.099784
5.836	0.057066
5.837	0.019449
5.838	0.0797
5.839	0.066949
5.84	0.020406
5.841	0.043358
5.842	0.068862
5.843	-0.01498
5.844	0.043677
5.845	-0.106154
5.846	-0.044309
5.847	-0.088939
5.848	-0.097865
5.849	-0.077463
5.85	-0.03857
5.851	-0.104878
5.852	-0.072681
5.853	-0.058654
5.854	-0.08862
5.855	-0.10711
5.856	0.022637
5.857	-0.104878
5.858	-0.071087
5.859	-0.030601
5.86	0.017855
5.861	0.015943
5.862	0.051647
5.863	0.030288
5.864	-0.032195
5.865	0.067268
5.866	0.11413
5.867	0.051966
5.868	0.020087
5.869	0.137401
5.87	0.061529
5.871	-0.019762
5.872	0.053241
5.873	0.017855
5.874	0.063123
5.875	0.025506
5.876	-0.017211
5.877	0.036983
5.878	0.020724
5.879	-0.064073
5.88	-0.071406
5.881	-0.062161
5.882	-0.043033
5.883	-0.033151
5.884	-0.035382
5.885	-0.113486
5.886	-0.051959
5.887	0.001916
5.888	-0.202747
5.889	-0.131338
5.89	0.054516
5.891	-0.04399
5.892	-0.066624
5.893	-0.044309
5.894	0.075875
5.895	-0.042715
5.896	0.04304
5.897	0.009248
5.898	-0.012111
5.899	0.038895
5.9	0.133257
5.901	0.116361
5.902	-0.011154
5.903	0.115405
5.904	0.097234
5.905	0.028057
5.906	0.033157
5.907	0.062805
5.908	0.075237
5.909	0.040489
5.91	-0.009879
5.911	0.051328
5.912	0.029013
5.913	-0.027732
5.914	-0.079375
5.915	-0.042396
5.916	-0.037933
5.917	-0.043033
5.918	-0.025181
5.919	-0.212948
5.92	-0.072043
5.921	0.006379
5.922	-0.156841
5.923	-0.089258
5.924	0.017537
5.925	0.009886
5.926	-0.03347
5.927	-0.059292
5.928	0.069818
5.929	0.020724
5.93	0.050691
5.931	-0.021993
5.932	-0.005735
5.933	0.045909
5.934	-0.048134
5.935	0.16673
5.936	0.029651
5.937	0.043358
5.938	0.091814
5.939	0.05866
5.94	0.043677
5.941	0.031244
5.942	0.012117
5.943	0.068862
5.944	-0.039845
5.945	0.057704
5.946	-0.035382
5.947	-0.055147
5.948	-0.123368
5.949	-0.085114
5.95	-0.094358
5.951	-0.050366
5.952	-0.058016
5.953	-0.185851
5.954	-0.107429
5.955	-0.07013
5.956	-0.125919
5.957	-0.037295
5.958	-0.058973
5.959	-0.048134
5.96	-0.068537
5.961	-0.042715
5.962	0.025825
5.963	0.030926
5.964	0.037301
5.965	-0.041121
5.966	0.031563
5.967	0.111579
5.968	-0.023906
5.969	0.052285
5.97	0.096596
5.971	0.064717
5.972	-0.010198
5.973	0.042402
5.974	0.061529
5.975	0.046865
5.976	0.074281
5.977	0.044315
5.978	0.009886
5.979	0.014667
5.98	-0.085114
5.981	-0.085114
5.982	-0.082882
5.983	-0.036658
5.984	-0.053553
5.985	-0.052597
5.986	-0.110298
5.987	-0.073956
5.988	-0.069812
5.989	-0.153334
5.99	-0.126237
5.991	0.058979
5.992	-0.056741
5.993	-0.083201
5.994	-0.016574
5.995	0.013711
5.996	0.003829
5.997	0.044634
5.998	0.036664
5.999	-0.010198
6	0.06918
6.001	0.143777
6.002	0.084163
6.003	-0.014661
6.004	0.17183
6.005	0.095002
6.006	0.021362
6.007	0.052285
6.008	0.039533
6.009	0.081932
6.01	0.014349
6.011	-0.016574
6.012	0.039852
6.013	0.049097
6.014	-0.050366
6.015	-0.105197
6.016	-0.051641
6.017	-0.05451
6.018	-0.026138
6.019	-0.062798
6.02	-0.14409
6.021	-0.043033
6.022	-0.016255
6.023	-0.229206
6.024	-0.105835
6.025	0.017537
6.026	-0.039208
6.027	-0.029644
6.028	-0.087026
6.029	0.063123
6.03	-0.016255
6.031	0.055472
6.032	0.017855
6.033	-0.036658
6.034	0.034432
6.035	0.091814
6.036	0.109348
6.037	0.010523
6.038	0.085439
6.039	0.09819
6.04	0.066311
6.041	0.019768
6.042	0.04559
6.043	0.071093
6.044	0.04304
6.045	-0.03347
6.046	0.023912
6.047	0.018493
6.048	-0.087345
6.049	-0.114761
6.05	-0.077463
6.051	-0.073637
6.052	-0.026456
6.053	-0.024225
6.054	-0.196052
6.055	-0.085751
6.056	-0.044946
6.057	-0.058654
6.058	-0.109979
6.059	-0.027094
6.06	-0.011792
6.061	-0.042715
6.062	-0.032832
6.063	0.068543
6.064	0.026463
6.065	0.063123
6.066	-0.019762
6.067	0.015624
6.068	0.110304
6.069	-0.062161
6.07	0.15621
6.071	0.059298
6.072	0.05866
6.073	0.058023
6.074	0.038895
6.075	0.077788
6.076	0.040489
6.077	0.023594
6.078	0.080338
6.079	0.016261
6.08	0.031244
6.081	-0.054191
6.082	-0.066943
6.083	-0.095315
6.084	-0.074275
6.085	-0.07555
6.086	-0.028369
6.087	-0.051641
6.088	-0.101691
6.089	-0.06758
6.09	-0.097546
6.091	-0.070768
6.092	-0.013067
6.093	-0.058973
6.094	-0.073318
6.095	-0.046859
6.096	0.002872
6.097	0.00351
6.098	0.059935
6.099	0.018812
6.1	-0.043033
6.101	0.078744
6.102	0.092771
6.103	0.040171
6.104	0.010523
6.105	0.145371
6.106	0.063761
6.107	3.128e-06
6.108	0.036983
6.109	0.035389
6.11	0.052922
6.111	0.03507
6.112	0.00606
6.113	0.022956
6.114	0.016899
6.115	-0.065667
6.116	-0.094677
6.117	-0.07555
6.118	-0.075869
6.119	-0.047496
6.12	-0.09404
6.121	-0.142496
6.122	-0.062798
6.123	-0.032195
6.124	-0.163217
6.125	-0.118905
6.126	0.065355
6.127	-0.064711
6.128	-0.09914
6.129	-0.016574
6.13	0.031244
6.131	-0.021675
6.132	0.040808
6.133	0.017855
6.134	-0.040164
6.135	0.022
6.136	0.155572
6.137	0.075556
6.138	-0.034426
6.139	0.11668
6.14	0.06408
6.141	0.018493
6.142	0.006698
6.143	0.018174
6.144	0.093727
6.145	0.005104
6.146	-0.008604
6.147	0.055472
6.148	0.03762
6.149	-0.060248
6.15	-0.087664
6.151	-0.043352
6.152	-0.051959
6.153	-0.018487
6.154	-0.083201
6.155	-0.197327
6.156	-0.049728
6.157	-0.010198
6.158	-0.218049
6.159	-0.078419
6.16	-0.038889
6.161	0.012755
6.162	-0.041758
6.163	-0.018805
6.164	0.065355
6.165	-0.011154
6.166	0.065036
6.167	0.045271
6.168	-0.003822
6.169	0.081613
6.17	-0.016893
6.171	0.1798
6.172	0.022
6.173	0.057704
6.174	0.061529
6.175	0.050372
6.176	0.05866
6.177	0.044315
6.178	0.059617
6.179	0.047503
6.18	-0.008923
6.181	0.043677
6.182	0.005423
6.183	-0.054829
6.184	-0.073
6.185	-0.03857
6.186	-0.077463
6.187	-0.023268
6.188	-0.135801
6.189	-0.187445
6.19	-0.049728
6.191	-0.040164
6.192	-0.028369
6.193	-0.064711
6.194	-0.026456
6.195	0.018493
6.196	-0.057379
6.197	-0.038252
6.198	0.043677
6.199	0.066311
6.2	0.046546
6.201	-0.036658
6.202	0.057066
6.203	0.109029
6.204	-0.019443
6.205	0.082888
6.206	0.129113
6.207	0.065036
6.208	0.033157
6.209	0.052285
6.21	0.042402
6.211	0.03252
6.212	0.047503
6.213	0.024231
6.214	0.047503
6.215	0.026463
6.216	-0.071087
6.217	-0.062798
6.218	-0.078419
6.219	-0.057698
6.22	-0.102009
6.221	-0.003822
6.222	-0.102966
6.223	-0.103285
6.224	-0.072681
6.225	-0.09404
6.226	-0.11763
6.227	0.012755
6.228	-0.03857
6.229	-0.059929
6.23	-0.029007
6.231	-0.030919
6.232	0.009886
6.233	0.040171
6.234	0.03252
6.235	-0.06248
6.236	0.046865
6.237	0.138676
6.238	0.065674
6.239	-0.010198
6.24	0.142502
6.241	0.060892
6.242	-0.017849
6.243	0.059617
6.244	0.025825
6.245	0.093408
6.246	0.022956
6.247	0.039533
6.248	0.03507
6.249	0.003829
6.25	-0.103285
6.251	-0.063436
6.252	-0.060886
6.253	-0.059292
6.254	-0.065667
6.255	-0.032513
6.256	-0.13867
6.257	-0.06503
6.258	-0.010198
6.259	-0.17023
6.26	-0.119224
6.261	0.039852
6.262	-0.032832
6.263	-0.077144
6.264	-0.035701
6.265	0.038577
6.266	-0.008285
6.267	0.026781
6.268	0.029969
6.269	-0.032513
6.27	0.004466
6.271	0.102972
6.272	0.08512
6.273	0.02455
6.274	0.099784
6.275	0.075237
6.276	0.055791
6.277	0.036983
6.278	0.038577
6.279	0.073325
6.28	0.008929
6.281	-0.018805
6.282	0.025825
6.283	0.03507
6.284	-0.06758
6.285	-0.104241
6.286	-0.051641
6.287	-0.059292
6.288	-0.035382
6.289	-0.071087
6.29	-0.190314
6.291	-0.050684
6.292	-0.052278
6.293	-0.143771
6.294	-0.092127
6.295	-0.06248
6.296	0.013392
6.297	-0.070768
6.298	-0.059292
6.299	0.113811
6.3	3.128e-06
6.301	0.050691
6.302	0.029013
6.303	-0.021037
6.304	0.086714
6.305	-0.102647
6.306	0.149196
6.307	0.062805
6.308	0.069499
6.309	0.04559
6.31	0.068224
6.311	0.056748
6.312	0.042402
6.313	0.032838
6.314	0.039214
6.315	0.01913
6.316	0.023275
6.317	-0.05706
6.318	-0.056741
6.319	-0.106154
6.32	-0.049409
6.321	-0.066624
6.322	-0.011792
6.323	-0.06503
6.324	-0.168636
6.325	-0.077144
6.326	-0.06248
6.327	-0.043352
6.328	-0.077463
6.329	0.011798
6.33	-0.016893
6.331	-0.062798
6.332	-0.037614
6.333	0.048459
6.334	0.065992
6.335	0.044315
6.336	-0.035382
6.337	0.071412
6.338	0.116999
6.339	0.036345
6.34	0.040171
6.341	0.115086
6.342	0.037301
6.343	0.010523
6.344	0.082569
6.345	0.037939
6.346	0.048459
6.347	0.038895
6.348	0.042402
6.349	0.005104
6.35	0.029013
6.351	-0.084157
6.352	-0.063436
6.353	-0.085751
6.354	-0.049728
6.355	-0.052916
6.356	-0.070768
6.357	-0.079694
6.358	-0.071724
6.359	-0.06758
6.36	-0.134845
6.361	-0.086389
6.362	0.017537
6.363	-0.068855
6.364	-0.066943
6.365	-0.036658
6.366	0.040489
6.367	0.014667
6.368	0.052922
6.369	0.015305
6.37	-0.017849
6.371	0.043677
6.372	0.154935
6.373	0.072687
6.374	-0.009242
6.375	0.164179
6.376	0.080019
6.377	-0.011792
6.378	0.036983
6.379	0.007016
6.38	0.073325
6.381	0.004147
6.382	-0.010198
6.383	0.040808
6.384	0.028694
6.385	-0.089577
6.386	-0.101691
6.387	-0.052597
6.388	-0.050047
6.389	-0.047496
6.39	-0.055466
6.391	-0.125281
6.392	-0.05706
6.393	-0.02805
6.394	-0.217092
6.395	-0.077781
6.396	-0.016255
6.397	-0.03857
6.398	-0.060886
6.399	-0.026456
6.4	0.073325
6.401	-0.008923
6.402	0.041764
6.403	0.003191
6.404	-0.016893
6.405	0.028375
6.406	0.020724
6.407	0.127519
6.408	0.002872
6.409	0.090858
6.41	0.079063
6.411	0.058023
6.412	0.034114
6.413	0.049415
6.414	0.07715
6.415	0.05611
6.416	-0.01498
6.417	0.03252
6.418	0.029013
6.419	-0.052597
6.42	-0.093721
6.421	-0.036976
6.422	-0.06248
6.423	-0.046221
6.424	-0.063755
6.425	-0.231438
6.426	-0.058335
6.427	-0.03857
6.428	-0.108704
6.429	-0.07555
6.43	-0.011473
6.431	0.039852
6.432	-0.065667
6.433	-0.076825
6.434	0.079063
6.435	0.035389
6.436	0.030926
6.437	-0.013386
6.438	0.025825
6.439	0.094046
6.44	-0.079057
6.441	0.121781
6.442	0.085757
6.443	0.03252
6.444	0.054516
6.445	0.063123
6.446	0.055472
6.447	0.049415
6.448	0.011798
6.449	0.06663
6.45	-0.007967
6.451	0.049415
6.452	-0.080013
6.453	-0.07555
6.454	-0.05706
6.455	-0.074275
6.456	-0.091489
6.457	-0.058973
6.458	-0.136439
6.459	-0.128788
6.46	-0.063117
6.461	-0.159073
6.462	-0.102647
6.463	0.006379
6.464	-0.077463
6.465	-0.028688
6.466	-0.065349
6.467	-0.031557
6.468	0.01658
6.469	0.044634
6.47	0.018174
6.471	-0.030282
6.472	0.046546
6.473	0.070137
6.474	0.036983
6.475	0.032201
6.476	0.15079
6.477	0.056429
6.478	-0.009242
6.479	0.072687
6.48	0.014349
6.481	0.058342
6.482	0.041127
6.483	0.002872
6.484	0.012117
6.485	0.022956
6.486	-0.093721
6.487	-0.090533
6.488	-0.069493
6.489	-0.059292
6.49	-0.034745
6.491	-0.062161
6.492	-0.090852
6.493	-0.054191
6.494	0.005741
6.495	-0.203384
6.496	-0.138989
6.497	0.039533
6.498	-0.034426
6.499	-0.089895
6.5	-0.037933
6.501	0.034751
6.502	-0.017849
6.503	0.051009
6.504	0.007973
6.505	-0.020081
6.506	0.0271
6.507	0.187132
6.508	0.065992
6.509	-0.011473
6.51	0.154616
6.511	0.07715
6.512	0.039214
6.513	0.014986
6.514	0.051009
6.515	0.091814
6.516	0.064399
6.517	-0.021037
6.518	0.036026
6.519	0.036026
6.52	-0.051959
6.521	-0.089895
6.522	-0.037295
6.523	-0.029007
6.524	-0.009242
6.525	-0.070449
6.526	-0.203384
6.527	-0.055147
6.528	-0.018168
6.529	-0.181388
6.53	-0.107748
6.531	-0.003185
6.532	-0.020399
6.533	-0.031557
6.534	-0.08065
6.535	0.089902
6.536	-0.021037
6.537	0.049097
6.538	0.011798
6.539	0.014986
6.54	0.069818
6.541	-0.009561
6.542	0.174381
6.543	0.018174
6.544	0.061529
6.545	0.090539
6.546	0.052603
6.547	0.020724
6.548	0.047503
6.549	0.004147
6.55	0.045271
6.551	-0.02295
6.552	0.019768
6.553	-0.018805
6.554	-0.061842
6.555	-0.080013
6.556	-0.064711
6.557	-0.076506
6.558	-0.01498
6.559	-0.065349
6.56	-0.16513
6.561	-0.102647
6.562	-0.050684
6.563	-0.050684
6.564	-0.068855
6.565	-0.05706
6.566	-0.04654
6.567	-0.074912
6.568	-0.040164
6.569	0.046865
6.57	0.038895
6.571	0.048459
6.572	-0.041758
6.573	0.029332
6.574	0.08767
6.575	-0.030601
6.576	0.082888
6.577	0.124331
6.578	0.052922
6.579	0.028694
6.58	0.061848
6.581	0.044315
6.582	0.044315
6.583	0.035707
6.584	0.076194
6.585	0.001278
6.586	0.030607
6.587	-0.112848
6.588	-0.092127
6.589	-0.090852
6.59	-0.080969
6.591	-0.065986
6.592	-0.066943
6.593	-0.10456
6.594	-0.085114
6.595	-0.073956
6.596	-0.146002
6.597	-0.143452
6.598	0.049734
6.599	-0.069812
6.6	-0.066943
6.601	-0.016893
6.602	0.029332
6.603	-0.007648
6.604	0.042721
6.605	0.023912
6.606	-0.0255
6.607	0.051966
6.608	0.125925
6.609	0.024869
6.61	-0.009879
6.611	0.164498
6.612	0.071412
6.613	0.00351
6.614	0.06408
6.615	0.0271
6.616	0.080338
6.617	0.024869
6.618	-0.009879
6.619	0.041446
6.62	0.049734
6.621	-0.067899
6.622	-0.065986
6.623	-0.016893
6.624	-0.047496
6.625	-0.029644
6.626	-0.071406
6.627	-0.167999
6.628	-0.061204
6.629	-0.004141
6.63	-0.209122
6.631	-0.126875
6.632	-0.024225
6.633	-0.013386
6.634	-0.058335
6.635	-0.047496
6.636	0.073325
6.637	-0.045265
6.638	0.056429
6.639	0.053241
6.64	-0.04654
6.641	0.025825
6.642	0.121143
6.643	0.073643
6.644	0.022318
6.645	0.092133
6.646	0.076512
6.647	0.034114
6.648	0.006698
6.649	0.036983
6.65	0.084163
6.651	0.036345
6.652	-0.064392
6.653	0.049097
6.654	0.026144
6.655	-0.082563
6.656	-0.076825
6.657	-0.0781
6.658	-0.049728
6.659	-0.02805
6.66	-0.082244
6.661	-0.212948
6.662	-0.082563
6.663	-0.011154
6.664	-0.058016
6.665	-0.10711
6.666	-0.029007
6.667	-0.019124
6.668	-0.033151
6.669	-0.042715
6.67	0.082569
6.671	0.021362
6.672	0.049097
6.673	-0.015618
6.674	-0.001272
6.675	0.10361
6.676	-0.058335
6.677	0.196377
6.678	0.069499
6.679	0.041446
6.68	0.063123
6.681	0.047184
6.682	0.042402
6.683	0.058979
6.684	0.007016
6.685	0.075556
6.686	0.000641
6.687	0.050372
6.688	-0.049409
6.689	-0.085751
6.69	-0.085114
6.691	-0.085751
6.692	-0.068218
