8.364	-0.005097
8.365	-0.229525
8.366	-0.099459
8.367	-0.005097
8.368	0.015943
8.369	-0.032195
8.37	-0.106791
8.371	0.067268
8.372	0.00606
8.373	0.016899
8.374	0.039214
8.375	-0.036658
8.376	0.0271
8.377	-0.030601
8.378	0.160673
8.379	0.000641
8.38	0.046865
8.381	0.075237
8.382	0.051647
8.383	0.05611
8.384	0.015305
8.385	0.053878
8.386	0.051966
8.387	-0.051641
8.388	0.051009
8.389	0.031563
8.39	-0.068218
8.391	-0.052916
8.392	-0.068218
8.393	-0.073318
8.394	-0.034107
8.395	-0.065986
8.396	-0.186488
8.397	-0.052597
8.398	-0.021356
8.399	-0.058016
8.4	-0.102647
8.401	-0.033151
8.402	0.008929
8.403	-0.025181
8.404	-0.041439
8.405	0.07715
8.406	0.040489
8.407	0.04559
8.408	-0.045902
8.409	0.030288
8.41	0.105841
8.411	-0.041121
8.412	0.11413
8.413	0.080338
8.414	0.038258
8.415	0.0271
8.416	0.041764
8.417	0.052285
8.418	0.044952
8.419	0.074281
8.42	0.070137
8.421	0.007654
8.422	0.013711
8.423	-0.059292
8.424	-0.08352
8.425	-0.118268
8.426	-0.053553
8.427	-0.057379
8.428	-0.006691
8.429	-0.099459
8.43	-0.185532
8.431	-0.095952
8.432	-0.042715
8.433	-0.106154
8.434	-0.049409
8.435	-0.031238
8.436	-0.04399
8.437	-0.019762
8.438	-0.030919
8.439	0.006698
8.44	0.031882
8.441	0.078425
8.442	-0.039208
8.443	0.05356
8.444	0.105841
8.445	0.080019
8.446	0.03762
8.447	0.118911
8.448	0.138676
8.449	0.005741
8.45	0.093727
8.451	0.044634
8.452	0.038577
8.453	0.0271
8.454	0.080976
8.455	-0.031557
8.456	0.042402
8.457	-0.071087
8.458	-0.058016
8.459	-0.112848
8.46	-0.048134
8.461	-0.070768
8.462	-0.026775
8.463	-0.116355
8.464	-0.099459
8.465	-0.07555
8.466	-0.163854
8.467	-0.090852
8.468	0.080657
8.469	-0.058973
8.47	-0.089895
8.471	-0.042396
8.472	0.003191
8.473	0.016261
8.474	0.036983
8.475	0.051647
8.476	-0.020081
8.477	0.01658
8.478	0.181075
8.479	0.038577
8.48	-0.004779
8.481	0.113492
8.482	0.118593
8.483	0.023912
8.484	0.035707
8.485	0.04304
8.486	0.0797
8.487	0.014986
8.488	0.014667
8.489	0.038258
8.49	0.044315
8.491	-0.097228
8.492	-0.082563
8.493	-0.070449
8.494	-0.076825
8.495	-0.067261
8.496	-0.040164
8.497	-0.116674
8.498	-0.062161
8.499	-0.028688
8.5	-0.215179
8.501	-0.113805
8.502	0.010842
8.503	-0.013705
8.504	-0.052916
8.505	-0.079375
8.506	0.093727
8.507	-0.008604
8.508	0.00861
8.509	0.040489
8.51	-0.059929
8.511	0.058342
8.512	-0.000316
8.513	0.141545
8.514	-0.011154
8.515	0.073962
8.516	0.097234
8.517	0.025506
8.518	0.00861
8.519	0.054835
8.52	0.077469
8.521	0.06663
8.522	-0.021356
8.523	0.026781
8.524	0.005104
8.525	-0.079694
8.526	-0.104878
8.527	-0.046221
8.528	-0.050684
8.529	-0.010836
8.53	-0.087983
8.531	-0.225062
8.532	-0.03857
8.533	-0.043352
8.534	-0.031557
8.535	-0.130063
8.536	-0.060886
8.537	0.017537
8.538	-0.01243
8.539	-0.075869
8.54	0.094365
8.541	-0.018487
8.542	0.040171
8.543	0.014986
8.544	0.027419
8.545	0.085757
8.546	-0.034107
8.547	0.136445
8.548	0.055791
8.549	0.073325
8.55	0.077469
8.551	0.051647
8.552	0.058023
8.553	0.028057
8.554	0.041127
8.555	0.056748
8.556	-0.03857
8.557	0.033476
8.558	-0.06503
8.559	-0.068855
8.56	-0.08352
8.561	-0.072362
8.562	-0.060886
8.563	0.001278
8.564	-0.091489
8.565	-0.169593
8.566	-0.09914
8.567	-0.030282
8.568	-0.053235
8.569	-0.055785
8.57	-0.040483
8.571	-0.064073
8.572	-0.042077
8.573	-0.032195
8.574	0.030926
8.575	0.042721
8.576	0.081294
8.577	-0.009242
8.578	0.059617
8.579	0.090539
8.58	0.026463
8.581	0.075237
8.582	0.135488
8.583	0.044634
8.584	0.027738
8.585	0.038577
8.586	0.038577
8.587	0.058342
8.588	0.023912
8.589	0.052603
8.59	0.005741
8.591	0.032201
8.592	-0.097546
8.593	-0.064392
8.594	-0.099778
8.595	-0.084795
8.596	-0.083201
8.597	-0.007648
8.598	-0.064392
8.599	-0.12815
8.6	-0.118905
8.601	-0.159391
8.602	-0.148871
8.603	0.07715
8.604	-0.065667
8.605	-0.090852
8.606	-0.032513
8.607	0.030607
8.608	0.006698
8.609	0.044315
8.61	0.030926
8.611	-0.041758
8.612	-0.014342
8.613	0.172149
8.614	0.060892
8.615	-0.024862
8.616	0.136764
8.617	0.092452
8.618	-0.048134
8.619	0.045271
8.62	0.054835
8.621	0.09564
8.622	0.046865
8.623	0.015624
8.624	0.020724
8.625	0.025187
8.626	-0.124643
8.627	-0.070768
8.628	-0.047815
8.629	-0.027094
8.63	-0.073
8.631	0.000322
8.632	-0.138989
8.633	-0.066943
8.634	0.018493
8.635	-0.238451
8.636	-0.100097
8.637	0.00861
8.638	-0.008604
8.639	-0.027094
8.64	-0.081607
8.641	0.063761
8.642	-0.019443
8.643	0.016261
8.644	0.017855
8.645	-0.029007
8.646	0.016899
8.647	0.106479
8.648	0.118911
8.649	-0.005097
8.65	0.113811
8.651	0.12465
8.652	0.041764
8.653	0.02455
8.654	0.067268
8.655	0.053878
8.656	0.046546
8.657	-0.021993
8.658	0.062167
8.659	0.051966
8.66	-0.088301
8.661	-0.077463
8.662	-0.051641
8.663	-0.065986
8.664	-0.052916
8.665	-0.061523
8.666	-0.182663
8.667	-0.062798
8.668	0.015624
8.669	-0.116036
8.67	-0.113805
8.671	0.005104
8.672	-0.010836
8.673	-0.025181
8.674	-0.063755
8.675	0.079382
8.676	0.007973
8.677	0.051966
8.678	-0.013386
8.679	-0.022631
8.68	0.076512
8.681	-0.04654
8.682	0.186176
8.683	0.04814
8.684	0.029332
8.685	0.09022
8.686	0.046546
8.687	0.057704
8.688	0.029332
8.689	0.011161
8.69	0.091177
8.691	-0.038252
8.692	0.031882
8.693	-0.045902
8.694	-0.073956
8.695	-0.118905
8.696	-0.073
8.697	-0.079057
8.698	-0.026456
8.699	-0.079057
8.7	-0.181707
8.701	-0.115398
8.702	-0.056423
8.703	-0.093721
8.704	-0.017849
8.705	-0.022312
8.706	-0.072681
8.707	-0.023906
8.708	-0.062798
8.709	0.044634
8.71	0.026781
8.711	0.070455
8.712	-0.017849
8.713	0.017855
8.714	0.113173
8.715	0.004785
8.716	0.094365
8.717	0.11668
8.718	0.04304
8.719	-0.002866
8.72	0.073643
8.721	0.08512
8.722	0.030288
8.723	0.084801
8.724	0.070455
8.725	-0.024225
8.726	0.046228
8.727	-0.109979
8.728	-0.044627
8.729	-0.101691
8.73	-0.082882
8.731	-0.053872
8.732	-0.074912
8.733	-0.118586
8.734	-0.100415
8.735	-0.06503
8.736	-0.164173
8.737	-0.1256
8.738	0.088626
8.739	-0.06758
8.74	-0.098184
8.741	-0.007329
8.742	0.017855
8.743	0.020087
8.744	0.034432
8.745	0.042402
8.746	-0.002866
8.747	0.052922
8.748	0.192552
8.749	0.05866
8.75	-0.018805
8.751	0.139314
8.752	0.105841
8.753	0.019768
8.754	0.050372
8.755	0.05611
8.756	0.06663
8.757	0.031244
8.758	0.022318
8.759	0.036983
8.76	0.044952
8.761	-0.099459
8.762	-0.085432
8.763	-0.065349
8.764	-0.066305
8.765	-0.058654
8.766	-0.010198
8.767	-0.103603
8.768	-0.025819
8.769	0.035707
8.77	-0.211354
8.771	-0.124962
8.772	0.038895
8.773	-0.013705
8.774	-0.022631
8.775	-0.102966
8.776	0.083845
8.777	-0.032513
8.778	0.015624
8.779	0.046865
8.78	-0.038252
8.781	0.023275
8.782	0.119549
8.783	0.107754
8.784	-0.00191
8.785	0.065355
8.786	0.132301
8.787	0.045909
8.788	0.0271
8.789	0.036983
8.79	0.061529
8.791	0.046228
8.792	-0.042715
8.793	0.051328
8.794	0.039533
8.795	-0.079057
8.796	-0.099778
8.797	-0.08607
8.798	-0.058973
8.799	-0.07555
8.8	-0.044309
8.801	-0.179156
8.802	-0.101691
8.803	-0.015618
8.804	-0.155885
8.805	-0.117311
8.806	-0.001272
8.807	0.018812
8.808	-0.025819
8.809	-0.098184
8.81	0.080976
8.811	-0.023268
8.812	0.050691
8.813	0.009886
8.814	-0.019124
8.815	0.075875
8.816	-0.061204
8.817	0.199246
8.818	0.03762
8.819	-0.009879
8.82	0.059617
8.821	0.044315
8.822	0.033476
8.823	0.051009
8.824	0.029013
8.825	0.060892
8.826	-0.062161
8.827	0.023275
8.828	-0.008604
8.829	-0.067261
8.83	-0.088301
8.831	-0.040802
8.832	-0.074593
8.833	-0.050366
8.834	-0.103603
8.835	-0.194458
8.836	-0.122093
8.837	-0.015299
8.838	-0.044309
8.839	-0.090852
8.84	-0.011792
8.841	-0.023268
8.842	-0.063755
8.843	-0.028688
8.844	0.062805
8.845	0.032838
8.846	0.062486
8.847	0.004466
8.848	0.033795
8.849	0.107435
8.85	-0.006373
8.851	0.039852
8.852	0.099465
8.853	0.069499
8.854	0.014349
8.855	0.070455
8.856	0.059617
8.857	0.026144
8.858	0.064717
8.859	0.091814
8.86	-0.012111
8.861	0.054197
8.862	-0.086707
8.863	-0.086707
8.864	-0.114442
8.865	-0.070768
8.866	-0.033151
8.867	-0.042715
8.868	-0.094996
8.869	-0.089895
8.87	-0.069812
8.871	-0.12815
8.872	-0.091808
8.873	0.025187
8.874	-0.078738
8.875	-0.080013
8.876	-0.018487
8.877	0.001916
8.878	0.027738
8.879	0.033157
8.88	0.068543
8.881	-0.000953
8.882	0.038577
8.883	0.157804
8.884	0.073006
8.885	-0.022631
8.886	0.167367
8.887	0.131344
8.888	0.022637
8.889	0.06408
8.89	0.037301
8.891	0.063123
8.892	0.025506
8.893	0.048778
8.894	0.029332
8.895	0.031244
8.896	-0.110617
8.897	-0.095634
8.898	-0.122412
8.899	-0.069174
8.9	-0.066624
8.901	-0.029007
8.902	-0.096909
8.903	-0.046859
8.904	-0.026456
8.905	-0.216773
8.906	-0.155247
8.907	0.059617
8.908	-0.035382
8.909	-0.052916
8.91	-0.080969
8.911	0.043996
8.912	-0.030601
8.913	0.019449
8.914	0.048778
8.915	-0.001591
8.916	0.006698
8.917	0.130069
8.918	0.074919
8.919	-0.040164
8.92	0.081294
8.921	0.080338
8.922	0.043677
8.923	0.008292
8.924	0.041127
8.925	0.059935
8.926	0.031244
8.927	-0.030601
8.928	0.023275
8.929	0.071731
8.93	-0.08862
8.931	-0.093721
8.932	-0.053872
8.933	-0.079694
8.934	-0.07013
8.935	-0.020399
8.936	-0.181388
8.937	-0.048453
8.938	-0.00701
8.939	-0.156522
8.94	-0.115717
8.941	-0.037933
8.942	0.013711
8.943	-0.027413
8.944	-0.073
8.945	0.10074
8.946	0.005741
8.947	0.02455
8.948	0.029332
8.949	-0.010198
8.95	0.084482
8.951	-0.065986
8.952	0.150472
8.953	0.044315
8.954	0.052922
8.955	0.068543
8.956	0.014986
8.957	0.055154
8.958	0.033476
8.959	0.052603
8.96	0.063761
8.961	-0.042396
8.962	0.034114
8.963	0.00861
8.964	-0.084157
8.965	-0.077463
8.966	-0.058016
8.967	-0.053553
8.968	-0.032195
8.969	-0.068218
8.97	-0.184894
8.971	-0.094358
8.972	0.004147
8.973	-0.047496
8.974	-0.117311
8.975	-0.003185
8.976	-0.008604
8.977	-0.044309
8.978	-0.028688
8.979	0.062486
8.98	0.042083
8.981	0.079382
8.982	-0.029644
8.983	0.031563
8.984	0.08767
8.985	0.005741
8.986	0.071412
8.987	0.149196
8.988	0.102016
8.989	0.011161
8.99	0.097871
8.991	0.052603
8.992	0.041446
8.993	0.061211
8.994	0.081294
8.995	0.000959
8.996	0.023594
8.997	-0.069493
8.998	-0.080969
8.999	-0.112848
9	-0.073956
9.001	-0.085114
9.002	0.011798
9.003	-0.075231
9.004	-0.181069
9.005	-0.082882
9.006	-0.048453
9.007	-0.063755
9.008	-0.007329
9.009	-0.043352
9.01	-0.080013
9.011	-0.03857
9.012	-0.053872
9.013	0.040171
9.014	0.032201
9.015	0.058979
9.016	-0.029007
9.017	0.014349
9.018	0.110942
9.019	0.050691
9.02	-0.031876
9.021	0.146965
9.022	0.092452
9.023	-0.006373
9.024	0.072049
9.025	0.040171
9.026	0.050691
9.027	0.017855
9.028	0.059935
9.029	-0.0255
9.03	0.027738
9.031	-0.100415
9.032	-0.051322
9.033	-0.09404
9.034	-0.081926
9.035	-0.071724
9.036	-0.042396
9.037	-0.143133
9.038	-0.040802
9.039	-0.055785
9.04	-0.213267
9.041	-0.163217
9.042	0.075556
9.043	-0.050047
9.044	-0.080969
9.045	-0.058973
9.046	0.018174
9.047	-0.004141
9.048	0.050691
9.049	0.037939
9.05	-0.024862
9.051	0.014667
9.052	0.138358
9.053	0.082569
9.054	0.020724
9.055	0.112854
9.056	0.103928
9.057	0.065674
9.058	0.020724
9.059	0.033795
9.06	0.095959
9.061	0.028057
9.062	0.040808
9.063	0.026144
9.064	0.050053
9.065	-0.098821
9.066	-0.070449
9.067	-0.042715
9.068	-0.030601
9.069	-0.07555
9.07	-0.032832
9.071	-0.173737
9.072	-0.016893
9.073	0.003829
9.074	-0.19924
9.075	-0.129425
9.076	-0.005735
9.077	0.000322
9.078	-0.030282
9.079	-0.091808
9.08	0.100103
9.081	-0.025819
9.082	0.027419
9.083	0.042083
9.084	-0.047496
9.085	0.05866
9.086	-0.018805
9.087	0.189364
9.088	0.015943
9.089	0.045271
9.09	0.105522
9.091	0.045909
9.092	0.037939
9.093	0.033795
9.094	0.039852
9.095	0.07715
9.096	-0.042077
9.097	0.011161
9.098	0.028694
9.099	-0.066943
9.1	-0.126237
9.101	-0.055785
9.102	-0.062161
9.103	-0.042077
9.104	-0.094996
9.105	-0.192864
9.106	-0.068855
9.107	-0.037295
9.108	-0.050684
9.109	-0.121774
9.11	-0.060886
9.111	0.021043
9.112	-0.048772
9.113	-0.058973
9.114	0.085757
9.115	0.030607
9.116	0.047184
9.117	-0.03857
9.118	0.01913
9.119	0.061529
9.12	-0.043352
9.121	0.072687
9.122	0.06663
9.123	0.045909
9.124	0.044315
9.125	0.060573
9.126	0.030288
9.127	0.037301
9.128	0.0271
9.129	0.051328
9.13	-0.022312
9.131	0.023912
9.132	-0.058016
9.133	-0.037295
9.134	-0.10711
9.135	-0.06758
9.136	-0.095315
9.137	0.00351
9.138	-0.100415
9.139	-0.1307
9.14	-0.100415
9.141	-0.092446
9.142	-0.135163
9.143	-0.042077
9.144	-0.01753
9.145	-0.092446
9.146	0.000959
9.147	-0.019443
9.148	0.009567
9.149	0.051647
9.15	0.067586
9.151	-0.031557
9.152	0.044315
9.153	0.131025
9.154	0.086076
9.155	0.088308
9.156	0.145371
9.157	0.073325
9.158	0.02455
9.159	0.059935
9.16	0.038577
9.161	0.055791
9.162	0.028375
9.163	0.061211
9.164	-0.005416
9.165	0.050372
9.166	-0.087983
9.167	-0.047178
9.168	-0.080332
9.169	-0.056423
9.17	-0.068855
9.171	-0.066305
9.172	-0.083201
9.173	-0.050684
9.174	-0.04399
9.175	-0.171505
9.176	-0.129425
9.177	0.054516
9.178	-0.04654
9.179	-0.043671
9.18	-0.052916
9.181	0.043677
9.182	-0.000953
9.183	0.021043
9.184	0.053241
9.185	-0.004779
9.186	0.030288
9.187	0.215823
9.188	0.080657
9.189	0.001916
9.19	0.132619
9.191	0.1272
9.192	-0.006054
9.193	0.047184
9.194	0.040171
9.195	0.080019
9.196	0.015624
9.197	-0.035382
9.198	0.037301
9.199	0.0271
9.2	-0.106791
9.201	-0.105835
9.202	-0.05706
9.203	-0.043671
9.204	-0.052916
9.205	-0.0781
9.206	-0.14664
9.207	-0.057379
9.208	0.031882
9.209	-0.264911
9.21	-0.078738
9.211	-0.006373
9.212	-0.028369
9.213	-0.01498
9.214	-0.105835
9.215	0.056429
9.216	-0.027413
9.217	0.004147
9.218	0.036983
9.219	-0.049728
9.22	0.005423
9.221	0.057385
9.222	0.112854
9.223	-0.021675
9.224	0.09022
9.225	0.080976
9.226	0.017218
9.227	0.000641
9.228	0.039852
9.229	0.04814
9.23	0.058979
9.231	-0.051641
9.232	0.034751
9.233	0.023275
9.234	-0.075231
9.235	-0.099459
9.236	-0.074912
9.237	-0.055147
9.238	-0.053553
9.239	-0.084157
9.24	-0.148553
9.241	-0.081607
9.242	-0.034745
9.243	-0.102966
9.244	-0.134207
9.245	-0.026456
9.246	0.005104
9.247	-0.035382
9.248	-0.06503
9.249	0.096915
9.25	0.022956
9.251	0.075875
9.252	-0.005735
9.253	0.004785
9.254	0.084163
9.255	-0.024544
9.256	0.204666
9.257	0.033795
9.258	0.073962
9.259	0.068224
9.26	0.046865
9.261	0.046228
9.262	0.043677
9.263	0.008292
9.264	0.120187
9.265	-0.010517
9.266	0.007654
9.267	-0.00701
9.268	-0.058654
9.269	-0.114761
9.27	-0.074912
9.271	-0.042715
9.272	-0.027732
9.273	-0.063436
9.274	-0.099459
9.275	-0.117949
9.276	-0.012111
9.277	-0.073637
9.278	-0.051641
9.279	-0.008604
9.28	-0.052916
9.281	-0.012748
9.282	-0.026456
9.283	0.048459
9.284	0.017537
9.285	0.082888
9.286	-0.010836
9.287	0.070455
9.288	0.10616
9.289	0.025825
9.29	0.071731
9.291	0.095002
9.292	0.065036
9.293	0.007973
9.294	0.072049
9.295	0.038895
9.296	0.015305
9.297	0.039852
9.298	0.037301
9.299	0.012117
9.3	-0.008285
9.301	-0.127194
9.302	-0.079375
9.303	-0.094358
9.304	-0.05961
9.305	-0.062798
9.306	-0.065349
9.307	-0.098184
9.308	-0.10456
9.309	-0.041758
9.31	-0.116036
9.311	-0.095315
9.312	0.071093
9.313	-0.087983
9.314	-0.125919
9.315	-0.057379
9.316	0.013073
9.317	-0.005735
9.318	0.024231
9.319	0.026781
9.32	0.007973
9.321	0.019768
9.322	0.184263
9.323	0.01403
9.324	-0.039527
9.325	0.143139
9.326	0.075237
9.327	-0.019124
9.328	0.047821
9.329	0.03507
9.33	0.04304
9.331	0.066949
9.332	-0.032513
9.333	0.019768
9.334	0.052603
9.335	-0.065667
9.336	-0.072043
9.337	-0.060886
9.338	-0.056104
9.339	-0.058654
9.34	-0.015936
9.341	-0.111254
9.342	-0.052278
9.343	-0.000316
9.344	-0.254072
9.345	-0.130063
9.346	0.022956
9.347	-0.027413
9.348	-0.037295
9.349	-0.123049
9.35	0.072687
9.351	-0.020081
9.352	0.036345
9.353	0.049415
9.354	-0.045584
9.355	0.007016
9.356	0.130388
9.357	0.060892
9.358	0.007016
9.359	0.11413
9.36	0.101697
9.361	0.024231
9.362	0.036664
9.363	0.033476
9.364	0.097234
9.365	0.106479
9.366	-0.017849
9.367	0.056429
9.368	0.023275
9.369	-0.061842
9.37	-0.066943
9.371	-0.063755
9.372	-0.049728
9.373	-0.054829
9.374	-0.047178
9.375	-0.159391
9.376	-0.083838
9.377	-0.040164
9.378	-0.049409
9.379	-0.142177
9.38	-0.003185
9.381	-0.006373
9.382	0.005423
9.383	-0.080013
9.384	0.113492
9.385	-0.000316
9.386	0.060254
9.387	-0.008604
9.388	-0.006691
9.389	0.083526
9.39	-0.094996
9.391	0.197971
9.392	0.026781
9.393	0.024869
9.394	0.10871
9.395	0.051966
9.396	0.053241
9.397	0.029332
9.398	0.029651
9.399	0.083526
9.4	-0.008285
9.401	0.010523
9.402	-0.030282
9.403	-0.084157
9.404	-0.094677
9.405	-0.066624
9.406	-0.065349
9.407	-0.051959
9.408	-0.085114
9.409	-0.201153
9.41	-0.100415
9.411	-0.052597
9.412	-0.048772
9.413	-0.050366
9.414	-0.053553
9.415	-0.07013
9.416	-0.060248
9.417	-0.070768
9.418	0.066311
9.419	0.007973
9.42	0.065036
9.421	-0.012748
9.422	0.023275
9.423	0.105841
9.424	-0.012111
9.425	0.064399
9.426	0.101697
9.427	0.051009
9.428	0.01403
9.429	0.072368
9.43	0.054197
9.431	0.013073
9.432	0.068862
9.433	0.061529
9.434	-0.002866
9.435	0.030607
9.436	-0.126237
9.437	-0.065667
9.438	-0.127194
9.439	-0.088301
9.44	-0.063117
9.441	-0.051641
9.442	-0.100734
9.443	-0.116674
9.444	-0.085114
9.445	-0.131019
9.446	-0.10456
9.447	0.054197
9.448	-0.06503
9.449	-0.108704
9.45	-0.016893
9.451	0.010204
9.452	0.051328
9.453	0.032201
9.454	0.062167
9.455	-0.016255
9.456	0.020724
9.457	0.160673
9.458	0.050053
9.459	0.029013
9.46	0.145371
9.461	0.11668
9.462	-0.000634
9.463	0.051647
9.464	0.052285
9.465	0.076512
9.466	0.057704
9.467	0.035389
9.468	0.009567
9.469	0.034432
9.47	-0.107748
9.471	-0.077144
9.472	-0.055785
9.473	-0.059929
9.474	-0.06758
9.475	-0.054191
9.476	-0.104878
9.477	-0.064711
9.478	-0.003822
9.479	-0.228569
9.48	-0.105516
9.481	0.04304
9.482	-0.005735
9.483	-0.030601
9.484	-0.100415
9.485	0.095959
9.486	-0.021993
9.487	0.000641
9.488	0.054197
9.489	-0.03347
9.49	0.022637
9.491	0.107435
9.492	0.094365
9.493	-0.011473
9.494	0.0797
9.495	0.126244
9.496	0.01658
9.497	0.018493
9.498	0.074281
9.499	0.05356
9.5	0.079063
9.501	-0.039208
9.502	0.038577
9.503	0.046228
9.504	-0.102647
9.505	-0.092764
9.506	-0.035382
9.507	-0.068218
9.508	-0.061842
9.509	-0.095634
9.51	-0.205935
9.511	-0.045584
9.512	-0.023906
9.513	-0.174374
9.514	-0.107748
9.515	-0.031557
9.516	-0.006373
9.517	-0.013386
9.518	-0.101372
9.519	0.084163
9.52	-0.023587
9.521	0.044634
9.522	0.012117
9.523	-0.045265
9.524	0.058342
9.525	-0.065349
9.526	0.174062
9.527	0.026781
9.528	0.019449
9.529	0.075875
9.53	0.022637
9.531	0.055472
9.532	0.007654
9.533	0.045909
9.534	0.065992
9.535	-0.077144
9.536	0.042083
9.537	-0.042396
9.538	-0.083838
9.539	-0.092127
9.54	-0.089895
9.541	-0.0781
9.542	-0.061842
9.543	-0.08607
9.544	-0.197646
9.545	-0.099459
9.546	0.005104
9.547	-0.049728
9.548	-0.095634
9.549	-0.001272
9.55	0.004147
9.551	-0.026456
9.552	-0.031557
9.553	0.052922
9.554	0.049097
9.555	0.063442
9.556	-0.029007
9.557	0.001597
9.558	0.104247
9.559	-0.010517
9.56	0.103928
9.561	0.12975
9.562	0.065674
9.563	0.007654
9.564	0.041764
9.565	0.040489
9.566	0.033476
9.567	0.063123
9.568	0.081294
9.569	-0.020718
9.57	0.048459
9.571	-0.083838
9.572	-0.083201
9.573	-0.082563
9.574	-0.071406
9.575	-0.065667
9.576	-0.034745
9.577	-0.054829
9.578	-0.120818
9.579	-0.04654
9.58	-0.094677
9.581	-0.106472
9.582	0.019768
9.583	-0.066943
9.584	-0.05961
9.585	-0.021675
9.586	-0.029644
9.587	0.034751
9.588	0.041446
9.589	0.065355
9.59	-0.016893
9.591	0.03507
9.592	0.135488
9.593	0.073325
9.594	0.006698
9.595	0.133576
9.596	0.124012
9.597	0.001597
9.598	0.062486
9.599	0.081613
9.6	0.070137
9.601	0.007973
9.602	0.042402
9.603	-0.016574
9.604	0.044952
9.605	-0.097228
9.606	-0.05961
9.607	-0.05451
9.608	-0.088301
9.609	-0.07555
9.61	-0.035701
9.611	-0.110617
9.612	-0.05451
9.613	-0.027413
9.614	-0.206253
9.615	-0.119543
9.616	0.048459
9.617	-0.070768
9.618	-0.043033
9.619	-0.10456
9.62	0.043677
9.621	-0.021675
9.622	0.055154
9.623	0.026781
9.624	-0.034745
9.625	-0.020718
9.626	0.141864
9.627	0.061211
9.628	0.002553
9.629	0.0797
9.63	0.113811
9.631	0.016899
9.632	0.018493
9.633	0.063761
9.634	0.030607
9.635	0.03252
9.636	-0.010836
9.637	0.028694
9.638	0.047503
9.639	-0.115398
9.64	-0.095952
9.641	-0.068218
9.642	-0.079375
9.643	-0.083838
9.644	-0.046221
9.645	-0.168636
9.646	-0.060886
9.647	-0.012748
9.648	-0.199878
9.649	-0.132294
9.65	-0.013067
9.651	0.001916
9.652	-0.015299
9.653	-0.109341
9.654	0.105522
9.655	-0.013386
9.656	0.034432
9.657	0.00861
9.658	-0.050684
9.659	0.084163
9.66	-0.048453
9.661	0.197652
9.662	0.021362
9.663	0.031882
9.664	0.09819
9.665	0.035389
9.666	0.028375
9.667	0.035389
9.668	0.037301
9.669	0.082251
9.67	-0.034745
9.671	0.013711
9.672	0.013392
9.673	-0.056423
9.674	-0.081607
9.675	-0.047815
9.676	-0.031238
9.677	-0.072043
9.678	-0.043033
9.679	-0.164173
9.68	-0.069812
9.681	-0.004141
9.682	-0.088939
9.683	-0.095952
9.684	-0.045265
9.685	-0.009879
9.686	-0.011154
9.687	-0.04399
9.688	0.090858
9.689	0.01913
9.69	0.076512
9.691	-0.030601
9.692	0.053241
9.693	0.112536
9.694	0.02455
9.695	0.096915
9.696	0.102016
9.697	0.03252
9.698	0.043358
9.699	0.036345
9.7	0.070455
9.701	0.038577
9.702	0.034751
9.703	0.085439
9.704	-0.052278
9.705	0.015943
9.706	-0.037933
9.707	-0.061842
9.708	-0.084795
9.709	-0.060248
9.71	-0.075869
9.711	-0.035064
9.712	-0.09659
9.713	-0.159073
9.714	-0.072681
9.715	-0.086707
9.716	-0.125919
9.717	-0.007329
9.718	-0.08607
9.719	-0.070449
9.72	-0.021356
9.721	-0.026456
9.722	0.036664
9.723	0.050053
9.724	0.054197
9.725	-0.060248
9.726	0.03252
9.727	0.122418
9.728	0.071093
9.729	-0.003185
9.73	0.123374
9.731	0.128794
9.732	-0.005416
9.733	0.077469
9.734	0.06408
9.735	0.048459
9.736	0.007335
9.737	0.059298
9.738	-0.025181
9.739	0.020087
9.74	-0.05961
9.741	-0.081607
9.742	-0.092446
9.743	-0.065349
9.744	-0.056104
9.745	-0.028688
9.746	-0.073
9.747	-0.064073
9.748	-0.060248
9.749	-0.168317
9.75	-0.124006
9.751	0.059935
9.752	-0.04654
9.753	-0.095634
9.754	-0.029644
9.755	0.017855
9.756	0.006698
9.757	0.005423
9.758	0.009886
9.759	-0.023268
9.76	-0.007329
9.761	0.18777
9.762	0.041764
9.763	-0.030601
9.764	0.117636
9.765	0.11923
9.766	0.000322
9.767	-0.007329
9.768	0.024231
9.769	0.098509
9.77	0.038895
9.771	0.022318
9.772	0.028057
9.773	0.062805
9.774	-0.098184
9.775	-0.084157
9.776	-0.05706
9.777	-0.072362
9.778	-0.047496
9.779	-0.0255
9.78	-0.110617
9.781	-0.061204
9.782	-0.029963
9.783	-0.29137
9.784	-0.109341
9.785	0.053878
9.786	-0.018487
9.787	-0.044627
9.788	-0.074912
9.789	0.080019
9.79	-0.003822
9.791	0.049415
9.792	0.024869
9.793	-0.015299
9.794	0.073006
9.795	3.128e-06
9.796	0.17183
9.797	-0.00446
9.798	0.03252
9.799	0.095002
9.8	0.038258
9.801	0.028694
9.802	0.053878
9.803	0.041764
9.804	0.057066
9.805	-0.057698
9.806	0.02455
9.807	0.061848
9.808	-0.086707
9.809	-0.088939
9.81	-0.041439
9.811	-0.052597
9.812	-0.029325
9.813	-0.051003
9.814	-0.179794
9.815	-0.055785
9.816	-0.018487
9.817	-0.087664
9.818	-0.110617
9.819	-0.045584
9.82	0.020406
9.821	-0.036976
9.822	-0.077781
9.823	0.09022
9.824	0.016261
9.825	0.045909
9.826	0.001916
9.827	-0.00701
9.828	0.101378
9.829	-0.029007
9.83	0.119549
9.831	0.057066
9.832	0.055791
9.833	0.058023
9.834	0.053241
9.835	0.048459
9.836	0.013073
9.837	0.027419
9.838	0.037939
9.839	-0.012748
9.84	0.003191
9.841	-0.033151
9.842	-0.099778
9.843	-0.10711
9.844	-0.047178
9.845	-0.051959
9.846	-0.037933
9.847	-0.108066
9.848	-0.145365
9.849	-0.09659
9.85	-0.03602
9.851	-0.096909
9.852	-0.009242
9.853	-0.019124
9.854	-0.090214
9.855	-0.031557
9.856	-0.011473
9.857	0.024869
9.858	0.044952
9.859	0.057704
9.86	-0.030919
9.861	0.028694
9.862	0.115405
9.863	0.023275
9.864	0.034751
9.865	0.138039
9.866	0.044952
9.867	0.016899
9.868	0.046546
9.869	0.0271
9.87	0.061848
9.871	0.023912
9.872	0.086714
9.873	0.012436
9.874	0.031244
9.875	-0.063755
9.876	-0.063117
9.877	-0.08862
9.878	-0.052278
9.879	-0.05961
9.88	-0.021675
9.881	-0.106791
9.882	-0.105197
9.883	-0.073318
9.884	-0.102966
9.885	-0.099778
9.886	0.10616
9.887	-0.057379
9.888	-0.113805
9.889	0.00351
9.89	0.034114
9.891	0.022956
9.892	0.036026
9.893	0.036664
9.894	0.008292
9.895	0.030926
9.896	0.222518
9.897	0.043677
9.898	-0.000953
9.899	0.1798
9.9	0.109667
9.901	0.028375
9.902	0.030926
9.903	0.032201
9.904	0.068862
9.905	0.04559
9.906	0.016261
9.907	0.011798
9.908	0.050691
9.909	-0.110617
9.91	-0.079694
9.911	-0.045902
9.912	-0.053235
9.913	-0.024225
9.914	-0.040483
9.915	-0.14919
9.916	-0.02805
9.917	0.03507
9.918	-0.292964
9.919	-0.10711
9.92	-0.006054
9.921	-0.045584
9.922	-0.022631
9.923	-0.096909
9.924	0.067905
9.925	-0.019443
9.926	0.026144
9.927	0.044315
9.928	-0.056104
9.929	0.000641
9.93	0.074281
9.931	0.116999
9.932	-0.031238
9.933	0.095959
9.934	0.086076
9.935	0.028694
9.936	0.027419
9.937	0.011161
9.938	0.055472
9.939	0.055154
9.94	-0.045265
9.941	0.017218
9.942	0.036983
9.943	-0.110298
9.944	-0.123368
9.945	-0.051641
9.946	-0.052916
9.947	-0.049409
9.948	-0.102966
9.949	-0.191589
9.95	-0.069174
9.951	-0.001272
9.952	-0.121455
9.953	-0.12815
9.954	-0.016893
9.955	0.012755
9.956	-0.037614
9.957	-0.052916
9.958	0.038895
9.959	0.008292
9.96	0.043677
9.961	-0.018487
9.962	-0.016255
9.963	0.066311
9.964	-0.063755
9.965	0.146646
9.966	0.062167
9.967	0.029013
9.968	0.042721
9.969	0.058979
9.97	0.076831
9.971	0.047821
9.972	0.04304
9.973	0.059298
9.974	3.128e-06
9.975	0.064717
9.976	-0.016893
9.977	-0.100097
9.978	-0.051959
9.979	-0.064073
9.98	-0.071724
9.981	-0.016574
9.982	-0.091808
9.983	-0.234626
9.984	-0.075869
9.985	-0.010198
9.986	-0.049728
9.987	-0.052916
9.988	0.014986
9.989	-0.032195
9.99	-0.020399
9.991	-0.029325
9.992	0.051966
9.993	0.067586
9.994	0.074281
9.995	0.031563
9.996	0.028375
9.997	0.118593
9.998	0.04304
9.999	0.062486
10	0.15876
10.001	0.086714
10.002	0.043677
10.003	0.054835
10.004	0.052603
10.005	0.065355
10.006	0.054197
10.007	0.102334
10.008	-0.031238
10.009	0.071093
10.01	-0.068218
10.011	-0.049409
10.012	-0.104878
10.013	-0.09659
10.014	-0.060567
10.015	-0.017211
10.016	-0.106154
10.017	-0.090214
10.018	-0.051322
10.019	-0.08352
10.02	-0.115398
10.021	0.054835
10.022	-0.045902
10.023	-0.107429
10.024	-0.022631
10.025	-0.012111
10.026	0.022956
10.027	0.018812
10.028	0.023912
10.029	-0.037933
10.03	-0.013705
10.031	0.177887
10.032	0.064717
10.033	-0.014342
10.034	0.106797
10.035	0.089583
10.036	0.017855
10.037	0.035389
10.038	0.052285
10.039	0.091496
10.04	3.128e-06
10.041	0.045271
10.042	-0.009879
10.043	-0.024862
10.044	-0.104241
10.045	-0.110617
10.046	-0.098503
10.047	-0.082882
10.048	-0.063117
10.049	-0.060886
10.05	-0.130382
10.051	-0.059292
10.052	-0.027732
10.053	-0.241639
10.054	-0.166724
10.055	-0.005097
10.056	-0.036658
10.057	-0.065667
10.058	-0.068218
10.059	0.020406
10.06	-0.011473
10.061	0.006698
10.062	0.011161
10.063	-0.029644
10.064	-0.044627
10.065	0.137082
10.066	0.090539
10.067	0.007335
10.068	0.062486
10.069	0.085439
10.07	0.035389
10.071	0.017537
10.072	0.082888
10.073	0.0797
10.074	0.041127
10.075	0.006379
10.076	0.040808
10.077	0.040171
10.078	-0.097865
10.079	-0.08862
10.08	-0.040164
10.081	-0.054829
10.082	-0.059292
10.083	-0.097546
10.084	-0.176925
10.085	-0.048453
10.086	-0.011473
10.087	-0.097865
10.088	-0.109023
10.089	-0.034426
10.09	0.001916
10.091	-0.006691
10.092	-0.055785
10.093	0.119549
10.094	0.022956
10.095	0.052603
10.096	0.046865
10.097	-0.006373
10.098	0.076831
10.099	-0.033789
10.1	0.173424
10.101	0.077788
10.102	0.02455
10.103	0.096596
10.104	0.05866
10.105	0.050053
10.106	0.061529
10.107	0.02455
10.108	0.077788
10.109	-0.023268
10.11	0.039214
10.111	0.035707
10.112	-0.0781
10.113	-0.105835
10.114	-0.05961
10.115	-0.067899
10.116	-0.057698
10.117	-0.049728
10.118	-0.160667
10.119	-0.0781
10.12	-0.016574
10.121	-0.053553
10.122	-0.075231
10.123	-0.018805
10.124	-0.025181
10.125	-0.031876
10.126	-0.068218
10.127	0.047821
10.128	0.01403
10.129	0.073643
10.13	-0.02295
10.131	-0.001272
10.132	0.106479
10.133	0.01913
10.134	0.051966
10.135	0.094046
10.136	0.063761
10.137	0.037939
10.138	0.064399
10.139	0.028694
10.14	0.037301
10.141	0.040808
10.142	0.059298
10.143	-0.070768
10.144	-0.011473
10.145	-0.05706
10.146	-0.083838
10.147	-0.102647
10.148	-0.090533
10.149	-0.10966
10.15	-0.039527
10.151	-0.110298
10.152	-0.113805
10.153	-0.084157
10.154	-0.135801
10.155	-0.12018
10.156	0.034432
10.157	-0.069174
10.158	-0.097865
10.159	-0.026456
10.16	-0.030919
10.161	0.01913
10.162	0.009567
10.163	0.01403
10.164	-0.032195
10.165	-0.020081
10.166	0.194146
10.167	0.070137
10.168	-0.025819
10.169	0.158122
10.17	0.091496
10.171	-0.011473
10.172	0.078425
10.173	0.052922
10.174	0.09022
10.175	-0.00191
10.176	0.062805
10.177	0.031882
10.178	0.038577
10.179	-0.09659
10.18	-0.108704
10.181	-0.056423
10.182	-0.093402
10.183	-0.073
10.184	-0.054191
10.185	-0.095315
10.186	-0.024862
10.187	-0.000634
10.188	-0.172462
10.189	-0.169593
10.19	0.068543
10.191	-0.021993
10.192	-0.050684
10.193	-0.059929
10.194	0.10361
10.195	0.000322
10.196	0.046865
10.197	0.088308
10.198	-0.015299
10.199	0.019449
10.2	0.120824
10.201	0.096277
10.202	0.023594
10.203	0.071731
10.204	0.09819
10.205	0.070137
10.206	-0.002866
10.207	0.059298
10.208	0.075875
10.209	-0.005097
10.21	0.026144
10.211	0.033795
10.212	0.053878
10.213	-0.092764
10.214	-0.121774
10.215	-0.07555
10.216	-0.076825
10.217	-0.031557
10.218	-0.063436
10.219	-0.145683
10.22	-0.090852
10.221	-0.058973
10.222	-0.150465
10.223	-0.116674
10.224	-0.015618
10.225	0.020724
10.226	-0.022631
10.227	-0.117311
10.228	0.112217
10.229	-0.014661
10.23	0.032201
10.231	-0.002228
10.232	-0.040483
10.233	0.062486
10.234	-0.042396
10.235	0.157166
10.236	0.047821
10.237	0.010523
10.238	0.064717
10.239	0.049734
10.24	0.007016
10.241	0.036983
10.242	0.057066
10.243	0.010523
10.244	-0.06503
10.245	-0.011473
10.246	0.008929
10.247	-0.089577
10.248	-0.111573
10.249	-0.084157
10.25	-0.081926
10.251	-0.030601
10.252	-0.109341
10.253	-0.22825
10.254	-0.088301
10.255	-0.035701
10.256	-0.026775
10.257	-0.08862
10.258	-0.008285
10.259	0.001278
10.26	-0.04909
10.261	-0.069493
10.262	0.076194
10.263	0.039214
10.264	0.03762
10.265	-0.030919
10.266	-0.006691
10.267	0.110304
10.268	0.042721
10.269	0.025825
10.27	0.126881
10.271	0.048459
10.272	-0.016574
10.273	0.097234
10.274	0.027419
10.275	0.042402
10.276	0.044634
10.277	0.061529
10.278	0.021362
10.279	0.011161
10.28	-0.079057
10.281	-0.057698
10.282	-0.049728
10.283	-0.055466
10.284	-0.053872
10.285	-0.076825
10.286	-0.090852
10.287	-0.13867
10.288	-0.07555
10.289	-0.052916
10.29	-0.076187
10.291	0.022318
10.292	-0.036658
10.293	-0.058654
10.294	-0.019762
10.295	-0.025181
10.296	0.048459
10.297	0.071731
10.298	0.046228
10.299	0.008929
10.3	0.039852
10.301	0.167686
10.302	0.078106
10.303	-0.002866
10.304	0.155891
10.305	0.123693
10.306	-0.007648
10.307	0.036664
10.308	0.044315
10.309	0.079063
10.31	0.014349
10.311	0.075237
10.312	-0.014661
10.313	0.060892
10.314	-0.074593
10.315	-0.079375
10.316	-0.072681
10.317	-0.059929
10.318	-0.048772
10.319	-0.042077
10.32	-0.101691
10.321	-0.108066
10.322	-0.0255
10.323	-0.175012
10.324	-0.128788
10.325	0.063123
10.326	-0.051322
10.327	-0.047496
10.328	-0.093083
10.329	0.03762
10.33	-0.017849
10.331	0.025187
10.332	0.023275
10.333	0.001916
10.334	0.001597
10.335	0.111579
10.336	0.082569
10.337	-0.021993
10.338	0.099465
10.339	0.099465
10.34	0.036345
10.341	0.014986
10.342	0.034114
10.343	0.0797
10.344	0.025506
10.345	-0.018805
10.346	0.022
10.347	0.041764
10.348	-0.084476
10.349	-0.111254
10.35	-0.086707
10.351	-0.098503
10.352	-0.052597
10.353	-0.032832
10.354	-0.214223
10.355	-0.05961
10.356	0.019449
10.357	-0.199559
10.358	-0.104241
10.359	-0.000634
10.36	-0.00446
10.361	-0.026138
10.362	-0.085432
10.363	0.110623
10.364	-0.031876
10.365	0.017537
10.366	0.028057
10.367	-0.029963
10.368	0.078744
10.369	-0.041439
10.37	0.183626
10.371	0.029013
10.372	0.017218
10.373	0.063123
10.374	0.046865
10.375	0.044634
10.376	0.02455
10.377	0.052922
10.378	0.039214
10.379	-0.023268
10.38	0.029969
10.381	0.025825
10.382	-0.090533
10.383	-0.080332
10.384	-0.030282
10.385	-0.0781
10.386	-0.024225
10.387	-0.100097
10.388	-0.213267
10.389	-0.064711
10.39	-0.052278
10.391	-0.049728
10.392	-0.066624
10.393	-0.031238
10.394	0.008929
10.395	-0.016255
10.396	-0.02805
10.397	0.117317
10.398	0.040489
10.399	0.058342
10.4	0.020087
10.401	0.022318
10.402	0.096596
10.403	0.03507
10.404	0.0746
10.405	0.107116
10.406	0.066949
10.407	0.025825
10.408	0.072368
10.409	0.013392
10.41	0.034751
10.411	0.068543
10.412	0.052285
10.413	-0.013705
10.414	0.004147
10.415	-0.038252
10.416	-0.059929
10.417	-0.083838
10.418	-0.062161
10.419	-0.066305
10.42	-0.01498
10.421	-0.132294
10.422	-0.148553
10.423	-0.092764
10.424	-0.041121
10.425	-0.092446
10.426	-0.027413
10.427	-0.033151
10.428	-0.074593
10.429	-0.022631
10.43	-0.047496
10.431	0.038577
10.432	0.05356
10.433	0.051647
10.434	-0.009561
10.435	0.036983
10.436	0.09022
10.437	0.05866
10.438	0.010204
10.439	0.139314
10.44	0.098509
10.441	0.010204
10.442	0.071412
10.443	0.022318
10.444	0.055472
10.445	0.032201
10.446	0.044634
10.447	-0.019762
10.448	0.021362
10.449	-0.071406
10.45	-0.07013
10.451	-0.084795
10.452	-0.066305
10.453	-0.069812
10.454	0.001278
10.455	-0.111254
10.456	-0.087983
10.457	-0.049728
10.458	-0.128469
