4.09	0.040808
4.091	0.018812
4.092	0.041127
4.093	0.040808
4.094	0.036664
4.095	-0.085432
4.096	0.043358
4.097	0.00351
4.098	-0.08862
4.099	-0.114761
4.1	-0.069493
4.101	-0.07555
4.102	-0.023268
4.103	-0.051959
4.104	-0.220918
4.105	-0.074275
4.106	-0.014024
4.107	-0.099778
4.108	-0.084795
4.109	-0.048134
4.11	-0.00446
4.111	-0.010836
4.112	-0.04654
4.113	0.104885
4.114	0.003829
4.115	0.055154
4.116	-0.012748
4.117	-0.002547
4.118	0.10361
4.119	-0.064711
4.12	0.146327
4.121	0.081932
4.122	0.037301
4.123	0.05356
4.124	0.06663
4.125	0.071093
4.126	0.015624
4.127	0.049415
4.128	0.071731
4.129	-0.027094
4.13	0.03507
4.131	-0.040802
4.132	-0.052597
4.133	-0.087983
4.134	-0.04654
4.135	-0.051003
4.136	-0.030282
4.137	-0.029007
4.138	-0.155566
4.139	-0.072043
4.14	-0.051003
4.141	-0.044946
4.142	-0.052597
4.143	-0.01753
4.144	-0.066624
4.145	-0.04909
4.146	-0.00701
4.147	0.049097
4.148	0.040171
4.149	0.037301
4.15	-0.025181
4.151	0.061211
4.152	0.132619
4.153	0.043358
4.154	0.045271
4.155	0.118593
4.156	0.095002
4.157	0.025825
4.158	0.062486
4.159	0.054516
4.16	0.045271
4.161	0.029332
4.162	0.036026
4.163	-0.009879
4.164	0.037301
4.165	-0.093083
4.166	-0.06248
4.167	-0.116674
4.168	-0.069812
4.169	-0.067899
4.17	-0.025819
4.171	-0.103603
4.172	-0.071087
4.173	-0.047496
4.174	-0.103603
4.175	-0.171824
4.176	0.078106
4.177	-0.079057
4.178	-0.077781
4.179	-0.076825
4.18	-0.023268
4.181	-0.014661
4.182	0.022318
4.183	0.010842
4.184	-0.033789
4.185	0.008929
4.186	0.151109
4.187	0.04559
4.188	-0.019762
4.189	0.128794
4.19	0.088945
4.191	0.011161
4.192	0.016261
4.193	0.038577
4.194	0.06663
4.195	0.027419
4.196	-0.016255
4.197	0.065674
4.198	0.051647
4.199	-0.115717
4.2	-0.0781
4.201	-0.079375
4.202	-0.045584
4.203	-0.055785
4.204	-0.056104
4.205	-0.112848
4.206	-0.047496
4.207	0.007654
4.208	-0.234944
4.209	-0.08607
4.21	0.017218
4.211	-0.058016
4.212	-0.01498
4.213	-0.092446
4.214	0.100103
4.215	-0.023268
4.216	0.053878
4.217	0.062167
4.218	-0.035382
4.219	0.006379
4.22	0.076512
4.221	0.111579
4.222	0.015624
4.223	0.107116
4.224	0.089264
4.225	0.051647
4.226	0.045909
4.227	0.065036
4.228	0.058023
4.229	0.062486
4.23	-0.052278
4.231	0.059298
4.232	0.029332
4.233	-0.07555
4.234	-0.123687
4.235	-0.035064
4.236	-0.042715
4.237	-0.042396
4.238	-0.072043
4.239	-0.179475
4.24	-0.063436
4.241	-0.014661
4.242	-0.123368
4.243	-0.098184
4.244	-0.037295
4.245	0.000322
4.246	-0.007329
4.247	-0.032195
4.248	0.10074
4.249	0.021681
4.25	0.049734
4.251	0.018174
4.252	0.014349
4.253	0.097871
4.254	-0.046859
4.255	0.163861
4.256	0.047503
4.257	0.102653
4.258	0.079063
4.259	0.014986
4.26	0.056429
4.261	0.055791
4.262	0.013711
4.263	0.095321
4.264	-0.024544
4.265	0.049415
4.266	-0.071406
4.267	-0.070449
4.268	-0.112529
4.269	-0.067899
4.27	-0.080332
4.271	-0.018805
4.272	-0.092446
4.273	-0.15716
4.274	-0.088301
4.275	-0.04654
4.276	-0.077781
4.277	-0.05961
4.278	-0.012748
4.279	-0.063755
4.28	-0.029963
4.281	-0.037295
4.282	0.035707
4.283	0.033476
4.284	0.0797
4.285	-0.011792
4.286	0.053878
4.287	0.097234
4.288	-0.020081
4.289	0.082569
4.29	0.093727
4.291	0.045271
4.292	0.054516
4.293	0.042083
4.294	0.024869
4.295	0.036026
4.296	0.032201
4.297	0.023912
4.298	0.001597
4.299	0.015943
4.3	-0.131019
4.301	-0.048772
4.302	-0.108066
4.303	-0.049728
4.304	-0.047178
4.305	-0.090533
4.306	-0.034745
4.307	-0.116355
4.308	-0.055147
4.309	-0.072681
4.31	-0.122412
4.311	0.069499
4.312	-0.065986
4.313	-0.050684
4.314	-0.037933
4.315	0.015305
4.316	-0.008285
4.317	0.049415
4.318	0.042083
4.319	-0.029007
4.32	0.016899
4.321	0.137082
4.322	0.073006
4.323	0.028375
4.324	0.142821
4.325	0.06408
4.326	-0.009561
4.327	0.050372
4.328	0.038895
4.329	0.046228
4.33	0.052603
4.331	0.010842
4.332	0.082251
4.333	0.041764
4.334	-0.103922
4.335	-0.051322
4.336	-0.038889
4.337	-0.030919
4.338	-0.035701
4.339	-0.05961
4.34	-0.139626
4.341	-0.058016
4.342	0.01403
4.343	-0.199878
4.344	-0.106154
4.345	0.041127
4.346	-0.051641
4.347	0.005741
4.348	-0.092764
4.349	0.083526
4.35	-0.01243
4.351	0.041446
4.352	0.043996
4.353	-0.032195
4.354	0.020724
4.355	0.127838
4.356	0.10616
4.357	0.007016
4.358	0.135807
4.359	0.064399
4.36	-0.038889
4.361	0.010204
4.362	0.050053
4.363	0.049415
4.364	0.065036
4.365	-0.029963
4.366	0.029332
4.367	-0.009879
4.368	-0.045902
4.369	-0.110935
4.37	-0.055785
4.371	-0.058335
4.372	-0.069174
4.373	-0.056423
4.374	-0.211992
4.375	-0.073
4.376	-0.050684
4.377	-0.170868
4.378	-0.138989
4.379	0.007335
4.38	-0.011473
4.381	-0.015618
4.382	-0.081288
4.383	0.099147
4.384	0.024231
4.385	0.070774
4.386	-0.012111
4.387	-0.015936
4.388	0.059935
4.389	-0.029007
4.39	0.155253
4.391	-0.001272
4.392	0.061848
4.393	0.090858
4.394	0.016261
4.395	0.035389
4.396	0.028375
4.397	0.006379
4.398	0.0746
4.399	-0.003504
4.4	0.021043
4.401	-0.035382
4.402	-0.022312
4.403	-0.131976
4.404	-0.073956
4.405	-0.076825
4.406	-0.057379
4.407	-0.072681
4.408	-0.15174
4.409	-0.116674
4.41	-0.019762
4.411	-0.077463
4.412	-0.040802
4.413	-0.046859
4.414	-0.050366
4.415	-0.010836
4.416	-0.003504
4.417	0.036664
4.418	0.051966
4.419	0.075556
4.42	-0.002547
4.421	0.050053
4.422	0.095959
4.423	-0.011154
4.424	0.124331
4.425	0.095959
4.426	0.026781
4.427	0.059298
4.428	0.086714
4.429	0.094365
4.43	0.035389
4.431	0.079063
4.432	0.069818
4.433	0.015305
4.434	0.040489
4.435	-0.10966
4.436	-0.043033
4.437	-0.061204
4.438	-0.033151
4.439	-0.065349
4.44	-0.044946
4.441	-0.072362
4.442	-0.085114
4.443	-0.069174
4.444	-0.151422
4.445	-0.118905
4.446	0.067268
4.447	-0.074912
4.448	-0.082244
4.449	-0.041758
4.45	0.008929
4.451	0.024869
4.452	0.026144
4.453	0.026463
4.454	-0.003822
4.455	0.043358
4.456	0.142502
4.457	0.073006
4.458	0.024231
4.459	0.174381
4.46	0.045271
4.461	-0.008604
4.462	0.048459
4.463	0.027738
4.464	0.053241
4.465	0.06663
4.466	-0.019443
4.467	0.060892
4.468	0.043677
4.469	-0.052278
4.47	-0.097228
4.471	-0.034107
4.472	-0.030919
4.473	-0.073637
4.474	-0.07013
4.475	-0.170549
4.476	-0.030282
4.477	0.006698
4.478	-0.222193
4.479	-0.11508
4.48	0.03507
4.481	-0.044946
4.482	-0.009242
4.483	-0.10711
4.484	0.06918
4.485	-0.038889
4.486	0.00861
4.487	0.002553
4.488	-0.050684
4.489	0.014349
4.49	0.138039
4.491	0.06918
4.492	-0.037614
4.493	0.130388
4.494	0.082251
4.495	0.018493
4.496	0.019449
4.497	0.040171
4.498	0.073325
4.499	0.04814
4.5	-0.073
4.501	0.023912
4.502	0.040171
4.503	-0.036658
4.504	-0.103285
4.505	-0.070449
4.506	-0.081926
4.507	-0.070449
4.508	-0.077144
4.509	-0.191589
4.51	-0.082563
4.511	-0.040483
4.512	-0.105835
4.513	-0.132294
4.514	0.014667
4.515	0.016261
4.516	0.002553
4.517	-0.072362
4.518	0.099784
4.519	0.036345
4.52	0.085439
4.521	0.007016
4.522	-0.009561
4.523	0.092771
4.524	-0.028688
4.525	0.201797
4.526	0.021043
4.527	0.050372
4.528	0.095002
4.529	0.083845
4.53	0.070455
4.531	0.051966
4.532	0.040171
4.533	0.118911
4.534	0.000322
4.535	0.061529
4.536	-0.03347
4.537	-0.057698
4.538	-0.103603
4.539	-0.069493
4.54	-0.05961
4.541	-0.047815
4.542	-0.05451
4.543	-0.144408
4.544	-0.105835
4.545	-0.045584
4.546	-0.037295
4.547	-0.052916
4.548	-0.013067
4.549	-0.044946
4.55	-0.065667
4.551	-0.0255
4.552	0.062167
4.553	0.046865
4.554	0.067586
4.555	-0.030282
4.556	0.036026
4.557	0.130707
4.558	0.011798
4.559	0.077788
4.56	0.105522
4.561	0.023912
4.562	0.007335
4.563	0.045909
4.564	0.065355
4.565	0.008929
4.566	0.053878
4.567	0.047184
4.568	0.00351
4.569	0.01403
4.57	-0.127512
4.571	-0.074275
4.572	-0.105197
4.573	-0.026775
4.574	-0.063755
4.575	-0.067261
4.576	-0.076825
4.577	-0.094677
4.578	-0.050047
4.579	-0.056104
4.58	-0.144727
4.581	0.051328
4.582	-0.089895
4.583	-0.094358
4.584	-0.06758
4.585	-0.007329
4.586	-0.000634
4.587	0.006379
4.588	0.021681
4.589	-0.029007
4.59	0.040808
4.591	0.1272
4.592	0.051966
4.593	-0.030282
4.594	0.167049
4.595	0.092133
4.596	-0.018487
4.597	0.045271
4.598	0.038258
4.599	0.054197
4.6	0.034751
4.601	-0.018168
4.602	0.041446
4.603	0.056429
4.604	-0.06758
4.605	-0.078738
4.606	-0.05961
4.607	-0.071406
4.608	-0.077463
4.609	-0.028688
4.61	-0.146321
4.611	-0.015618
4.612	0.018174
4.613	-0.190951
4.614	-0.128788
4.615	0.048459
4.616	-0.019124
4.617	-0.008604
4.618	-0.09404
4.619	0.087033
4.62	-0.00701
4.621	0.023912
4.622	0.041764
4.623	-0.032832
4.624	0.024869
4.625	0.152065
4.626	0.086714
4.627	0.013073
4.628	0.102334
4.629	0.115724
4.63	0.057385
4.631	0.044952
4.632	0.06918
4.633	0.084482
4.634	0.05611
4.635	-0.031876
4.636	0.072687
4.637	0.051966
4.638	-0.059292
4.639	-0.065986
4.64	-0.026775
4.641	-0.05961
4.642	-0.023906
4.643	-0.044946
4.644	-0.170549
4.645	-0.030919
4.646	-0.01498
4.647	-0.167361
4.648	-0.080969
4.649	-0.000634
4.65	-0.01498
4.651	-0.007648
4.652	-0.046221
4.653	0.084163
4.654	-0.004779
4.655	0.065036
4.656	-0.005416
4.657	-0.021993
4.658	0.081932
4.659	-0.055466
4.66	0.173106
4.661	0.018493
4.662	0.016261
4.663	0.038258
4.664	0.045909
4.665	0.064717
4.666	0.035707
4.667	0.030288
4.668	0.049097
4.669	-0.025181
4.67	0.022318
4.671	-0.065986
4.672	-0.090533
4.673	-0.111573
4.674	-0.057698
4.675	-0.064073
4.676	-0.073637
4.677	-0.097865
4.678	-0.1782
4.679	-0.110935
4.68	-0.028369
4.681	-0.052916
4.682	-0.080969
4.683	-0.037933
4.684	-0.042715
4.685	-0.053872
4.686	-0.077781
4.687	0.041764
4.688	0.042083
4.689	0.039214
4.69	-0.041121
4.691	0.049415
4.692	0.089583
4.693	-0.034107
4.694	0.062805
4.695	0.100103
4.696	0.081613
4.697	0.022
4.698	0.065355
4.699	0.075875
4.7	0.017218
4.701	0.039852
4.702	0.031244
4.703	-0.015936
4.704	0.049734
4.705	-0.080013
4.706	-0.056423
4.707	-0.114761
4.708	-0.069812
4.709	-0.065349
4.71	-0.046859
4.711	-0.066624
4.712	-0.08862
4.713	-0.037295
4.714	-0.072043
4.715	-0.112529
4.716	0.065355
4.717	-0.051322
4.718	-0.064073
4.719	-0.034426
4.72	-0.006054
4.721	0.02455
4.722	0.011798
4.723	0.052603
4.724	0.002872
4.725	0.044952
4.726	0.152384
4.727	0.070137
4.728	0.014667
4.729	0.170236
4.73	0.138358
4.731	0.032201
4.732	0.080338
4.733	0.06663
4.734	0.069499
4.735	0.033795
4.736	0.056748
4.737	0.053241
4.738	0.051009
4.739	-0.093083
4.74	-0.07555
4.741	-0.073
4.742	-0.073956
4.743	-0.093083
4.744	-0.001272
4.745	-0.114442
4.746	-0.066305
4.747	-0.040164
4.748	-0.191908
4.749	-0.110298
4.75	0.069818
4.751	-0.055466
4.752	-0.028688
4.753	-0.069812
4.754	0.065674
4.755	-0.047496
4.756	0.034751
4.757	0.029013
4.758	-0.041121
4.759	0.011161
4.76	0.118274
4.761	0.09309
4.762	0.017218
4.763	0.051328
4.764	0.096596
4.765	0.041764
4.766	0.002553
4.767	0.051009
4.768	0.058023
4.769	0.053241
4.77	-0.042077
4.771	0.031244
4.772	-0.006373
4.773	-0.108704
4.774	-0.118905
4.775	-0.048772
4.776	-0.074275
4.777	-0.076187
4.778	-0.065349
4.779	-0.17023
4.78	-0.068218
4.781	0.018174
4.782	-0.20721
4.783	-0.101691
4.784	-0.016893
4.785	-0.052278
4.786	-0.058654
4.787	-0.077463
4.788	0.08512
4.789	-0.023906
4.79	0.024869
4.791	-0.040164
4.792	-0.029963
4.793	0.064717
4.794	-0.099778
4.795	0.165773
4.796	0.022956
4.797	0.073006
4.798	0.072687
4.799	0.039214
4.8	0.025187
4.801	0.020724
4.802	0.033476
4.803	0.074919
4.804	-0.037295
4.805	0.022
4.806	0.004466
4.807	-0.097546
4.808	-0.117311
4.809	-0.040164
4.81	-0.073318
4.811	-0.016893
4.812	-0.08352
4.813	-0.191589
4.814	-0.042715
4.815	-0.005416
4.816	-0.048134
4.817	-0.055466
4.818	-0.051641
4.819	-0.027413
4.82	-0.007329
4.821	-0.044946
4.822	0.072687
4.823	0.038577
4.824	0.05611
4.825	-0.003822
4.826	0.051647
4.827	0.110942
4.828	0.006698
4.829	0.095321
4.83	0.123056
4.831	0.094365
4.832	0.065036
4.833	0.102016
4.834	0.062805
4.835	0.058023
4.836	0.058342
4.837	0.081932
4.838	-0.00701
4.839	0.047184
4.84	-0.029325
4.841	-0.038252
4.842	-0.09914
4.843	-0.052916
4.844	-0.050684
4.845	-0.043033
4.846	-0.052597
4.847	-0.10966
4.848	-0.051641
4.849	-0.027413
4.85	-0.086389
4.851	0.025506
4.852	-0.029007
4.853	-0.092764
4.854	-0.016893
4.855	0.013392
4.856	-0.015936
4.857	0.043358
4.858	0.056429
4.859	-0.006054
4.86	0.059935
4.861	0.12975
4.862	0.084801
4.863	0.03507
4.864	0.12465
4.865	0.094365
4.866	-0.001591
4.867	0.054516
4.868	0.040489
4.869	0.054835
4.87	-0.006373
4.871	-0.018805
4.872	-0.016574
4.873	-0.013067
4.874	-0.131338
4.875	-0.082244
4.876	-0.080969
4.877	-0.061842
4.878	-0.071087
4.879	-0.042396
4.88	-0.144408
4.881	-0.086389
4.882	-0.035701
4.883	-0.181388
4.884	-0.143133
4.885	0.048778
4.886	-0.090852
4.887	-0.0781
4.888	-0.093402
4.889	0.01913
4.89	-0.041439
4.891	0.011798
4.892	0.016261
4.893	-0.057698
4.894	-0.039527
4.895	0.13517
4.896	0.053241
4.897	0.005741
4.898	0.133257
4.899	0.096915
4.9	0.02455
4.901	-0.007329
4.902	0.03507
4.903	0.059298
4.904	0.079382
4.905	-0.029007
4.906	0.039852
4.907	0.033476
4.908	-0.072362
4.909	-0.111892
4.91	-0.04654
4.911	-0.050366
4.912	-0.063755
4.913	-0.052278
4.914	-0.144408
4.915	-0.001272
4.916	0.042402
4.917	-0.177244
4.918	-0.094358
4.919	-0.041758
4.92	0.00351
4.921	0.007654
4.922	-0.062161
4.923	0.111898
4.924	0.015624
4.925	0.055154
4.926	0.009886
4.927	-0.015299
4.928	0.087351
4.929	-0.022631
4.93	0.204347
4.931	0.034432
4.932	0.09022
4.933	0.114448
4.934	0.064399
4.935	0.056429
4.936	0.062805
4.937	0.063123
4.938	0.070455
4.939	-0.021993
4.94	0.061211
4.941	0.002553
4.942	-0.062798
4.943	-0.092764
4.944	-0.050684
4.945	-0.068537
4.946	-0.057379
4.947	0.006698
4.948	-0.179794
4.949	-0.046859
4.95	-0.033789
4.951	-0.0781
4.952	-0.101372
4.953	-0.008604
4.954	-0.020399
4.955	-0.041121
4.956	-0.025181
4.957	0.024231
4.958	0.037301
4.959	0.074281
4.96	-0.014024
4.961	0.057066
4.962	0.111898
4.963	-0.042077
4.964	0.132938
4.965	0.058979
4.966	0.040489
4.967	0.031563
4.968	0.050053
4.969	0.049415
4.97	0.013711
4.971	-0.015936
4.972	0.075556
4.973	-0.027094
4.974	0.008929
4.975	-0.089577
4.976	-0.077781
4.977	-0.116674
4.978	-0.064392
4.979	-0.088301
4.98	-0.069493
4.981	-0.108385
4.982	-0.105835
4.983	-0.05451
4.984	-0.058654
4.985	-0.114761
4.986	0.017218
4.987	-0.075869
4.988	-0.073318
4.989	-0.059292
4.99	-0.023906
4.991	-0.002547
4.992	0.027738
4.993	0.028694
4.994	-0.034745
4.995	0.036664
4.996	0.10074
4.997	0.061211
4.998	0.020724
4.999	0.154935
5	0.046546
5.001	0.006698
5.002	0.036026
5.003	0.026463
5.004	0.051328
5.005	0.041127
5.006	-0.001591
5.007	0.062486
5.008	0.017537
5.009	-0.085751
5.01	-0.071406
5.011	-0.046859
5.012	-0.02805
5.013	-0.04654
5.014	-0.038252
5.015	-0.077463
5.016	-0.031557
5.017	0.051328
5.018	-0.168636
5.019	-0.1256
5.02	0.052922
5.021	-0.053872
5.022	-0.029963
5.023	-0.06503
5.024	0.080019
5.025	0.021681
5.026	0.069499
5.027	0.017537
5.028	-0.027094
5.029	0.021681
5.03	0.207216
5.031	0.086076
5.032	0.04559
5.033	0.144415
5.034	0.106479
5.035	0.011161
5.036	0.042083
5.037	0.051966
5.038	0.058342
5.039	0.098828
5.04	-0.042396
5.041	0.073006
5.042	0.080976
5.043	-0.080969
5.044	-0.080013
5.045	-0.042396
5.046	-0.056741
5.047	-0.029644
5.048	-0.026775
5.049	-0.155247
5.05	-0.071724
5.051	-0.016893
5.052	-0.12815
5.053	-0.108066
5.054	-0.016255
5.055	0.016899
5.056	0.001278
5.057	-0.084157
5.058	0.094365
5.059	-0.015936
5.06	0.050372
5.061	0.002553
5.062	-0.025819
5.063	0.041764
5.064	-0.017849
5.065	0.18235
5.066	-0.042396
5.067	0.066949
5.068	0.034751
5.069	0.034751
5.07	0.048459
5.071	0.015624
5.072	0.01403
5.073	0.062486
5.074	-0.070449
5.075	0.035389
5.076	-0.030919
5.077	-0.079057
5.078	-0.100415
5.079	-0.072681
5.08	-0.108385
5.081	-0.082563
5.082	-0.053235
5.083	-0.18617
5.084	-0.06758
5.085	-0.053553
5.086	-0.074912
5.087	-0.109341
5.088	-0.019124
5.089	-0.031238
5.09	-0.055147
5.091	-0.073637
5.092	0.03507
5.093	0.032201
5.094	0.051328
5.095	-0.040483
5.096	0.026781
5.097	0.08767
5.098	-0.074593
5.099	0.097234
5.1	0.104566
5.101	0.017537
5.102	0.031244
5.103	0.045271
5.104	0.043996
5.105	0.038258
5.106	0.023912
5.107	0.069818
5.108	0.00606
5.109	0.077469
5.11	-0.080969
5.111	-0.077144
5.112	-0.089577
5.113	-0.063117
5.114	-0.056104
5.115	-0.04654
5.116	-0.084476
5.117	-0.124006
5.118	-0.058654
5.119	-0.057698
5.12	-0.10711
5.121	0.037301
5.122	-0.027413
5.123	-0.052597
5.124	-0.000953
5.125	0.029651
5.126	0.041764
5.127	0.067905
5.128	0.041127
5.129	0.002872
5.13	0.073325
5.131	0.147921
5.132	0.081932
5.133	0.051966
5.134	0.170236
5.135	0.078106
5.136	-0.003822
5.137	0.055791
5.138	0.056429
5.139	0.069499
5.14	0.052603
5.141	0.035389
5.142	0.049734
5.143	0.054835
5.144	-0.108066
5.145	-0.086707
5.146	-0.075869
5.147	-0.027413
5.148	-0.042396
5.149	-0.015618
5.15	-0.143133
5.151	-0.069174
5.152	0.020406
5.153	-0.172781
5.154	-0.100097
5.155	0.06663
5.156	-0.034107
5.157	-0.020718
5.158	-0.097865
5.159	0.067268
5.16	0.000959
5.161	0.016899
5.162	0.044315
5.163	-0.009242
5.164	0.01403
5.165	0.185538
5.166	0.072687
5.167	-0.016574
5.168	0.113811
5.169	0.066311
5.17	0.003191
5.171	0.022637
5.172	0.036983
5.173	0.034114
5.174	0.050053
5.175	-0.075231
5.176	0.048459
5.177	0.03507
5.178	-0.061842
5.179	-0.096909
5.18	-0.082563
5.181	-0.046859
5.182	-0.067899
5.183	-0.092446
5.184	-0.10711
5.185	-0.083838
5.186	-0.005097
5.187	-0.192545
5.188	-0.118905
5.189	0.001597
5.19	-0.027732
5.191	-0.054191
5.192	-0.071406
5.193	0.087033
5.194	-0.036339
5.195	0.040171
5.196	-0.014024
5.197	-0.024862
5.198	0.060892
5.199	-0.021037
5.2	0.156847
5.201	0.013073
5.202	0.056429
5.203	0.080019
5.204	0.050372
5.205	0.041127
5.206	0.055472
5.207	0.029969
5.208	0.071731
5.209	-0.018487
5.21	0.050372
5.211	0.013073
5.212	-0.063436
5.213	-0.101691
5.214	-0.048453
5.215	-0.069493
5.216	-0.05961
5.217	-0.072681
5.218	-0.169274
5.219	-0.076187
5.22	-0.007329
5.221	-0.079375
5.222	-0.08862
5.223	0.007654
5.224	-0.018168
5.225	-0.014024
5.226	-0.013705
5.227	0.081294
5.228	0.041127
5.229	0.081932
5.23	-0.00446
5.231	0.048778
5.232	0.126244
5.233	-0.033789
5.234	0.075556
5.235	0.108391
5.236	0.075237
5.237	0.018812
5.238	0.043996
5.239	0.084163
5.24	0.048459
5.241	0.07715
5.242	0.101378
5.243	-0.019124
5.244	0.096915
5.245	-0.106791
5.246	-0.054829
5.247	-0.103285
5.248	-0.062798
5.249	-0.041758
5.25	-0.050047
5.251	-0.099459
5.252	-0.173418
5.253	-0.068855
5.254	-0.090533
5.255	-0.095634
5.256	0.034432
5.257	-0.07555
5.258	-0.071406
5.259	-0.042396
5.26	0.025187
5.261	0.015305
5.262	0.024869
5.263	0.038577
5.264	-0.005416
5.265	0.048459
5.266	0.115724
5.267	0.046865
5.268	-0.029963
5.269	0.133576
5.27	0.057066
5.271	-0.018487
5.272	0.044634
5.273	0.039852
5.274	0.046546
5.275	0.027419
5.276	-0.026456
5.277	-0.00191
5.278	-0.003504
5.279	-0.100415
5.28	-0.063755
5.281	-0.076187
5.282	-0.092764
5.283	-0.072362
5.284	-0.07555
5.285	-0.112211
5.286	-0.075869
5.287	-0.053235
5.288	-0.155566
5.289	-0.143771
5.29	0.072687
5.291	-0.065349
5.292	-0.08065
5.293	-0.074912
5.294	0.073006
5.295	-0.050047
5.296	0.018174
5.297	0.040808
5.298	-0.025181
5.299	0.00861
5.3	0.143777
5.301	0.084482
5.302	-0.003822
5.303	0.120187
5.304	0.10361
5.305	0.036664
5.306	0.014667
5.307	0.061848
5.308	0.054516
5.309	0.066949
5.31	0.012117
5.311	0.065674
5.312	0.046865
5.313	-0.083201
5.314	-0.101691
5.315	-0.051641
5.316	-0.060886
5.317	-0.08862
5.318	-0.034745
5.319	-0.127194
5.32	-0.024862
5.321	0.031882
5.322	-0.213904
5.323	-0.075231
5.324	-0.000634
5.325	0.019768
5.326	0.001278
5.327	-0.052916
5.328	0.101378
5.329	0.007016
5.33	0.055791
5.331	0.015305
5.332	-0.0255
5.333	0.088308
5.334	0.001916
5.335	0.170874
5.336	0.034751
5.337	0.052603
5.338	0.078744
5.339	0.063442
5.34	0.057066
5.341	0.04559
5.342	0.059617
5.343	0.076512
5.344	-0.033151
5.345	0.072687
5.346	0.010842
5.347	-0.086389
5.348	-0.085751
5.349	-0.028688
5.35	-0.036658
5.351	-0.066624
5.352	-0.102009
5.353	-0.199878
5.354	-0.07555
5.355	0.016899
5.356	-0.08352
5.357	-0.061842
5.358	-0.022631
5.359	-0.015936
5.36	-0.060248
5.361	-0.087345
5.362	0.056429
5.363	0.038258
5.364	0.073006
5.365	-0.055785
5.366	0.005104
5.367	0.083207
5.368	-0.070449
5.369	0.055154
5.37	0.071093
5.371	0.049097
5.372	0.014349
5.373	0.064717
5.374	0.070455
5.375	0.023912
5.376	0.003829
5.377	0.054197
5.378	-0.029007
5.379	0.007016
5.38	-0.060248
5.381	-0.053553
5.382	-0.108066
5.383	-0.081288
5.384	-0.098184
5.385	-0.053235
5.386	-0.086389
5.387	-0.173099
5.388	-0.059292
5.389	-0.037933
5.39	-0.110298
5.391	0.023275
5.392	-0.098503
5.393	-0.097865
5.394	-0.020081
5.395	-0.005097
5.396	0.006698
5.397	0.031563
5.398	0.051009
5.399	-0.041121
5.4	0.032838
5.401	0.111579
5.402	0.063123
5.403	0.011161
5.404	0.158122
5.405	0.083526
5.406	0.019768
5.407	0.084801
5.408	0.055472
5.409	0.04559
5.41	0.054516
5.411	0.039533
5.412	0.03507
5.413	0.051966
5.414	-0.092764
5.415	-0.072362
5.416	-0.076506
5.417	-0.037295
5.418	-0.068855
5.419	-0.047496
5.42	-0.105516
5.421	-0.055466
5.422	-0.021675
5.423	-0.156522
5.424	-0.118905
5.425	0.095321
5.426	-0.050366
5.427	-0.034107
5.428	-0.055147
5.429	0.085757
5.43	-0.014661
5.431	0.044952
5.432	0.05866
5.433	-0.001272
5.434	0.039852
5.435	0.174062
5.436	0.088945
5.437	0.008292
5.438	0.117955
5.439	0.110942
5.44	0.050372
5.441	0.014986
5.442	0.067268
5.443	0.065355
5.444	0.062167
5.445	-0.02295
5.446	0.065674
5.447	0.036983
5.448	-0.073
5.449	-0.090214
5.45	-0.04399
5.451	-0.012748
5.452	-0.067899
5.453	-0.113805
5.454	-0.202747
5.455	-0.029007
5.456	0.033476
5.457	-0.173418
5.458	-0.131019
5.459	-0.027413
5.46	-0.01243
5.461	-0.016574
5.462	-0.095315
5.463	0.05866
5.464	-0.001591
5.465	0.047184
5.466	0.002872
5.467	-0.045265
5.468	0.044952
5.469	-0.044309
5.47	0.155253
5.471	0.023594
5.472	0.055154
5.473	0.080976
5.474	0.051328
5.475	0.014986
5.476	0.040489
5.477	0.004466
5.478	0.04559
5.479	-0.069812
5.48	0.015943
5.481	-0.013386
5.482	-0.077781
5.483	-0.115398
5.484	-0.069812
5.485	-0.080013
5.486	-0.100734
5.487	-0.098503
5.488	-0.182982
5.489	-0.101053
5.49	-0.001272
5.491	-0.07013
5.492	-0.06503
5.493	-0.046859
5.494	-0.016574
5.495	-0.009242
5.496	-0.058973
5.497	0.049415
5.498	0.016261
5.499	0.058979
5.5	-0.043352
5.501	-0.000953
5.502	0.083845
5.503	-0.034745
5.504	0.10871
5.505	0.106479
5.506	0.034432
5.507	0.035389
5.508	0.091496
5.509	0.066949
5.51	0.03252
5.511	0.058023
5.512	0.086714
5.513	-0.027094
5.514	0.065036
5.515	-0.061204
5.516	-0.043033
5.517	-0.110617
5.518	-0.085114
5.519	-0.065667
5.52	-0.053235
5.521	-0.0781
5.522	-0.037614
5.523	-0.072681
5.524	-0.04399
5.525	-0.107748
5.526	0.015624
5.527	-0.03347
5.528	-0.063436
5.529	0.000641
5.53	-0.012111
5.531	0.030926
5.532	0.022318
5.533	0.055154
5.534	-0.030282
5.535	0.064399
5.536	0.121143
5.537	0.052603
5.538	0.03762
5.539	0.169599
5.54	0.08512
5.541	0.005423
5.542	0.090539
5.543	0.065674
5.544	0.078425
5.545	0.065355
5.546	0.022
5.547	0.038577
5.548	0.021043
5.549	-0.098821
5.55	-0.074275
5.551	-0.084157
5.552	-0.026138
5.553	-0.079375
5.554	-0.079375
5.555	-0.106791
5.556	-0.072362
5.557	0.007654
5.558	-0.166086
5.559	-0.150146
5.56	0.058979
5.561	-0.053872
5.562	-0.079694
5.563	-0.102009
5.564	0.03252
5.565	-0.017211
5.566	0.043677
5.567	0.0271
5.568	-0.034426
5.569	-0.008604
5.57	0.15876
5.571	0.02455
5.572	0.013073
5.573	0.139314
5.574	0.086076
5.575	0.020724
5.576	-0.002228
5.577	0.022956
5.578	0.040489
5.579	0.02455
5.58	-0.064073
5.581	0.044952
5.582	0.000322
5.583	-0.081288
5.584	-0.114123
5.585	-0.094358
5.586	-0.039208
5.587	-0.049728
5.588	-0.047496
5.589	-0.162898
5.59	-0.047815
5.591	0.012755
5.592	-0.163217
5.593	-0.103603
5.594	-0.009561
5.595	-0.011792
5.596	-0.004141
5.597	-0.094358
5.598	0.078744
5.599	-0.007648
5.6	0.062167
5.601	-0.002228
5.602	-0.031557
5.603	0.037939
5.604	0.030607
5.605	0.203709
5.606	0.009567
5.607	0.095959
5.608	0.08512
5.609	0.04814
5.61	0.036983
5.611	0.041127
5.612	0.037301
5.613	0.067268
5.614	-0.011473
5.615	0.026781
5.616	0.007335
5.617	-0.036658
5.618	-0.129106
5.619	-0.067261
5.62	-0.051003
5.621	-0.039208
5.622	-0.034107
5.623	-0.16226
5.624	-0.08352
5.625	-0.005097
5.626	-0.021356
5.627	-0.058016
5.628	-0.020081
5.629	-0.031557
5.63	-0.015936
5.631	-0.021675
5.632	0.066311
5.633	0.01913
5.634	0.064717
5.635	-0.017211
5.636	0.035389
5.637	0.104566
5.638	-0.061204
5.639	0.145052
5.64	0.08512
5.641	0.075237
5.642	0.068224
5.643	0.055791
5.644	0.088308
5.645	0.066949
5.646	0.032201
5.647	0.065036
5.648	0.00861
5.649	0.040171
5.65	-0.072681
5.651	-0.073
5.652	-0.131976
5.653	-0.050366
5.654	-0.068855
5.655	-0.108704
5.656	-0.058335
5.657	-0.072681
5.658	-0.081926
5.659	-0.118268
5.66	-0.146959
5.661	0.016899
5.662	-0.09659
5.663	-0.124962
5.664	-0.036976
5.665	-0.021993
5.666	0.018493
5.667	0.041127
5.668	0.034114
5.669	-0.036976
5.67	0.050053
5.671	0.085757
5.672	0.006698
5.673	0.036026
5.674	0.120505
5.675	0.047821
5.676	-0.010517
5.677	0.028057
5.678	0.027738
5.679	0.022956
5.68	0.01658
5.681	-0.043033
5.682	0.011798
5.683	0.015624
5.684	-0.098184
5.685	-0.105835
5.686	-0.116036
5.687	-0.035064
5.688	-0.08862
5.689	-0.040483
5.69	-0.063755
5.691	-0.080013
5.692	-0.015618
5.693	-0.189039
5.694	-0.164173
5.695	0.059935
5.696	-0.059929
5.697	-0.044946
5.698	-0.103285
5.699	0.032201
5.7	-0.004779
5.701	0.038577
5.702	0.010842
5.703	-0.051003
5.704	0.050053
5.705	0.210404
5.706	0.078425
5.707	0.008929
5.708	0.132938
5.709	0.055154
5.71	-0.014024
5.711	0.063123
5.712	0.030607
5.713	0.077469
5.714	0.117636
5.715	-0.01243
5.716	0.072687
5.717	0.021362
5.718	-0.059292
5.719	-0.101691
5.72	-0.034107
5.721	-0.029007
5.722	-0.041758
5.723	-0.043671
5.724	-0.158116
5.725	-0.052278
5.726	0.018493
5.727	-0.155566
5.728	-0.101691
5.729	0.014349
5.73	0.023594
5.731	0.007973
5.732	-0.071406
5.733	0.084482
5.734	-0.003504
5.735	0.075237
5.736	0.010523
5.737	-0.013067
5.738	0.056429
5.739	0.086714
5.74	0.146327
5.741	0.032201
5.742	0.094365
5.743	0.081613
5.744	0.063123
5.745	0.056748
5.746	0.052285
5.747	0.016899
5.748	0.040489
5.749	-0.029644
5.75	0.019449
5.751	-0.006054
5.752	-0.049409
5.753	-0.102009
5.754	-0.077463
5.755	-0.065667
5.756	-0.110298
5.757	-0.049409
5.758	-0.187445
5.759	-0.054829
5.76	-0.022312
5.761	-0.077144
5.762	-0.113167
5.763	0.004466
5.764	-0.056741
5.765	-0.049728
5.766	-0.064073
5.767	0.051009
5.768	0.016899
5.769	0.056429
5.77	-0.051003
5.771	0.020087
5.772	0.102653
5.773	-0.08065
5.774	0.165455
5.775	0.035707
5.776	0.065355
5.777	0.058979
5.778	0.038577
5.779	0.036026
5.78	0.028057
5.781	0.022318
5.782	0.02455
5.783	0.02455
5.784	-0.003504
5.785	-0.121455
5.786	-0.076506
5.787	-0.139945
5.788	-0.045584
5.789	-0.070449
5.79	-0.039845
5.791	-0.065667
5.792	-0.110935
5.793	-0.07555
5.794	-0.123049
5.795	-0.111254
5.796	0.007973
5.797	-0.084157
5.798	-0.06758
5.799	-0.050684
5.8	0.006698
5.801	0.011161
5.802	0.027738
5.803	0.041127
5.804	-0.050684
5.805	0.076194
5.806	0.137082
5.807	0.032201
5.808	0.040808
5.809	0.122737
5.81	0.042402
5.811	0.021362
5.812	0.055154
5.813	0.056748
5.814	0.052922
5.815	0.084163
5.816	0.038258
5.817	0.049734
5.818	0.012117
5.819	-0.056741
5.82	-0.075231
5.821	-0.051003
5.822	-0.009561
5.823	-0.073
5.824	-0.010836
5.825	-0.086389
5.826	-0.053553
5.827	-0.039208
5.828	-0.201472
5.829	-0.133251
5.83	0.065036
5.831	-0.04654
5.832	-0.051959
5.833	-0.071406
5.834	0.059298
5.835	0.016899
5.836	0.036664
5.837	0.033476
5.838	-0.006691
5.839	0.082251
5.84	0.132938
5.841	0.072368
5.842	0.007016
5.843	0.158122
5.844	0.074281
5.845	0.014986
5.846	0.04559
5.847	0.0271
5.848	0.066311
5.849	0.036664
5.85	-0.044627
5.851	0.026781
5.852	0.004785
5.853	-0.031238
5.854	-0.12018
5.855	-0.057379
5.856	-0.034107
5.857	-0.099778
5.858	-0.045265
5.859	-0.150784
5.86	-0.03857
5.861	-0.023268
5.862	-0.172781
5.863	-0.146959
5.864	0.01148
5.865	-0.026138
5.866	-0.012748
5.867	-0.091489
5.868	0.076194
5.869	-0.043671
5.87	0.067905
5.871	0.008929
5.872	-0.035382
5.873	0.029013
5.874	0.084482
5.875	0.118911
5.876	0.023912
5.877	0.076194
5.878	0.084801
5.879	0.02455
5.88	0.020406
5.881	0.046865
5.882	0.012436
5.883	0.061211
5.884	-0.041121
5.885	0.025187
5.886	-0.017211
5.887	-0.054829
5.888	-0.104241
5.889	-0.062798
5.89	-0.068855
5.891	-0.025181
5.892	-0.09404
5.893	-0.183301
5.894	-0.07555
5.895	-0.006373
5.896	-0.065667
5.897	-0.103922
5.898	-0.010198
5.899	0.009567
5.9	-0.026456
5.901	-0.056423
5.902	0.068862
5.903	0.003191
5.904	0.071731
5.905	-0.034107
5.906	0.009886
5.907	0.12975
5.908	-0.047178
5.909	0.142183
5.91	0.069818
5.911	0.035389
5.912	0.062167
5.913	0.049097
5.914	0.062805
5.915	0.036983
5.916	0.055472
5.917	0.094365
5.918	0.018812
5.919	0.060254
5.92	-0.076506
5.921	-0.072681
5.922	-0.129744
5.923	-0.048772
5.924	-0.034107
5.925	-0.051959
5.926	-0.048134
5.927	-0.155885
5.928	-0.075231
5.929	-0.052597
5.93	-0.069493
5.931	0.034432
5.932	-0.076187
5.933	-0.060248
5.934	-0.026775
5.935	0.006379
5.936	0.025825
5.937	0.051328
5.938	0.054516
5.939	-0.001591
5.94	0.064717
5.941	0.090858
5.942	0.028694
5.943	0.013711
5.944	0.138995
5.945	0.055472
5.946	0.007016
5.947	0.06408
5.948	0.041127
5.949	0.033157
5.95	0.05356
5.951	0.002872
5.952	0.036983
5.953	0.02455
5.954	-0.091171
5.955	-0.090852
5.956	-0.084157
5.957	-0.037295
5.958	-0.097228
5.959	-0.03602
5.96	-0.089577
5.961	-0.079375
5.962	-0.045265
5.963	-0.173418
5.964	-0.163536
5.965	0.080657
5.966	-0.069812
5.967	-0.091489
5.968	-0.087026
5.969	0.04559
5.97	-0.030282
5.971	0.008929
5.972	0.029969
5.973	-0.02805
5.974	0.000959
5.975	0.146965
5.976	0.03507
5.977	-0.031238
5.978	0.130707
5.979	0.061211
5.98	0.007016
5.981	0.006698
5.982	0.008929
5.983	0.09309
5.984	0.054835
5.985	-0.036976
5.986	0.061529
5.987	0.029013
5.988	-0.07013
5.989	-0.118586
5.99	-0.050366
5.991	-0.050047
5.992	-0.075869
5.993	-0.03602
5.994	-0.162898
5.995	-0.007329
5.996	-0.010517
5.997	-0.207847
5.998	-0.103603
5.999	-0.015618
6	-0.008923
6.001	-0.005097
6.002	-0.076825
6.003	0.105203
6.004	3.128e-06
6.005	0.064399
6.006	0.036983
6.007	-0.032195
6.008	0.065355
6.009	0.005104
6.01	0.192233
6.011	-0.000316
6.012	0.062486
6.013	0.09022
6.014	0.048778
6.015	0.036026
6.016	0.048459
6.017	0.055154
6.018	0.065355
6.019	-0.013705
6.02	0.033476
6.021	-0.011792
6.022	-0.059929
6.023	-0.086707
6.024	-0.019762
6.025	-0.066624
6.026	-0.031876
6.027	-0.064711
6.028	-0.205935
6.029	-0.080013
6.03	-0.034426
6.031	-0.059292
6.032	-0.087345
6.033	-0.03602
6.034	-0.001272
6.035	-0.006054
6.036	-0.06758
6.037	0.083207
6.038	0.029969
6.039	0.07715
6.04	0.006698
6.041	0.020087
6.042	0.087351
6.043	-0.068537
6.044	0.126881
6.045	0.099784
6.046	0.039214
6.047	0.046228
6.048	0.082251
6.049	0.056748
6.05	0.01913
6.051	0.037301
6.052	0.070137
6.053	-0.036976
6.054	0.061211
6.055	-0.066624
6.056	-0.07555
6.057	-0.104878
6.058	-0.078738
6.059	-0.073318
6.06	-0.043671
6.061	-0.072681
6.062	-0.153972
6.063	-0.097865
6.064	-0.031557
6.065	-0.072043
6.066	-0.063117
6.067	-0.071406
6.068	-0.079375
6.069	-0.07555
6.07	-0.015618
6.071	0.016261
6.072	0.009567
6.073	0.042083
6.074	-0.037933
6.075	0.040808
6.076	0.093408
6.077	-0.00446
6.078	0.007016
6.079	0.146327
6.08	0.063442
6.081	-0.021993
6.082	0.059935
6.083	0.029332
6.084	0.059298
6.085	0.065355
6.086	0.001597
6.087	0.015943
6.088	0.031882
6.089	-0.08352
6.09	-0.072043
6.091	-0.09659
6.092	-0.048772
6.093	-0.089258
6.094	-0.084157
6.095	-0.084795
6.096	-0.089258
6.097	-0.051003
6.098	-0.140264
6.099	-0.134845
6.1	0.073962
6.101	-0.061204
6.102	-0.030282
6.103	-0.065986
6.104	0.059298
6.105	-0.001272
6.106	0.035389
6.107	0.033476
6.108	-0.000634
6.109	0.012117
6.11	0.185857
6.111	0.06663
6.112	-0.017211
6.113	0.143777
6.114	0.10871
6.115	0.030607
6.116	0.052603
6.117	0.085757
6.118	0.082251
6.119	0.081932
6.12	0.022637
6.121	0.061848
6.122	0.065355
6.123	-0.068537
6.124	-0.055785
6.125	-0.021993
6.126	-0.077781
6.127	-0.055466
6.128	-0.04909
6.129	-0.147915
6.13	-0.01498
6.131	0.018174
6.132	-0.193821
6.133	-0.087026
6.134	0.033157
