2.091	-0.111892
2.092	0.07715
2.093	-0.016255
2.094	0.038895
2.095	0.033476
2.096	-0.034107
2.097	0.070137
2.098	0.023912
2.099	0.1798
2.1	3.128e-06
2.101	0.054835
2.102	0.126562
2.103	0.030926
2.104	0.026781
2.105	0.027419
2.106	0.082569
2.107	0.050372
2.108	-0.047815
2.109	0.030926
2.11	0.022956
2.111	-0.068855
2.112	-0.105197
2.113	-0.043671
2.114	-0.026138
2.115	-0.041439
2.116	-0.069812
2.117	-0.199559
2.118	-0.089258
2.119	-0.00446
2.12	-0.011473
2.121	-0.116036
2.122	-0.00701
2.123	-0.01753
2.124	-0.012111
2.125	-0.059292
2.126	0.091814
2.127	0.020406
2.128	0.089583
2.129	0.000322
2.13	0.003191
2.131	0.126562
2.132	-0.051641
2.133	0.160354
2.134	0.072368
2.135	0.076512
2.136	0.041127
2.137	0.065036
2.138	0.054197
2.139	0.017855
2.14	0.049415
2.141	0.067586
2.142	0.003191
2.143	-0.010517
2.144	-0.04399
2.145	-0.082244
2.146	-0.117949
2.147	-0.059292
2.148	-0.090214
2.149	-0.021675
2.15	-0.08065
2.151	-0.084795
2.152	-0.105516
2.153	-0.098503
2.154	-0.100734
2.155	0.016899
2.156	-0.083201
2.157	-0.077781
2.158	-0.01498
2.159	-0.035064
2.16	0.043358
2.161	0.025187
2.162	0.044315
2.163	-0.041121
2.164	0.00606
2.165	0.107435
2.166	0.015624
2.167	0.002553
2.168	0.100422
2.169	0.078425
2.17	-0.024862
2.171	0.089583
2.172	0.022956
2.173	0.019449
2.174	0.018493
2.175	0.050053
2.176	-0.008604
2.177	0.018812
2.178	-0.108704
2.179	-0.068855
2.18	-0.097865
2.181	-0.073
2.182	-0.06503
2.183	-0.050684
2.184	-0.116355
2.185	-0.061523
2.186	-0.007329
2.187	-0.265229
2.188	-0.103603
2.189	0.010842
2.19	-0.028688
2.191	-0.057698
2.192	-0.091489
2.193	0.036026
2.194	0.031563
2.195	0.026463
2.196	0.023275
2.197	-0.036976
2.198	0.007335
2.199	0.147921
2.2	0.05356
2.201	-0.029963
2.202	0.132938
2.203	0.092771
2.204	0.01403
2.205	0.026781
2.206	0.041127
2.207	0.078106
2.208	0.004147
2.209	0.036026
2.21	0.037939
2.211	0.046228
2.212	-0.114442
2.213	-0.084476
2.214	-0.062798
2.215	-0.040483
2.216	-0.019762
2.217	-0.064392
2.218	-0.151103
2.219	-0.029644
2.22	0.025187
2.221	-0.15174
2.222	-0.135801
2.223	-0.019762
2.224	0.053878
2.225	-0.029963
2.226	-0.121455
2.227	0.071412
2.228	0.001278
2.229	0.056429
2.23	0.018493
2.231	-0.031876
2.232	0.046228
2.233	0.070774
2.234	0.13517
2.235	0.019768
2.236	0.030926
2.237	0.087033
2.238	0.06663
2.239	0.014667
2.24	0.036664
2.241	0.063442
2.242	0.049734
2.243	-0.029644
2.244	0.010523
2.245	0.015624
2.246	-0.047178
2.247	-0.088301
2.248	-0.074593
2.249	-0.04909
2.25	-0.037295
2.251	-0.064392
2.252	-0.196052
2.253	-0.102009
2.254	0.004785
2.255	-0.036976
2.256	-0.094996
2.257	0.000322
2.258	-0.031876
2.259	-0.016574
2.26	-0.053872
2.261	0.061529
2.262	0.039852
2.263	0.052922
2.264	-0.006691
2.265	-0.000953
2.266	0.081932
2.267	-0.063117
2.268	0.157485
2.269	0.032201
2.27	0.033157
2.271	0.040808
2.272	0.057704
2.273	0.064717
2.274	0.007654
2.275	0.034432
2.276	0.058979
2.277	0.010523
2.278	0.016899
2.279	-0.051641
2.28	-0.061523
2.281	-0.111892
2.282	-0.076187
2.283	-0.071724
2.284	-0.045265
2.285	-0.051959
2.286	-0.150784
2.287	-0.08862
2.288	-0.134845
2.289	-0.089577
2.29	-0.001591
2.291	-0.088301
2.292	-0.069812
2.293	0.004466
2.294	-0.046221
2.295	0.075237
2.296	0.015624
2.297	0.031882
2.298	-0.01498
2.299	0.028694
2.3	0.099465
2.301	0.043996
2.302	0.013711
2.303	0.124012
2.304	0.064399
2.305	0.01148
2.306	0.068543
2.307	0.064399
2.308	0.049415
2.309	0.033157
2.31	0.072049
2.311	0.004466
2.312	0.033795
2.313	-0.081288
2.314	-0.058016
2.315	-0.105516
2.316	-0.051322
2.317	-0.068855
2.318	-0.025819
2.319	-0.096909
2.32	-0.057379
2.321	-0.026775
2.322	-0.221555
2.323	-0.115717
2.324	0.035707
2.325	-0.008604
2.326	-0.077781
2.327	-0.052597
2.328	0.029332
2.329	0.004785
2.33	0.033795
2.331	0.045909
2.332	-0.024544
2.333	0.012436
2.334	0.19032
2.335	0.049734
2.336	-0.017849
2.337	0.130069
2.338	0.119868
2.339	-0.006054
2.34	0.051966
2.341	0.046546
2.342	0.085757
2.343	0.010523
2.344	0.014349
2.345	0.010523
2.346	0.048459
2.347	-0.09659
2.348	-0.073637
2.349	-0.08352
2.35	-0.047815
2.351	-0.08065
2.352	-0.018805
2.353	-0.134526
2.354	-0.066624
2.355	0.033476
2.356	-0.182344
2.357	-0.093083
2.358	-0.016255
2.359	0.010204
2.36	-0.029325
2.361	-0.109979
2.362	0.038895
2.363	-0.030282
2.364	0.05866
2.365	0.031563
2.366	-0.044627
2.367	0.010204
2.368	0.10074
2.369	0.147284
2.37	-0.021675
2.371	0.120187
2.372	0.089902
2.373	0.065036
2.374	0.035707
2.375	0.011798
2.376	0.045271
2.377	0.04814
2.378	-0.046221
2.379	0.057704
2.38	0.030288
2.381	-0.089577
2.382	-0.105516
2.383	-0.071087
2.384	-0.082244
2.385	-0.041439
2.386	-0.107429
2.387	-0.182663
2.388	-0.106791
2.389	-0.019124
2.39	-0.029007
2.391	-0.172462
2.392	-0.003504
2.393	-0.008285
2.394	0.015624
2.395	-0.065349
2.396	0.086076
2.397	0.004466
2.398	0.06408
2.399	-0.00191
2.4	-0.008285
2.401	0.081294
2.402	-0.038889
2.403	0.140589
2.404	0.087989
2.405	0.038258
2.406	0.0746
2.407	0.077788
2.408	0.038577
2.409	0.0271
2.41	0.040171
2.411	0.075875
2.412	-0.022312
2.413	0.053241
2.414	-0.018805
2.415	-0.095634
2.416	-0.12018
2.417	-0.05706
2.418	-0.03347
2.419	-0.05961
2.42	-0.092764
2.421	-0.165448
2.422	-0.075869
2.423	-0.067261
2.424	-0.108385
2.425	0.011798
2.426	-0.074275
2.427	-0.072043
2.428	-0.01498
2.429	-0.059292
2.43	0.044952
2.431	0.049415
2.432	0.051328
2.433	0.002553
2.434	0.028694
2.435	0.116042
2.436	0.00351
2.437	0.054835
2.438	0.126881
2.439	0.064399
2.44	0.013711
2.441	0.059617
2.442	0.031244
2.443	0.05866
2.444	0.039852
2.445	0.050372
2.446	-0.020081
2.447	-0.010836
2.448	-0.098503
2.449	-0.041121
2.45	-0.124325
2.451	-0.07013
2.452	-0.072043
2.453	-0.033151
2.454	-0.087664
2.455	-0.076825
2.456	-0.018487
2.457	-0.204341
2.458	-0.103603
2.459	0.065355
2.46	-0.028688
2.461	-0.096271
2.462	-0.048134
2.463	0.000322
2.464	0.009886
2.465	0.034432
2.466	0.051009
2.467	-0.011792
2.468	0.030607
2.469	0.149196
2.47	0.089583
2.471	-0.024862
2.472	0.171512
2.473	0.105841
2.474	-0.000634
2.475	0.055791
2.476	0.024231
2.477	0.062167
2.478	0.027738
2.479	-0.020718
2.48	0.023912
2.481	0.020406
2.482	-0.047496
2.483	-0.087983
2.484	-0.081607
2.485	-0.04399
2.486	-0.080332
2.487	-0.03602
2.488	-0.144408
2.489	-0.063755
2.49	0.002872
2.491	-0.155885
2.492	-0.117949
2.493	-0.024225
2.494	0.021362
2.495	-0.008604
2.496	-0.10966
2.497	0.079063
2.498	-0.035382
2.499	0.028375
2.5	0.024231
2.501	-0.032195
2.502	0.004785
2.503	0.113811
2.504	0.098509
2.505	-0.008604
2.506	0.106479
2.507	0.101378
2.508	0.062805
2.509	0.001597
2.51	0.05611
2.511	0.06408
2.512	0.033157
2.513	0.004785
2.514	0.024869
2.515	0.022637
2.516	-0.0781
2.517	-0.090533
2.518	-0.012111
2.519	-0.039208
2.52	-0.040802
2.521	-0.05961
2.522	-0.203065
2.523	-0.072681
2.524	0.013392
2.525	-0.035701
2.526	-0.167042
2.527	-0.003504
2.528	-0.021037
2.529	0.006379
2.53	-0.082882
2.531	0.071731
2.532	0.037939
2.533	0.065992
2.534	0.012117
2.535	0.005104
2.536	0.075237
2.537	-0.034745
2.538	0.20084
2.539	0.027419
2.54	0.050372
2.541	0.067905
2.542	0.055472
2.543	0.036026
2.544	0.043677
2.545	0.015624
2.546	0.064399
2.547	-0.014661
2.548	0.021362
2.549	-0.026456
2.55	-0.065349
2.551	-0.14409
2.552	-0.065349
2.553	-0.047496
2.554	-0.034745
2.555	-0.075231
2.556	-0.110935
2.557	-0.081288
2.558	-0.063755
2.559	-0.079375
2.56	0.00861
2.561	-0.049409
2.562	-0.063436
2.563	-0.002228
2.564	-0.058973
2.565	0.058979
2.566	0.046228
2.567	0.077788
2.568	-0.005735
2.569	0.030926
2.57	0.108391
2.571	0.004785
2.572	0.097553
2.573	0.151747
2.574	0.059935
2.575	0.020087
2.576	0.078106
2.577	0.039533
2.578	0.01403
2.579	0.065036
2.58	0.058979
2.581	-0.009561
2.582	0.016899
2.583	-0.095634
2.584	-0.043671
2.585	-0.118268
2.586	-0.081288
2.587	-0.052916
2.588	-0.015618
2.589	-0.079057
2.59	-0.077463
2.591	-0.020081
2.592	-0.213267
2.593	-0.097546
2.594	0.042402
2.595	-0.035382
2.596	-0.063755
2.597	-0.044309
2.598	0.025506
2.599	-0.000953
2.6	0.030607
2.601	0.033476
2.602	-0.00446
2.603	0.017537
2.604	0.123374
2.605	0.063761
2.606	-0.031238
2.607	0.177887
2.608	0.090539
2.609	0.007973
2.61	0.062486
2.611	0.025825
2.612	0.041764
2.613	0.041127
2.614	0.0271
2.615	0.020406
2.616	0.009886
2.617	-0.051959
2.618	-0.093721
2.619	-0.058654
2.62	-0.033151
2.621	-0.090533
2.622	-0.045584
2.623	-0.162898
2.624	-0.036339
2.625	-0.012748
2.626	-0.236538
2.627	-0.152697
2.628	-0.042077
2.629	0.005423
2.63	-0.053872
2.631	-0.10456
2.632	0.083207
2.633	-0.031238
2.634	0.043677
2.635	0.058342
2.636	-0.030601
2.637	0.021362
2.638	0.138995
2.639	0.079382
2.64	-0.034107
2.641	0.088308
2.642	0.084801
2.643	0.044952
2.644	0.022
2.645	0.042721
2.646	0.077788
2.647	0.060573
2.648	-0.00191
2.649	0.029013
2.65	0.03252
2.651	-0.058016
2.652	-0.087983
2.653	-0.038889
2.654	-0.029325
2.655	-0.035701
2.656	-0.069812
2.657	-0.169593
2.658	-0.079375
2.659	-0.015936
2.66	-0.045584
2.661	-0.169274
2.662	-0.017849
2.663	-0.001591
2.664	-0.016574
2.665	-0.05961
2.666	0.084801
2.667	0.013711
2.668	0.054516
2.669	-0.006373
2.67	-0.035701
2.671	0.073643
2.672	-0.003185
2.673	0.214229
2.674	0.023275
2.675	0.046865
2.676	0.059617
2.677	0.042721
2.678	0.044952
2.679	0.013711
2.68	0.038258
2.681	0.081932
2.682	-0.011792
2.683	0.02455
2.684	-0.004779
2.685	-0.082244
2.686	-0.122412
2.687	-0.080013
2.688	-0.078738
2.689	-0.039527
2.69	-0.052278
2.691	-0.146002
2.692	-0.096271
2.693	-0.040483
2.694	-0.041758
2.695	-0.030919
2.696	-0.058335
2.697	-0.068537
2.698	-0.011473
2.699	-0.037614
2.7	0.058023
2.701	0.039214
2.702	0.048778
2.703	-0.009879
2.704	0.010204
2.705	0.125287
2.706	-0.03602
2.707	0.104566
2.708	0.119868
2.709	0.071412
2.71	0.010523
2.711	0.081613
2.712	0.026144
2.713	0.023594
2.714	0.071412
2.715	0.057385
2.716	0.003829
2.717	0.014667
2.718	-0.077781
2.719	-0.050684
2.72	-0.113167
2.721	-0.087664
2.722	-0.079375
2.723	-0.060248
2.724	-0.095634
2.725	-0.067261
2.726	-0.069174
2.727	-0.179794
2.728	-0.077781
2.729	-0.005416
2.73	-0.053553
2.731	-0.093721
2.732	-0.016893
2.733	0.005741
2.734	0.025825
2.735	0.038577
2.736	0.048778
2.737	-0.002228
2.738	0.036026
2.739	0.158122
2.74	0.062486
2.741	-0.037614
2.742	0.152384
2.743	0.102653
2.744	0.014986
2.745	0.056748
2.746	0.043996
2.747	0.059935
2.748	0.028057
2.749	0.022318
2.75	0.012755
2.751	0.028057
2.752	-0.073
2.753	-0.068218
2.754	-0.05706
2.755	-0.034745
2.756	-0.064392
2.757	-0.04399
2.758	-0.141858
2.759	-0.011792
2.76	0.006698
2.761	-0.258535
2.762	-0.094996
2.763	-0.003185
2.764	-0.013705
2.765	-0.023587
2.766	-0.104241
2.767	0.057704
2.768	-0.023906
2.769	0.024231
2.77	0.058023
2.771	-0.029963
2.772	0.006379
2.773	0.131344
2.774	0.095321
2.775	-0.026456
2.776	0.114448
2.777	0.105203
2.778	0.013711
2.779	0.03252
2.78	0.043677
2.781	0.086395
2.782	0.037301
2.783	-0.005735
2.784	0.059617
2.785	0.055472
2.786	-0.082563
2.787	-0.098184
2.788	-0.064711
2.789	-0.05961
2.79	-0.034426
2.791	-0.009879
2.792	-0.206572
2.793	-0.052278
2.794	-0.004779
2.795	-0.082244
2.796	-0.121774
2.797	-0.031238
2.798	0.006698
2.799	-0.008923
2.8	-0.095952
2.801	0.066311
2.802	-0.007329
2.803	0.04814
2.804	0.017855
2.805	-0.048453
2.806	0.085757
2.807	-0.036658
2.808	0.18777
2.809	0.057704
2.81	0.037301
2.811	0.057066
2.812	0.046865
2.813	0.048459
2.814	-0.00191
2.815	0.065036
2.816	0.017537
2.817	-0.021037
2.818	0.048778
2.819	-0.036976
2.82	-0.089577
2.821	-0.119224
2.822	-0.081607
2.823	-0.095952
2.824	-0.064392
2.825	-0.097865
2.826	-0.190633
2.827	-0.110935
2.828	-0.058973
2.829	-0.024544
2.83	-0.078419
2.831	-0.038889
2.832	-0.021356
2.833	-0.027094
2.834	-0.038889
2.835	0.0746
2.836	0.043358
2.837	0.063123
2.838	-0.029644
2.839	0.025506
2.84	0.100103
2.841	-0.013705
2.842	0.056429
2.843	0.098828
2.844	0.05356
2.845	0.031244
2.846	0.070455
2.847	0.036026
2.848	0.013711
2.849	0.068543
2.85	0.049734
2.851	0.008929
2.852	0.03762
2.853	-0.073956
2.854	-0.065667
2.855	-0.07013
2.856	-0.057379
2.857	-0.061523
2.858	0.002553
2.859	-0.133251
2.86	-0.0781
2.861	-0.080969
2.862	-0.125919
2.863	-0.085114
2.864	0.021043
2.865	-0.063117
2.866	-0.069493
2.867	-0.017849
2.868	0.009248
2.869	0.031563
2.87	0.040171
2.871	0.060892
2.872	-0.002228
2.873	0.036026
2.874	0.152384
2.875	0.065992
2.876	0.016261
2.877	0.144096
2.878	0.10074
2.879	0.001597
2.88	0.080019
2.881	0.055791
2.882	0.068862
2.883	0.007654
2.884	0.080976
2.885	0.037301
2.886	0.016261
2.887	-0.106154
2.888	-0.063117
2.889	-0.079057
2.89	-0.079057
2.891	-0.055147
2.892	-0.000634
2.893	-0.108704
2.894	-0.029644
2.895	-0.017211
2.896	-0.235263
2.897	-0.12815
2.898	0.018174
2.899	-0.015299
2.9	-0.07555
2.901	-0.097865
2.902	0.023275
2.903	-0.011792
2.904	0.018812
2.905	0.040171
2.906	-0.033789
2.907	-0.01243
2.908	0.115724
2.909	0.082569
2.91	-0.033151
2.911	0.133895
2.912	0.096277
2.913	0.027738
2.914	0.018812
2.915	0.021362
2.916	0.09564
2.917	-0.016255
2.918	0.025187
2.919	0.020724
2.92	0.038258
2.921	-0.093083
2.922	-0.122731
2.923	-0.072681
2.924	-0.059292
2.925	-0.053553
2.926	-0.056741
2.927	-0.176606
2.928	-0.046221
2.929	-0.001272
2.93	-0.15971
2.931	-0.097865
2.932	-0.029644
2.933	0.036026
2.934	-0.010517
2.935	-0.090852
2.936	0.072368
2.937	0.005104
2.938	0.008929
2.939	0.006698
2.94	-0.028688
2.941	0.059935
2.942	-0.048453
2.943	0.157804
2.944	0.007654
2.945	0.062486
2.946	0.078425
2.947	0.034751
2.948	0.033157
2.949	0.012436
2.95	0.052285
2.951	0.029013
2.952	0.004466
2.953	0.033795
2.954	0.00351
2.955	-0.059929
2.956	-0.104878
2.957	-0.058973
2.958	-0.081288
2.959	-0.018805
2.96	-0.133569
2.961	-0.170549
2.962	-0.082882
2.963	-0.006054
2.964	-0.026456
2.965	-0.062161
2.966	-0.010517
2.967	-0.037614
2.968	-0.009879
2.969	-0.043352
2.97	0.059935
2.971	0.046228
2.972	0.077469
2.973	0.00606
2.974	0.022956
2.975	0.082569
2.976	0.011161
2.977	0.10361
2.978	0.108073
2.979	0.050053
2.98	0.051966
2.981	0.093408
2.982	0.05356
2.983	0.009886
2.984	0.072687
2.985	0.095321
2.986	-0.007648
2.987	0.020724
2.988	-0.069174
2.989	-0.064392
2.99	-0.110298
2.991	-0.062161
2.992	-0.09404
2.993	0.006379
2.994	-0.131657
2.995	-0.132294
2.996	-0.064711
2.997	-0.082882
2.998	-0.11763
2.999	0.043677
3	-0.024225
3.001	-0.082563
3.002	-0.020399
3.003	-0.01498
3.004	0.029332
3.005	0.041446
3.006	0.069499
3.007	-0.016255
3.008	0.012117
3.009	0.127838
3.01	0.110304
3.011	0.013073
3.012	0.1272
3.013	0.084801
3.014	-0.029325
3.015	0.05866
3.016	0.023912
3.017	0.046865
3.018	0.015624
3.019	0.049097
3.02	0.020087
3.021	0.030926
3.022	-0.10966
3.023	-0.072043
3.024	-0.107748
3.025	-0.076506
3.026	-0.058016
3.027	-0.05706
3.028	-0.095952
3.029	-0.084795
3.03	-0.008285
3.031	-0.249927
3.032	-0.121774
3.033	0.036026
3.034	-0.014024
3.035	-0.076825
3.036	-0.117311
3.037	0.065036
3.038	-0.010517
3.039	0.015943
3.04	0.001916
3.041	-0.019443
3.042	0.004147
3.043	0.16928
3.044	0.068862
3.045	-0.048772
3.046	0.099465
3.047	0.114767
3.048	0.014349
3.049	0.040489
3.05	0.025506
3.051	0.11413
3.052	0.003191
3.053	0.011161
3.054	0.057066
3.055	0.038577
3.056	-0.100415
3.057	-0.058973
3.058	-0.052278
3.059	-0.058335
3.06	-0.080969
3.061	-0.064392
3.062	-0.148234
3.063	-0.034107
3.064	0.00861
3.065	-0.145365
3.066	-0.117949
3.067	-0.034107
3.068	0.026463
3.069	-0.005097
3.07	-0.095634
3.071	0.087989
3.072	-0.016255
3.073	0.060254
3.074	0.034114
3.075	-0.0255
3.076	0.0797
3.077	0.001597
3.078	0.193827
3.079	0.012755
3.08	0.054835
3.081	0.096596
3.082	0.076512
3.083	0.042083
3.084	0.037301
3.085	0.078425
3.086	0.061848
3.087	-0.021356
3.088	0.051328
3.089	0.006698
3.09	-0.066624
3.091	-0.122412
3.092	-0.03602
3.093	-0.080969
3.094	-0.075869
3.095	-0.056741
3.096	-0.208804
3.097	-0.086707
3.098	-0.041439
3.099	-0.062798
3.1	-0.122412
3.101	-0.003504
3.102	-0.01753
3.103	-0.022312
3.104	-0.051003
3.105	0.077788
3.106	0.029969
3.107	0.059298
3.108	-0.013386
3.109	0.005104
3.11	0.090539
3.111	-0.016893
3.112	0.10871
3.113	0.080976
3.114	0.04559
3.115	0.029969
3.116	0.050372
3.117	0.022956
3.118	0.027419
3.119	0.061529
3.12	0.060573
3.121	-0.005416
3.122	0.01913
3.123	-0.089895
3.124	-0.09659
3.125	-0.11763
3.126	-0.051003
3.127	-0.071724
3.128	-0.02295
3.129	-0.100415
3.13	-0.133251
3.131	-0.066943
3.132	-0.074593
3.133	-0.113486
3.134	0.022637
3.135	-0.059292
3.136	-0.090533
3.137	-0.025181
3.138	-0.032832
3.139	0.040171
3.14	0.018493
3.141	0.04814
3.142	-0.028688
3.143	0.01403
3.144	0.123374
3.145	0.033795
3.146	0.00351
3.147	0.130388
3.148	0.113811
3.149	-0.006373
3.15	0.059298
3.151	0.057066
3.152	0.040489
3.153	0.04559
3.154	0.022
3.155	0.001278
3.156	0.041764
3.157	-0.115717
3.158	-0.04654
3.159	-0.087345
3.16	-0.058654
3.161	-0.097865
3.162	-0.009242
3.163	-0.124325
3.164	-0.071087
3.165	0.031244
3.166	-0.25981
3.167	-0.087345
3.168	0.03762
3.169	-0.00191
3.17	-0.037614
3.171	-0.10711
3.172	0.052922
3.173	-0.002228
3.174	0.029969
3.175	0.057704
3.176	0.000959
3.177	0.006379
3.178	0.204984
3.179	0.075875
3.18	-0.051959
3.181	0.159398
3.182	0.124968
3.183	0.02455
3.184	0.043358
3.185	0.051009
3.186	0.051647
3.187	0.043677
3.188	0.013711
3.189	0.047821
3.19	0.03507
3.191	-0.046859
3.192	-0.082563
3.193	-0.051959
3.194	-0.043352
3.195	-0.073318
3.196	-0.044309
3.197	-0.155566
3.198	-0.050047
3.199	0.001597
3.2	-0.14122
3.201	-0.140902
3.202	0.002553
3.203	0.031563
3.204	-0.020399
3.205	-0.113486
3.206	0.092771
3.207	-0.062798
3.208	0.060573
3.209	0.015305
3.21	-0.050684
3.211	0.045909
3.212	0.015624
3.213	0.168005
3.214	-0.019124
3.215	0.022956
3.216	0.09022
3.217	0.015943
3.218	0.033157
3.219	0.020087
3.22	0.058979
3.221	0.021043
3.222	-0.044627
3.223	0.035707
3.224	-0.020399
3.225	-0.091489
3.226	-0.110935
3.227	-0.05961
3.228	-0.070449
3.229	-0.01753
3.23	-0.051959
3.231	-0.225062
3.232	-0.087664
3.233	-0.015936
3.234	-0.025181
3.235	-0.150784
3.236	0.00351
3.237	-0.018805
3.238	-0.074275
3.239	-0.049728
3.24	0.065674
3.241	0.021362
3.242	0.052603
3.243	-0.018487
3.244	0.004147
3.245	0.093727
3.246	-0.06758
3.247	0.106479
3.248	0.067586
3.249	0.044315
3.25	0.024869
3.251	0.076512
3.252	0.051328
3.253	-0.002228
3.254	0.072368
3.255	0.044315
3.256	-0.032513
3.257	0.058979
3.258	-0.039527
3.259	-0.048772
3.26	-0.107429
3.261	-0.043033
3.262	-0.084795
3.263	-0.007648
3.264	-0.100415
3.265	-0.09659
3.266	-0.058016
3.267	-0.142814
3.268	-0.1256
3.269	0.030926
3.27	-0.0781
3.271	-0.05706
3.272	-0.00446
3.273	-0.018805
3.274	0.086395
3.275	0.052922
3.276	0.084482
3.277	0.004466
3.278	0.02455
3.279	0.151747
3.28	0.043358
3.281	0.03252
3.282	0.144096
3.283	0.112536
3.284	-0.017849
3.285	0.100422
3.286	0.040808
3.287	0.017855
3.288	0.083526
3.289	0.057704
3.29	-0.004779
3.291	0.011798
3.292	-0.097546
3.293	-0.054191
3.294	-0.105516
3.295	-0.061523
3.296	-0.071087
3.297	-0.026775
3.298	-0.101691
3.299	-0.05706
3.3	-0.011473
3.301	-0.206572
3.302	-0.139308
3.303	0.058979
3.304	-0.03347
3.305	-0.07555
3.306	-0.061523
3.307	0.032838
3.308	-0.035701
3.309	0.031563
3.31	0.058979
3.311	-0.016574
3.312	0.024231
3.313	0.163861
3.314	0.069499
3.315	-0.031557
3.316	0.109985
3.317	0.105203
3.318	-0.005416
3.319	0.049097
3.32	0.015305
3.321	0.052285
3.322	0.010523
3.323	0.014349
3.324	0.042083
3.325	-0.001272
3.326	-0.091171
3.327	-0.114761
3.328	-0.075231
3.329	-0.052278
3.33	-0.083201
3.331	-0.064711
3.332	-0.200196
3.333	-0.06758
3.334	0.019449
3.335	-0.202109
3.336	-0.134526
3.337	0.006698
3.338	0.000322
3.339	-0.043352
3.34	-0.114761
3.341	0.089583
3.342	-0.035382
3.343	0.048459
3.344	0.023275
3.345	-0.032513
3.346	0.029651
3.347	-0.009561
3.348	0.149515
3.349	-0.014024
3.35	0.047821
3.351	0.099784
3.352	0.053241
3.353	0.014986
3.354	0.020724
3.355	0.082569
3.356	0.047184
3.357	-0.057698
3.358	0.046865
3.359	0.005423
3.36	-0.062161
3.361	-0.089258
3.362	-0.063755
3.363	-0.031557
3.364	-0.021675
3.365	-0.054829
3.366	-0.187445
3.367	-0.063117
3.368	0.022
3.369	-0.026456
3.37	-0.131338
3.371	0.007973
3.372	-0.030282
3.373	0.004785
3.374	-0.030282
3.375	0.10361
3.376	0.028057
3.377	0.073962
3.378	-0.016255
3.379	0.007654
3.38	0.097234
3.381	-0.046859
3.382	0.159716
3.383	0.073643
3.384	0.058023
3.385	0.056748
3.386	0.057385
3.387	0.060573
3.388	0.01148
3.389	0.087351
3.39	0.087351
3.391	-0.003185
3.392	0.013073
3.393	-0.024225
3.394	-0.05961
3.395	-0.116992
3.396	-0.065986
3.397	-0.056741
3.398	-0.027094
3.399	-0.105835
3.4	-0.169593
3.401	-0.072681
3.402	-0.001272
3.403	-0.066943
3.404	0.01148
3.405	-0.061523
3.406	-0.066305
3.407	-0.007967
3.408	-0.03347
3.409	0.022956
3.41	0.024231
3.411	0.063123
3.412	-0.023268
3.413	0.034432
3.414	0.113811
3.415	0.054197
3.416	0.043358
3.417	0.129431
3.418	0.102653
3.419	-0.022631
3.42	0.073325
3.421	0.041127
3.422	0.005104
3.423	0.072687
3.424	0.037301
3.425	-0.007967
3.426	0.0271
3.427	-0.124643
3.428	-0.085751
3.429	-0.113486
3.43	-0.046859
3.431	-0.088301
3.432	-0.055466
3.433	-0.095952
3.434	-0.080013
3.435	-0.093402
3.436	-0.233032
3.437	-0.133251
3.438	0.070137
3.439	-0.043671
3.44	-0.100734
3.441	-0.056741
3.442	0.01913
3.443	0.019449
3.444	0.040808
3.445	0.050372
3.446	-0.018487
3.447	0.029013
3.448	0.168324
3.449	0.073962
3.45	-0.024862
3.451	0.148878
3.452	0.129431
3.453	0.019768
3.454	0.036026
3.455	0.051328
3.456	0.068543
3.457	0.007654
3.458	-0.009879
3.459	0.043677
3.46	0.084163
3.461	-0.109023
3.462	-0.085114
3.463	-0.048453
3.464	-0.038889
3.465	-0.076506
3.466	-0.012111
3.467	-0.155885
3.468	-0.006691
3.469	0.051009
3.47	-0.197008
3.471	-0.112211
3.472	-0.002547
3.473	-0.008604
3.474	-0.003504
3.475	-0.103285
3.476	0.080019
3.477	-0.025819
3.478	0.053241
3.479	0.032201
3.48	-0.057379
3.481	0.065036
3.482	0.050053
3.483	0.176293
3.484	0.021681
3.485	0.069818
3.486	0.145052
3.487	0.057385
3.488	0.047184
3.489	0.051966
3.49	0.076831
3.491	0.060254
3.492	-0.021037
3.493	0.074919
3.494	0.029332
3.495	-0.080013
3.496	-0.097228
3.497	-0.043671
3.498	-0.037295
3.499	-0.053553
3.5	-0.021993
3.501	-0.203384
3.502	-0.065667
3.503	-0.001591
3.504	-0.048772
3.505	-0.146321
3.506	-0.056104
3.507	0.014667
3.508	-0.004779
3.509	-0.064711
3.51	0.067905
3.511	0.005741
3.512	0.050372
3.513	-0.010836
3.514	-0.00701
3.515	0.073962
3.516	-0.062798
3.517	0.176293
3.518	0.049734
3.519	0.031563
3.52	0.031882
3.521	0.037301
3.522	0.034432
3.523	-0.001591
3.524	0.061529
3.525	0.035389
3.526	-0.029644
3.527	0.004785
3.528	-0.043352
3.529	-0.080969
3.53	-0.110617
3.531	-0.063755
3.532	-0.086389
3.533	-0.055147
3.534	-0.110617
3.535	-0.188082
3.536	-0.10966
3.537	-0.040164
3.538	-0.094358
3.539	-0.013705
3.54	-0.021675
3.541	-0.062161
3.542	-0.033151
3.543	-0.039845
3.544	0.039214
3.545	0.055472
3.546	0.06408
3.547	-0.019124
3.548	0.023912
3.549	0.093727
3.55	0.039214
3.551	0.03762
3.552	0.133257
3.553	0.077788
3.554	-0.003185
3.555	0.052603
3.556	0.051009
3.557	0.007654
3.558	0.029332
3.559	0.059617
3.56	0.000641
3.561	0.004147
3.562	-0.07555
3.563	-0.055785
3.564	-0.127512
3.565	-0.03347
3.566	-0.090214
3.567	0.008929
3.568	-0.090852
3.569	-0.063755
3.57	-0.069812
3.571	-0.211673
3.572	-0.115398
3.573	0.043677
3.574	-0.021993
3.575	-0.058335
3.576	-0.049728
3.577	0.029013
3.578	0.041764
3.579	0.046865
3.58	0.04559
3.581	-0.00701
3.582	0.033795
3.583	0.185857
3.584	0.091814
3.585	-0.003504
3.586	0.156529
3.587	0.136764
3.588	0.004785
3.589	0.061529
3.59	0.070455
3.591	0.052285
3.592	0.021362
3.593	0.052603
3.594	0.021681
3.595	0.024231
3.596	-0.093083
3.597	-0.082563
3.598	-0.097546
3.599	-0.051322
3.6	-0.068855
3.601	-0.037295
3.602	-0.126237
3.603	-0.066943
3.604	0.049734
3.605	-0.242595
3.606	-0.115717
3.607	0.001278
3.608	0.003829
3.609	-0.029644
3.61	-0.111573
3.611	0.086714
3.612	-0.012748
3.613	0.031244
3.614	0.022318
3.615	-0.043671
3.616	0.01913
3.617	0.086395
3.618	0.11126
3.619	-0.003185
3.62	0.054516
3.621	0.084801
3.622	0.039214
3.623	0.040171
3.624	-0.008604
3.625	0.05611
3.626	0.060892
3.627	-0.057379
3.628	0.027419
3.629	0.031244
3.63	-0.077463
3.631	-0.113805
3.632	-0.072043
3.633	-0.07555
3.634	-0.065349
3.635	-0.044309
3.636	-0.208166
3.637	-0.068855
3.638	-0.030282
3.639	-0.105197
3.64	-0.128469
3.641	0.000641
3.642	-0.00446
3.643	-0.00701
3.644	-0.087026
3.645	0.095959
3.646	0.012755
3.647	0.047184
3.648	-0.020081
3.649	-0.030282
3.65	0.087351
3.651	-0.065986
3.652	0.180119
3.653	0.030926
3.654	0.037939
3.655	0.062486
3.656	0.043996
3.657	0.050372
3.658	-0.002547
3.659	0.038258
3.66	0.092133
3.661	-0.014342
3.662	0.036345
3.663	-0.029007
3.664	-0.081288
3.665	-0.116036
3.666	-0.049728
3.667	-0.076187
3.668	-0.025181
3.669	-0.081288
3.67	-0.135163
3.671	-0.113805
3.672	0.030926
3.673	-0.084476
3.674	0.007973
3.675	-0.009879
3.676	-0.079057
3.677	-0.005416
3.678	-0.055785
3.679	0.080657
3.68	0.049415
3.681	0.058023
3.682	-0.016574
3.683	0.049415
3.684	0.113173
3.685	0.010842
3.686	0.076831
3.687	0.09819
3.688	0.080976
3.689	0.062486
3.69	0.059617
3.691	0.054835
3.692	0.032838
3.693	0.043358
3.694	0.078744
3.695	0.000641
3.696	0.036664
3.697	-0.084157
3.698	-0.040483
3.699	-0.12018
3.7	-0.052278
3.701	-0.093402
3.702	-0.01243
3.703	-0.072362
3.704	-0.072043
3.705	-0.066624
3.706	-0.197646
3.707	-0.114442
3.708	0.070455
3.709	-0.038252
3.71	-0.090533
3.711	-0.013386
3.712	0.046228
3.713	0.017855
3.714	0.023912
3.715	0.055791
3.716	0.001597
3.717	0.045271
3.718	0.113492
3.719	0.071731
3.72	-0.01243
3.721	0.119868
3.722	0.102334
3.723	-0.016574
3.724	0.072687
3.725	0.036026
3.726	0.036983
3.727	0.037301
3.728	-0.006373
3.729	-0.004141
3.73	0.027419
3.731	-0.110617
3.732	-0.044309
3.733	-0.085751
3.734	-0.032195
3.735	-0.084476
3.736	-0.043033
3.737	-0.117949
3.738	-0.080013
3.739	0.034114
3.74	-0.237813
3.741	-0.117949
3.742	0.009567
3.743	-0.014024
3.744	-0.028369
3.745	-0.089895
3.746	0.071093
3.747	-0.037614
3.748	0.034432
3.749	0.042083
3.75	-0.036976
3.751	-0.016893
3.752	0.143139
3.753	0.083207
3.754	-0.031557
3.755	0.108073
3.756	0.093408
3.757	0.020406
3.758	0.008292
3.759	0.032838
3.76	0.080019
3.761	0.054835
3.762	0.008929
3.763	0.049415
3.764	0.040489
3.765	-0.070768
3.766	-0.120499
3.767	-0.031238
3.768	-0.020081
3.769	-0.033789
3.77	-0.072043
3.771	-0.203703
3.772	-0.082244
3.773	-0.046221
3.774	-0.053235
3.775	-0.140583
3.776	0.008929
3.777	-0.001272
3.778	0.012436
3.779	-0.081288
3.78	0.083207
3.781	3.128e-06
3.782	0.047503
3.783	-0.003504
3.784	-0.0255
3.785	0.075237
3.786	-0.048134
3.787	0.196058
3.788	0.001916
3.789	0.06663
3.79	0.110942
3.791	0.029651
3.792	0.060573
3.793	0.045271
3.794	0.038895
3.795	0.081932
3.796	-0.002228
3.797	0.040808
3.798	-0.029644
3.799	-0.056423
3.8	-0.128788
3.801	-0.05706
3.802	-0.064073
3.803	-0.050366
3.804	-0.051641
3.805	-0.196052
3.806	-0.086707
3.807	-0.064392
3.808	-0.065986
3.809	-0.045584
3.81	-0.043671
3.811	-0.040802
3.812	-0.048453
3.813	-0.07555
3.814	0.067905
3.815	0.017537
3.816	0.060573
3.817	-0.024225
3.818	-0.000316
3.819	0.083207
3.82	-0.037295
3.821	0.085757
3.822	0.074281
3.823	0.039214
3.824	0.040171
3.825	0.072049
3.826	0.049415
3.827	-0.021993
3.828	0.041446
3.829	0.069818
3.83	-0.017849
3.831	0.031244
3.832	-0.126237
3.833	-0.039527
3.834	-0.14122
3.835	-0.073
3.836	-0.075231
3.837	-0.05706
3.838	-0.100415
3.839	-0.089258
3.84	-0.087983
3.841	-0.248015
3.842	-0.138989
3.843	0.068862
3.844	-0.077463
3.845	-0.089577
3.846	-0.004779
3.847	-0.016893
3.848	0.030926
3.849	0.021362
3.85	0.065355
3.851	-0.002228
3.852	0.03507
3.853	0.101059
3.854	0.066311
3.855	0.012436
3.856	0.13517
3.857	0.093408
3.858	-0.028688
3.859	0.065674
3.86	0.044634
3.861	0.048459
3.862	0.046546
3.863	0.041764
3.864	0.013392
3.865	0.034432
3.866	-0.100734
3.867	-0.080969
3.868	-0.0781
3.869	-0.029007
3.87	-0.073318
3.871	-0.033789
3.872	-0.127194
3.873	-0.026775
3.874	0.035707
3.875	-0.240364
3.876	-0.095952
3.877	0.019768
3.878	-0.003822
3.879	-0.017849
3.88	-0.073318
3.881	0.073325
3.882	-0.024225
3.883	0.034114
3.884	0.046228
3.885	-0.027732
3.886	0.034114
3.887	0.181713
3.888	0.090858
3.889	0.002872
3.89	0.138676
3.891	0.116361
3.892	0.01403
3.893	0.040808
3.894	0.048778
3.895	0.078425
3.896	0.070455
3.897	-0.020399
3.898	0.058979
3.899	0.011798
3.9	-0.05706
3.901	-0.113486
3.902	-0.050684
3.903	-0.052597
3.904	-0.072043
3.905	-0.050684
3.906	-0.182025
3.907	-0.071406
3.908	-0.021675
3.909	-0.06758
3.91	-0.151422
3.911	-0.024225
3.912	-0.023587
3.913	-0.01753
3.914	-0.119224
3.915	0.122099
3.916	-0.023268
3.917	0.050372
3.918	-0.016255
3.919	-0.05706
3.92	0.062167
3.921	-0.013386
3.922	0.18777
3.923	0.00606
3.924	0.022956
3.925	0.09564
3.926	0.049415
3.927	0.027738
3.928	-0.007329
3.929	0.040489
3.93	0.073962
3.931	-0.046221
3.932	0.022956
3.933	-0.026456
3.934	-0.07013
3.935	-0.090214
3.936	-0.068218
3.937	-0.107748
3.938	-0.065986
3.939	-0.099459
3.94	-0.150465
3.941	-0.098184
3.942	-0.029325
3.943	-0.073637
3.944	-0.073
3.945	-0.051322
3.946	-0.060886
3.947	-0.037295
3.948	-0.067261
3.949	0.071731
3.95	0.020406
3.951	0.06408
3.952	-0.01753
3.953	0.012117
3.954	0.084163
3.955	-0.064073
3.956	0.132619
3.957	0.085439
3.958	0.040808
3.959	0.02455
3.96	0.050691
3.961	0.069818
3.962	0.000322
3.963	0.066949
3.964	0.073962
3.965	-0.033789
3.966	0.038258
3.967	-0.110617
3.968	-0.06248
3.969	-0.101691
3.97	-0.05706
3.971	-0.048772
3.972	-0.053553
3.973	-0.082882
3.974	-0.101053
3.975	-0.10456
3.976	-0.107748
3.977	-0.183938
3.978	0.097234
3.979	-0.053553
3.98	-0.085751
3.981	0.00861
3.982	0.003191
3.983	0.049415
3.984	0.030288
3.985	0.062805
3.986	0.005423
3.987	0.05356
3.988	0.133576
3.989	0.057704
3.99	0.02455
3.991	0.136445
3.992	0.095321
3.993	-0.003822
3.994	0.070137
3.995	0.048459
3.996	0.03507
3.997	0.061529
3.998	0.015943
3.999	0.03252
4	0.011161
4.001	-0.091489
4.002	-0.063436
4.003	-0.102966
4.004	-0.043352
4.005	-0.063755
4.006	-0.04654
4.007	-0.098184
4.008	-0.063755
4.009	0.033157
4.01	-0.238132
4.011	-0.069493
4.012	0.016899
4.013	-0.013386
4.014	-0.041439
4.015	-0.104241
4.016	0.075556
4.017	-0.03347
4.018	0.019449
4.019	0.043677
4.02	-0.029325
4.021	0.022956
4.022	0.153022
4.023	0.088308
4.024	0.000959
4.025	0.087351
4.026	0.137401
4.027	0.032201
4.028	0.017855
4.029	0.030926
4.03	0.054835
4.031	0.043996
4.032	-0.017849
4.033	0.037939
4.034	0.022318
4.035	-0.06503
4.036	-0.059292
4.037	-0.078419
4.038	-0.058335
4.039	-0.062798
4.04	-0.079375
4.041	-0.16513
4.042	-0.065986
4.043	0.00606
4.044	-0.109979
4.045	-0.182982
4.046	-0.009561
4.047	-0.019443
4.048	0.000959
4.049	-0.105516
4.05	0.080976
4.051	-0.03347
4.052	0.0271
4.053	-0.007648
4.054	-0.032195
4.055	0.064399
4.056	-0.027094
4.057	0.19829
4.058	0.03252
4.059	0.019768
4.06	0.06663
4.061	0.042402
4.062	0.036664
4.063	0.004466
4.064	0.040489
4.065	0.083526
4.066	-0.073
4.067	0.044315
4.068	0.011798
4.069	-0.070768
4.07	-0.065986
4.071	-0.028688
4.072	-0.05706
4.073	-0.036658
4.074	-0.081607
4.075	-0.189039
4.076	-0.116992
4.077	-0.016255
4.078	-0.101691
4.079	-0.090214
4.08	-0.00191
4.081	-0.040483
4.082	-0.024862
4.083	-0.052916
4.084	0.079063
4.085	0.034432
4.086	0.044315
4.087	0.001916
4.088	-0.001272
4.089	0.116042
4.09	-0.010517
4.091	0.086714
4.092	0.102334
4.093	0.065674
4.094	0.032838
4.095	0.062805
4.096	0.077788
4.097	0.009886
4.098	0.070455
4.099	0.073962
4.1	-0.019443
4.101	0.068862
4.102	-0.076506
4.103	-0.083201
4.104	-0.090852
4.105	-0.077781
4.106	-0.029644
4.107	-0.047178
4.108	-0.080013
4.109	-0.116355
4.11	-0.063436
4.111	-0.081288
4.112	-0.105197
4.113	0.026781
4.114	-0.063117
4.115	-0.069174
4.116	-0.024225
4.117	-0.019762
4.118	0.043358
4.119	0.036983
4.12	0.043677
4.121	-0.018805
4.122	0.021362
4.123	0.133576
4.124	0.052285
4.125	0.010523
4.126	0.130069
4.127	0.11923
4.128	-0.000634
4.129	0.032201
4.13	0.059298
4.131	0.039852
4.132	0.007973
4.133	0.037939
4.134	0.004785
4.135	0.036983
4.136	-0.105197
4.137	-0.068855
4.138	-0.093721
4.139	-0.078738
4.14	-0.093402
4.141	-0.011154
4.142	-0.110935
4.143	-0.072362
4.144	0.023275
4.145	-0.230163
4.146	-0.140583
4.147	0.035389
4.148	-0.032513
4.149	-0.053872
4.15	-0.07555
4.151	0.046228
4.152	-0.0255
4.153	0.020087
4.154	0.071731
4.155	-0.009561
4.156	0.007973
4.157	0.149834
4.158	0.068862
4.159	0.01658
4.16	0.075875
4.161	0.097871
4.162	0.03507
4.163	0.006379
4.164	0.065355
4.165	0.080976
4.166	0.035389
4.167	0.01148
4.168	0.051009
4.169	0.049734
4.17	-0.113805
4.171	-0.046859
4.172	-0.05706
4.173	-0.046221
4.174	-0.069812
4.175	-0.04654
4.176	-0.162898
4.177	-0.047815
4.178	0.028375
4.179	-0.167042
4.18	-0.100097
4.181	0.008929
