6.273	-0.134526
6.274	-0.018805
6.275	0.005423
6.276	-0.012748
6.277	-0.100097
6.278	0.06408
6.279	-0.003822
6.28	0.083207
6.281	0.000959
6.282	-0.006054
6.283	0.052603
6.284	-0.011473
6.285	0.170236
6.286	0.01148
6.287	0.044952
6.288	0.098509
6.289	0.040808
6.29	0.03762
6.291	0.035707
6.292	0.020724
6.293	0.04814
6.294	-0.047496
6.295	0.029969
6.296	-0.037614
6.297	-0.079375
6.298	-0.106791
6.299	-0.052278
6.3	-0.067261
6.301	-0.053872
6.302	-0.076187
6.303	-0.170549
6.304	-0.099778
6.305	0.025825
6.306	-0.086389
6.307	-0.080969
6.308	0.00351
6.309	-0.058016
6.31	-0.041439
6.311	-0.063117
6.312	0.052603
6.313	0.036983
6.314	0.088626
6.315	-0.029325
6.316	0.04304
6.317	0.105522
6.318	-0.079694
6.319	0.132938
6.32	0.071412
6.321	0.061529
6.322	0.046228
6.323	0.048778
6.324	0.063123
6.325	0.04559
6.326	0.034114
6.327	0.10361
6.328	0.023594
6.329	0.032201
6.33	-0.094358
6.331	-0.044627
6.332	-0.14122
6.333	-0.056104
6.334	-0.065986
6.335	-0.030601
6.336	-0.079057
6.337	-0.110617
6.338	-0.089895
6.339	-0.052597
6.34	-0.091489
6.341	0.039533
6.342	-0.039845
6.343	-0.082244
6.344	-0.033789
6.345	-0.002228
6.346	0.01658
6.347	0.029332
6.348	0.044952
6.349	-0.028369
6.35	0.056429
6.351	0.125606
6.352	0.044315
6.353	0.043677
6.354	0.143777
6.355	0.073006
6.356	-0.014342
6.357	0.049415
6.358	0.049734
6.359	0.045271
6.36	0.046546
6.361	0.017855
6.362	0.031882
6.363	0.024869
6.364	-0.087026
6.365	-0.076187
6.366	-0.081926
6.367	-0.051959
6.368	-0.041121
6.369	-0.060886
6.37	-0.122093
6.371	-0.051959
6.372	-0.007648
6.373	-0.219005
6.374	-0.179794
6.375	0.02455
6.376	-0.022312
6.377	-0.051322
6.378	-0.097546
6.379	0.036345
6.38	-0.033789
6.381	0.0271
6.382	0.033157
6.383	-0.037295
6.384	0.032201
6.385	0.157804
6.386	0.05611
6.387	-0.030919
6.388	0.137082
6.389	0.068543
6.39	0.023594
6.391	0.044634
6.392	0.025506
6.393	0.061211
6.394	0.063123
6.395	-0.028688
6.396	0.052603
6.397	0.051009
6.398	-0.04654
6.399	-0.082882
6.4	-0.052916
6.401	-0.053553
6.402	-0.068537
6.403	-0.050684
6.404	-0.177244
6.405	-0.035701
6.406	0.001597
6.407	-0.189995
6.408	-0.099459
6.409	-0.009879
6.41	0.017537
6.411	-0.021993
6.412	-0.12018
6.413	0.07715
6.414	-0.010198
6.415	0.061529
6.416	0.009567
6.417	-0.016574
6.418	0.040171
6.419	0.016261
6.42	0.158441
6.421	0.013073
6.422	0.048778
6.423	0.08512
6.424	0.039852
6.425	0.029969
6.426	0.041764
6.427	0.055472
6.428	0.099147
6.429	-0.032832
6.43	0.003191
6.431	-0.029325
6.432	-0.070449
6.433	-0.10966
6.434	-0.093402
6.435	-0.056741
6.436	-0.051959
6.437	-0.097865
6.438	-0.197008
6.439	-0.087026
6.44	0.009567
6.441	-0.032195
6.442	-0.132294
6.443	0.027738
6.444	-0.020399
6.445	-0.026775
6.446	-0.03602
6.447	0.063123
6.448	0.039852
6.449	0.075556
6.45	-0.026456
6.451	0.011161
6.452	0.116042
6.453	-0.066943
6.454	0.152065
6.455	0.079382
6.456	0.028694
6.457	0.061529
6.458	0.066949
6.459	0.04304
6.46	0.030926
6.461	0.037939
6.462	0.078744
6.463	-0.00701
6.464	0.030288
6.465	-0.060248
6.466	-0.070768
6.467	-0.116355
6.468	-0.100415
6.469	-0.064392
6.47	-0.036658
6.471	-0.106791
6.472	-0.14122
6.473	-0.089258
6.474	-0.077144
6.475	-0.084157
6.476	0.056748
6.477	-0.061204
6.478	-0.082244
6.479	-0.03857
6.48	-0.005735
6.481	0.027419
6.482	0.033795
6.483	0.047184
6.484	-0.019443
6.485	0.030926
6.486	0.126244
6.487	0.051966
6.488	0.022
6.489	0.095959
6.49	0.086395
6.491	0.009567
6.492	0.06408
6.493	0.040489
6.494	0.027738
6.495	0.030288
6.496	-0.006054
6.497	0.022956
6.498	0.048778
6.499	-0.114123
6.5	-0.063117
6.501	-0.094677
6.502	-0.066943
6.503	-0.072043
6.504	-0.072043
6.505	-0.108066
6.506	-0.024544
6.507	-0.026775
6.508	-0.230163
6.509	-0.133888
6.51	0.031563
6.511	-0.054191
6.512	-0.04909
6.513	-0.087345
6.514	0.04304
6.515	-0.028369
6.516	0.029013
6.517	0.04559
6.518	-0.018487
6.519	0.006379
6.52	0.175975
6.521	0.052285
6.522	-0.039208
6.523	0.146646
6.524	0.069818
6.525	0.012755
6.526	0.040808
6.527	0.051966
6.528	0.094365
6.529	0.046228
6.53	-0.016574
6.531	0.052603
6.532	0.023594
6.533	-0.076825
6.534	-0.086389
6.535	-0.065349
6.536	-0.039527
6.537	-0.044309
6.538	-0.015936
6.539	-0.152697
6.54	-0.051003
6.541	0.01403
6.542	-0.141539
6.543	-0.134845
6.544	-0.00191
6.545	0.002553
6.546	-0.017849
6.547	-0.068855
6.548	0.078106
6.549	-0.024544
6.55	0.040489
6.551	0.023594
6.552	-0.035701
6.553	0.054835
6.554	0.021681
6.555	0.141864
6.556	-0.014661
6.557	0.083207
6.558	0.106797
6.559	0.045271
6.56	0.014349
6.561	0.057704
6.562	0.066311
6.563	0.052603
6.564	-0.014661
6.565	0.039852
6.566	0.00861
6.567	-0.074275
6.568	-0.087664
6.569	-0.068537
6.57	-0.056423
6.571	-0.016255
6.572	-0.08065
6.573	-0.216136
6.574	-0.091489
6.575	0.041764
6.576	-0.059929
6.577	-0.107429
6.578	-0.009879
6.579	0.004147
6.58	-0.010198
6.581	-0.060567
6.582	0.068862
6.583	0.025187
6.584	0.064399
6.585	-0.017211
6.586	0.01403
6.587	0.120187
6.588	-0.066305
6.589	0.113492
6.59	0.065036
6.591	0.029332
6.592	0.074919
6.593	0.059298
6.594	0.068224
6.595	0.018174
6.596	0.013073
6.597	0.051009
6.598	-0.029325
6.599	0.09022
6.6	-0.064392
6.601	-0.08862
6.602	-0.094677
6.603	-0.081288
6.604	-0.085114
6.605	-0.001591
6.606	-0.099459
6.607	-0.114123
6.608	-0.08352
6.609	-0.064711
6.61	-0.102966
6.611	0.035389
6.612	-0.070449
6.613	-0.038252
6.614	-0.015936
6.615	-0.052278
6.616	0.039852
6.617	0.021043
6.618	0.080019
6.619	-0.036976
6.62	0.036983
6.621	0.10871
6.622	0.044952
6.623	0.035389
6.624	0.155253
6.625	0.078425
6.626	0.013711
6.627	0.068224
6.628	0.048778
6.629	0.049734
6.63	0.044952
6.631	0.039214
6.632	0.006698
6.633	0.018493
6.634	-0.133251
6.635	-0.055147
6.636	-0.089258
6.637	-0.084476
6.638	-0.043033
6.639	-0.058973
6.64	-0.102966
6.641	-0.077144
6.642	-0.025181
6.643	-0.170868
6.644	-0.138989
6.645	0.082569
6.646	-0.0255
6.647	-0.073
6.648	-0.073956
6.649	0.010204
6.65	-0.021675
6.651	0.018493
6.652	0.01658
6.653	-0.013705
6.654	-0.008285
6.655	0.165455
6.656	0.04814
6.657	-0.020718
6.658	0.142183
6.659	0.105522
6.66	0.000641
6.661	0.034751
6.662	0.063761
6.663	0.072368
6.664	0.024869
6.665	0.001916
6.666	0.043677
6.667	0.044634
6.668	-0.09659
6.669	-0.087983
6.67	-0.071087
6.671	-0.066305
6.672	-0.063755
6.673	-0.04399
6.674	-0.145046
6.675	-0.06248
6.676	0.044634
6.677	-0.220599
6.678	-0.102328
6.679	-0.003185
6.68	-0.011473
6.681	-0.03602
6.682	-0.096271
6.683	0.109985
6.684	0.004147
6.685	0.018174
6.686	0.050372
6.687	-0.038889
6.688	0.047821
6.689	0.04814
6.69	0.101378
6.691	-0.010517
6.692	0.06663
6.693	0.120187
6.694	0.068224
6.695	0.01148
6.696	0.025506
6.697	0.073006
6.698	0.053241
6.699	-0.028688
6.7	0.052922
6.701	0.00351
6.702	-0.079694
6.703	-0.091489
6.704	-0.062161
6.705	-0.06758
6.706	-0.053553
6.707	-0.07555
6.708	-0.215179
6.709	-0.087664
6.71	-0.022312
6.711	-0.076187
6.712	-0.103285
6.713	-0.037295
6.714	0.002235
6.715	-0.01753
6.716	-0.05961
6.717	0.092452
6.718	0.021362
6.719	0.062167
6.72	0.003829
6.721	0.011161
6.722	0.064399
6.723	-0.008923
6.724	0.138676
6.725	0.093408
6.726	0.036664
6.727	0.056748
6.728	0.065674
6.729	0.05356
6.73	0.010204
6.731	0.023275
6.732	0.080657
6.733	-0.006373
6.734	3.128e-06
6.735	-0.077144
6.736	-0.043033
6.737	-0.086707
6.738	-0.058654
6.739	-0.055147
6.74	-0.043671
6.741	-0.081607
6.742	-0.122093
6.743	-0.089258
6.744	-0.03602
6.745	-0.084795
6.746	-0.033151
6.747	-0.046859
6.748	-0.065986
6.749	-0.023268
6.75	-0.074275
6.751	0.047184
6.752	0.024869
6.753	0.075875
6.754	-0.010517
6.755	0.036026
6.756	0.101697
6.757	0.051966
6.758	0.038258
6.759	0.150153
6.76	0.078106
6.761	0.005741
6.762	0.068224
6.763	0.056748
6.764	0.044315
6.765	0.060892
6.766	0.038577
6.767	-0.007329
6.768	0.050053
6.769	-0.128788
6.77	-0.058335
6.771	-0.108066
6.772	-0.079694
6.773	-0.058654
6.774	-0.026775
6.775	-0.136439
6.776	-0.101691
6.777	-0.056741
6.778	-0.097865
6.779	-0.122412
6.78	0.076512
6.781	-0.040802
6.782	-0.104878
6.783	-0.05706
6.784	0.028057
6.785	0.004466
6.786	0.030926
6.787	0.040171
6.788	-0.006373
6.789	0.043358
6.79	0.157804
6.791	0.052285
6.792	-0.026775
6.793	0.158441
6.794	0.106797
6.795	-0.003504
6.796	0.067586
6.797	0.030288
6.798	0.075875
6.799	0.036983
6.8	-0.041758
6.801	0.056748
6.802	0.043996
6.803	-0.06503
6.804	-0.094996
6.805	-0.073956
6.806	-0.051959
6.807	-0.081288
6.808	-0.032195
6.809	-0.131976
6.81	-0.067261
6.811	3.128e-06
6.812	-0.204022
6.813	-0.112529
6.814	0.007654
6.815	0.016261
6.816	-0.015618
6.817	-0.110298
6.818	0.095959
6.819	-0.030601
6.82	0.022
6.821	0.022
6.822	-0.029325
6.823	0.00861
6.824	0.102016
6.825	0.114767
6.826	-0.016574
6.827	0.060892
6.828	0.096915
6.829	0.056748
6.83	0.01403
6.831	0.023275
6.832	0.074281
6.833	0.048459
6.834	-0.052597
6.835	0.050372
6.836	0.001278
6.837	-0.095952
6.838	-0.064073
6.839	-0.046221
6.84	-0.069174
6.841	-0.063755
6.842	-0.063755
6.843	-0.180113
6.844	-0.069174
6.845	-0.021993
6.846	-0.109341
6.847	-0.1307
6.848	0.001597
6.849	0.006698
6.85	-0.025181
6.851	-0.039208
6.852	0.065036
6.853	0.02455
6.854	0.068224
6.855	-0.004141
6.856	0.009886
6.857	0.088308
6.858	-0.029963
6.859	0.225706
6.86	0.049734
6.861	0.024231
6.862	0.083526
6.863	0.054197
6.864	0.044634
6.865	0.029332
6.866	0.028694
6.867	0.069499
6.868	-0.024225
6.869	0.018174
6.87	-0.034745
6.871	-0.082882
6.872	-0.111254
6.873	-0.051959
6.874	-0.052916
6.875	-0.012748
6.876	-0.090852
6.877	-0.151103
6.878	-0.088939
6.879	-0.015618
6.88	-0.085114
6.881	-0.044627
6.882	-0.01243
6.883	-0.063755
6.884	-0.037933
6.885	-0.020718
6.886	0.070137
6.887	0.05866
6.888	0.062167
6.889	0.000959
6.89	0.035707
6.891	0.103291
6.892	0.014667
6.893	0.077469
6.894	0.12975
6.895	0.062805
6.896	-0.000634
6.897	0.066949
6.898	0.033157
6.899	0.052603
6.9	0.03507
6.901	0.047503
6.902	0.004466
6.903	0.034114
6.904	-0.113167
6.905	-0.051959
6.906	-0.12815
6.907	-0.065986
6.908	-0.060248
6.909	-0.037614
6.91	-0.066305
6.911	-0.081607
6.912	-0.085114
6.913	-0.151422
6.914	-0.096909
6.915	0.039852
6.916	-0.060248
6.917	-0.083201
6.918	-0.022312
6.919	0.00861
6.92	-0.000634
6.921	0.007335
6.922	0.036026
6.923	-0.039845
6.924	0.041764
6.925	0.164498
6.926	0.035389
6.927	-0.043033
6.928	0.139951
6.929	0.103928
6.93	-0.012748
6.931	0.051966
6.932	0.020724
6.933	0.0746
6.934	0.01148
6.935	0.029013
6.936	0.027738
6.937	0.01913
6.938	-0.092446
6.939	-0.079694
6.94	-0.062161
6.941	-0.044627
6.942	-0.088301
6.943	0.002553
6.944	-0.113167
6.945	-0.044627
6.946	-0.025819
6.947	-0.282125
6.948	-0.132294
6.949	0.030607
6.95	-0.033789
6.951	-0.04399
6.952	-0.09659
6.953	0.070455
6.954	-0.034745
6.955	0.038258
6.956	0.045909
6.957	-0.026456
6.958	0.01403
6.959	0.137401
6.96	0.10871
6.961	-0.015618
6.962	0.10074
6.963	0.105522
6.964	0.036026
6.965	0.025825
6.966	0.061529
6.967	0.058979
6.968	0.034432
6.969	-0.017849
6.97	0.071412
6.971	0.041764
6.972	-0.083838
6.973	-0.080013
6.974	-0.015618
6.975	-0.064711
6.976	-0.035064
6.977	-0.078419
6.978	-0.174693
6.979	-0.029325
6.98	0.009248
6.981	-0.189358
6.982	-0.10456
6.983	-0.030601
6.984	0.01913
6.985	0.001597
6.986	-0.085751
6.987	0.095002
6.988	0.011798
6.989	0.067905
6.99	0.000322
6.991	-0.007329
6.992	0.06408
6.993	-0.044946
6.994	0.200521
6.995	0.030288
6.996	0.047821
6.997	0.055791
6.998	0.044315
6.999	0.039852
7	0.024869
7.001	0.040489
7.002	0.06408
7.003	-0.034107
7.004	0.043996
7.005	-0.0255
7.006	-0.082563
7.007	-0.095952
7.008	-0.08607
7.009	-0.065667
7.01	-0.029963
7.011	-0.079057
7.012	-0.20179
7.013	-0.10456
7.014	-0.014342
7.015	-0.069493
7.016	-0.121455
7.017	-0.010836
7.018	-0.043352
7.019	-0.058654
7.02	-0.033151
7.021	0.014667
7.022	0.03762
7.023	0.050691
7.024	-0.032513
7.025	0.047184
7.026	0.107435
7.027	-0.014024
7.028	0.069818
7.029	0.105522
7.03	0.045909
7.031	0.043677
7.032	0.075556
7.033	0.034432
7.034	0.047503
7.035	0.060892
7.036	0.08512
7.037	0.001916
7.038	0.034114
7.039	-0.076506
7.04	-0.052916
7.041	-0.113805
7.042	-0.090214
7.043	-0.0781
7.044	-0.048453
7.045	-0.070768
7.046	-0.116992
7.047	-0.095315
7.048	-0.109979
7.049	-0.129744
7.05	0.076512
7.051	-0.061842
7.052	-0.097228
7.053	-0.02295
7.054	-0.003822
7.055	0.022318
7.056	0.030607
7.057	0.03762
7.058	-0.002228
7.059	0.042721
7.06	0.136764
7.061	0.078744
7.062	0.001278
7.063	0.159716
7.064	0.097234
7.065	0.004785
7.066	0.092133
7.067	0.005741
7.068	0.057066
7.069	0.025825
7.07	0.043996
7.071	0.024231
7.072	0.025187
7.073	-0.09659
7.074	-0.095952
7.075	-0.068218
7.076	-0.088939
7.077	-0.060567
7.078	-0.034107
7.079	-0.116036
7.08	-0.002866
7.081	-0.027094
7.082	-0.247058
7.083	-0.123049
7.084	0.027738
7.085	-0.009242
7.086	-0.051003
7.087	-0.094996
7.088	0.046865
7.089	0.013073
7.09	0.030607
7.091	0.027419
7.092	-0.030282
7.093	-0.010517
7.094	0.136764
7.095	0.097871
7.096	0.019449
7.097	0.097553
7.098	0.099465
7.099	0.040171
7.1	0.030288
7.101	0.019768
7.102	0.115086
7.103	0.026144
7.104	-0.018805
7.105	0.061848
7.106	0.047503
7.107	-0.100734
7.108	-0.138033
7.109	-0.04909
7.11	-0.071087
7.111	-0.038252
7.112	-0.039527
7.113	-0.19127
7.114	-0.06248
7.115	0.003829
7.116	-0.17565
7.117	-0.117311
7.118	-0.028688
7.119	0.003191
7.12	-0.009879
7.121	-0.094358
7.122	0.084801
7.123	-0.009561
7.124	0.041127
7.125	-0.00446
7.126	-0.002228
7.127	0.056429
7.128	-0.070768
7.129	0.183944
7.13	0.006698
7.131	0.070455
7.132	0.056429
7.133	0.042402
7.134	0.026781
7.135	0.034432
7.136	0.051009
7.137	0.052922
7.138	-0.020399
7.139	0.009886
7.14	-0.016574
7.141	-0.109341
7.142	-0.102647
7.143	-0.047178
7.144	-0.097546
7.145	-0.016893
7.146	-0.131657
7.147	-0.212629
7.148	-0.084476
7.149	-0.025181
7.15	-0.025819
7.151	-0.071406
7.152	-0.011792
7.153	-0.041758
7.154	-0.024225
7.155	-0.04399
7.156	0.068224
7.157	0.043996
7.158	0.038895
7.159	-0.006054
7.16	0.038258
7.161	0.09564
7.162	0.020724
7.163	0.069499
7.164	0.09309
7.165	0.076512
7.166	0.030926
7.167	0.068224
7.168	0.025187
7.169	0.022956
7.17	0.061848
7.171	0.050053
7.172	-0.007648
7.173	0.043677
7.174	-0.055466
7.175	-0.077463
7.176	-0.064073
7.177	-0.076187
7.178	-0.08065
7.179	-0.043352
7.18	-0.08065
7.181	-0.116674
7.182	-0.043352
7.183	-0.127512
7.184	-0.11763
7.185	0.042083
7.186	-0.047178
7.187	-0.079375
7.188	-0.018487
7.189	0.004147
7.19	0.032201
7.191	0.038895
7.192	0.050372
7.193	-0.018805
7.194	0.023275
7.195	0.162586
7.196	0.053878
7.197	0.011798
7.198	0.150153
7.199	0.106479
7.2	-0.016893
7.201	0.061848
7.202	0.036026
7.203	0.090858
7.204	0.02455
7.205	0.044634
7.206	0.041127
7.207	0.052285
7.208	-0.087983
7.209	-0.108704
7.21	-0.101691
7.211	-0.042396
7.212	-0.09659
7.213	-0.050047
7.214	-0.159391
7.215	-0.093083
7.216	-0.016574
7.217	-0.264273
7.218	-0.163536
7.219	0.020087
7.22	-0.015936
7.221	-0.081607
7.222	-0.08862
7.223	0.036664
7.224	-0.017849
7.225	0.050053
7.226	0.003829
7.227	-0.035701
7.228	-0.016574
7.229	0.118593
7.23	0.092133
7.231	-0.043352
7.232	0.112217
7.233	0.078425
7.234	0.034751
7.235	0.001278
7.236	0.028694
7.237	0.095959
7.238	0.012436
7.239	-0.012748
7.24	0.005104
7.241	0.025506
7.242	-0.090214
7.243	-0.116036
7.244	-0.058016
7.245	-0.074275
7.246	-0.051641
7.247	-0.079694
7.248	-0.202109
7.249	-0.036339
7.25	-0.011154
7.251	-0.153334
7.252	-0.103922
7.253	-0.020399
7.254	0.005423
7.255	-0.014661
7.256	-0.097865
7.257	0.101697
7.258	-0.021993
7.259	0.034751
7.26	0.023594
7.261	-0.026456
7.262	0.064399
7.263	-0.045265
7.264	0.169918
7.265	0.042721
7.266	0.036664
7.267	0.092452
7.268	0.057385
7.269	0.039214
7.27	0.039852
7.271	0.061211
7.272	0.042721
7.273	-0.026775
7.274	0.041446
7.275	0.002235
7.276	-0.052597
7.277	-0.070768
7.278	-0.058335
7.279	-0.069493
7.28	-0.045584
7.281	-0.079375
7.282	-0.179156
7.283	-0.070449
7.284	-0.032513
7.285	-0.011473
7.286	-0.086389
7.287	-0.023587
7.288	-0.010198
7.289	-0.030919
7.29	-0.044946
7.291	0.093408
7.292	0.039852
7.293	0.059617
7.294	-0.008604
7.295	0.02455
7.296	0.089902
7.297	-0.000634
7.298	0.102016
7.299	0.11413
7.3	0.065674
7.301	0.029651
7.302	0.073006
7.303	0.052922
7.304	0.04559
7.305	0.078425
7.306	0.078106
7.307	0.010842
7.308	-0.001591
7.309	-0.071724
7.31	-0.064711
7.311	-0.099778
7.312	-0.053872
7.313	-0.077781
7.314	-0.025181
7.315	-0.103285
7.316	-0.094996
7.317	-0.066943
7.318	-0.064392
7.319	-0.095634
7.32	0.026781
7.321	-0.054829
7.322	-0.072681
7.323	-0.017849
7.324	-0.052278
7.325	0.034751
7.326	0.049734
7.327	0.049415
7.328	-0.025819
7.329	0.025825
7.33	0.150472
7.331	0.0746
7.332	-0.021356
7.333	0.139633
7.334	0.093408
7.335	-0.00701
7.336	0.078106
7.337	0.0271
7.338	0.058979
7.339	0.023912
7.34	0.00861
7.341	0.028057
7.342	0.032838
7.343	-0.098184
7.344	-0.055785
7.345	-0.112529
7.346	-0.082244
7.347	-0.059929
7.348	-0.019124
7.349	-0.113805
7.35	-0.079057
7.351	-0.00191
7.352	-0.220599
7.353	-0.151422
7.354	0.047503
7.355	-0.014342
7.356	-0.06758
7.357	-0.090533
7.358	0.044634
7.359	-0.022312
7.36	0.029013
7.361	0.04559
7.362	-0.034426
7.363	0.01403
7.364	0.155572
7.365	0.053241
7.366	-0.032832
7.367	0.126244
7.368	0.10616
7.369	0.050372
7.37	0.025187
7.371	0.063442
7.372	0.063761
7.373	0.046228
7.374	0.012755
7.375	0.005741
7.376	0.04814
7.377	-0.063436
7.378	-0.085751
7.379	-0.048772
7.38	-0.073318
7.381	-0.079694
7.382	-0.030282
7.383	-0.130382
7.384	-0.020081
7.385	-0.010517
7.386	-0.150465
7.387	-0.141539
7.388	-0.003822
7.389	0.024231
7.39	-0.007648
7.391	-0.094677
7.392	0.102016
7.393	-0.020399
7.394	0.036983
7.395	0.02455
7.396	-0.016255
7.397	0.057385
7.398	-0.023587
7.399	0.197334
7.4	0.016899
7.401	0.036026
7.402	0.093727
7.403	0.042721
7.404	0.065036
7.405	0.026144
7.406	0.050372
7.407	0.067586
7.408	-0.073
7.409	0.034432
7.41	0.003191
7.411	-0.064073
7.412	-0.098184
7.413	-0.057379
7.414	-0.063117
7.415	-0.073318
7.416	-0.05451
7.417	-0.199559
7.418	-0.084476
7.419	-0.005416
7.42	-0.039527
7.421	-0.131338
7.422	0.020724
7.423	-0.007648
7.424	-0.041121
7.425	-0.037614
7.426	0.059298
7.427	0.036345
7.428	0.05356
7.429	-0.021037
7.43	0.026463
7.431	0.097871
7.432	-0.03602
7.433	0.114767
7.434	0.086714
7.435	0.03507
7.436	0.040489
7.437	0.059617
7.438	0.040171
7.439	0.005741
7.44	0.051328
7.441	0.073006
7.442	-0.028688
7.443	0.027419
7.444	-0.05961
7.445	-0.085114
7.446	-0.132613
7.447	-0.073956
7.448	-0.057379
7.449	-0.011154
7.45	-0.091808
7.451	-0.151422
7.452	-0.099459
7.453	-0.037933
7.454	-0.090533
7.455	0.012117
7.456	-0.060248
7.457	-0.063755
7.458	-0.02805
7.459	-0.061523
7.46	0.033476
7.461	0.032201
7.462	0.086076
7.463	-0.032513
7.464	0.026781
7.465	0.120824
7.466	0.051966
7.467	0.022318
7.468	0.161948
7.469	0.107435
7.47	0.005104
7.471	0.10616
7.472	0.038258
7.473	0.029969
7.474	0.087351
7.475	0.031882
7.476	-0.002866
7.477	0.023275
7.478	-0.082882
7.479	-0.051959
7.48	-0.087345
7.481	-0.050047
7.482	-0.085114
7.483	-0.043352
7.484	-0.08065
7.485	-0.052916
7.486	-0.003504
7.487	-0.248652
7.488	-0.087026
7.489	0.039214
7.49	-0.003185
7.491	-0.063117
7.492	-0.072362
7.493	0.038895
7.494	-0.020081
7.495	0.02455
7.496	0.052603
7.497	-0.02295
7.498	0.058979
7.499	0.183307
7.5	0.072049
7.501	0.005741
7.502	0.149515
7.503	0.120187
7.504	0.017218
7.505	0.040808
7.506	0.038577
7.507	0.060892
7.508	0.06918
7.509	-0.013067
7.51	0.060573
7.511	0.068543
7.512	-0.064073
7.513	-0.076825
7.514	-0.047178
7.515	-0.021675
7.516	-0.095315
7.517	-0.058016
7.518	-0.176606
7.519	-0.034107
7.52	0.048459
7.521	-0.232075
7.522	-0.080969
7.523	-0.009879
7.524	0.007335
7.525	-0.001591
7.526	-0.084157
7.527	0.084163
7.528	-0.037614
7.529	0.040808
7.53	0.001597
7.531	-0.024544
7.532	0.030926
7.533	0.041127
7.534	0.149515
7.535	-0.007648
7.536	0.058023
7.537	0.087989
7.538	0.040171
7.539	0.00861
7.54	0.023594
7.541	0.072049
7.542	0.057066
7.543	-0.060886
7.544	0.046865
7.545	0.000641
7.546	-0.063755
7.547	-0.128788
7.548	-0.064392
7.549	-0.053872
7.55	-0.066305
7.551	-0.095634
7.552	-0.204978
7.553	-0.092127
7.554	0.044315
7.555	-0.049409
7.556	-0.100415
7.557	-0.031238
7.558	-0.008604
7.559	-0.015936
7.56	-0.065667
7.561	0.081613
7.562	0.028057
7.563	0.068862
7.564	-0.005097
7.565	0.010523
7.566	0.093408
7.567	-0.077463
7.568	0.179481
7.569	0.069499
7.57	0.070774
7.571	0.061848
7.572	0.051966
7.573	0.058979
7.574	0.016899
7.575	0.035389
7.576	0.094046
7.577	-0.021356
7.578	0.01913
7.579	-0.045902
7.58	-0.069174
7.581	-0.124962
7.582	-0.0781
7.583	-0.072043
7.584	-0.01243
7.585	-0.126237
7.586	-0.11763
7.587	-0.120499
7.588	-0.017211
7.589	-0.105197
7.59	0.014667
7.591	-0.020718
7.592	-0.073637
7.593	-0.020399
7.594	-0.008923
7.595	0.034432
7.596	0.050053
7.597	0.087351
7.598	-0.005735
7.599	0.05866
7.6	0.113173
7.601	0.051647
7.602	0.045271
7.603	0.137082
7.604	0.094683
7.605	-0.014342
7.606	0.075875
7.607	0.054197
7.608	0.036026
7.609	0.061211
7.61	0.043677
7.611	0.021681
7.612	0.00351
7.613	-0.100415
7.614	-0.055785
7.615	-0.084795
7.616	-0.032513
7.617	-0.097228
7.618	-0.035064
7.619	-0.07555
7.62	-0.051322
7.621	-0.0781
7.622	-0.210398
7.623	-0.134526
7.624	0.039852
7.625	-0.05706
7.626	-0.077781
7.627	-0.051003
7.628	0.01658
7.629	0.005741
7.63	0.018493
7.631	0.044634
7.632	-0.035064
7.633	0.030926
7.634	0.16673
7.635	0.063442
7.636	-0.030919
7.637	0.148559
7.638	0.09309
7.639	-0.024225
7.64	0.065355
7.641	0.022956
7.642	0.065674
7.643	0.012755
7.644	0.013711
7.645	0.041127
7.646	0.051647
7.647	-0.105516
7.648	-0.116036
7.649	-0.069493
7.65	-0.043033
7.651	-0.057698
7.652	-0.033151
7.653	-0.178519
7.654	-0.018805
7.655	0.007016
7.656	-0.164173
7.657	-0.153653
7.658	-0.023906
7.659	0.006698
7.66	-0.049409
7.661	-0.111573
7.662	0.069818
7.663	-0.01753
7.664	0.051647
7.665	0.029651
7.666	-0.035064
7.667	0.033795
7.668	0.057704
7.669	0.116042
7.67	0.012117
7.671	0.065036
7.672	0.092771
7.673	0.051647
7.674	0.024869
7.675	0.029013
7.676	0.061211
7.677	0.042083
7.678	-0.031557
7.679	0.031244
7.68	0.029332
7.681	-0.082563
7.682	-0.092446
7.683	-0.05706
7.684	-0.056423
7.685	-0.016255
7.686	-0.084476
7.687	-0.214861
7.688	-0.067899
7.689	-0.024225
7.69	-0.078419
7.691	-0.118586
7.692	-0.013386
7.693	-0.001272
7.694	-0.01753
7.695	-0.055466
7.696	0.087033
7.697	0.035389
7.698	0.083526
7.699	-0.025181
7.7	0.018174
7.701	0.08512
7.702	-0.076506
7.703	0.165136
7.704	0.043996
7.705	0.058342
7.706	0.041127
7.707	0.054197
7.708	0.05866
7.709	0.020724
7.71	0.046865
7.711	0.078744
7.712	0.001597
7.713	0.008929
7.714	-0.056741
7.715	-0.052597
7.716	-0.097546
7.717	-0.069493
7.718	-0.088939
7.719	-0.064073
7.72	-0.088301
7.721	-0.160667
7.722	-0.097228
7.723	-0.060886
7.724	-0.105197
7.725	-0.056741
7.726	-0.051641
7.727	-0.051959
7.728	-0.038252
7.729	0.006698
7.73	0.048459
7.731	0.043358
7.732	0.058023
7.733	-0.037295
7.734	0.052603
7.735	0.098509
7.736	0.029332
7.737	0.060573
7.738	0.108391
7.739	0.055154
7.74	0.023912
7.741	0.08512
7.742	0.052922
7.743	0.046546
7.744	0.047821
7.745	0.061848
7.746	0.01403
7.747	0.035389
7.748	-0.097865
7.749	-0.063117
7.75	-0.103603
7.751	-0.062161
7.752	-0.047496
7.753	-0.013067
7.754	-0.080969
7.755	-0.063117
7.756	-0.056423
7.757	-0.086707
7.758	-0.111892
7.759	0.042083
7.76	-0.056104
7.761	-0.108704
7.762	-0.019124
7.763	0.01913
7.764	0.015943
7.765	0.029013
7.766	0.031244
7.767	-0.047178
7.768	0.055791
7.769	0.175656
7.77	0.081932
7.771	0.010523
7.772	0.109667
7.773	0.099147
7.774	0.007973
7.775	0.064717
7.776	0.027738
7.777	0.075237
7.778	0.015305
7.779	-0.00191
7.78	0.034432
7.781	0.050053
7.782	-0.093402
7.783	-0.103285
7.784	-0.070768
7.785	-0.040802
7.786	-0.050366
7.787	-0.001591
7.788	-0.125919
7.789	-0.065349
7.79	0.010523
7.791	-0.231119
7.792	-0.102647
7.793	0.006698
7.794	-0.007329
7.795	-0.050684
7.796	-0.100097
7.797	0.035389
7.798	-0.021675
7.799	0.008292
7.8	0.03507
7.801	-0.036339
7.802	-0.003822
7.803	0.098509
7.804	0.088945
7.805	-0.024862
7.806	0.088308
7.807	0.098828
7.808	0.022
7.809	0.027419
7.81	0.037939
7.811	0.079063
7.812	0.074281
7.813	-0.009242
7.814	0.01913
7.815	0.028375
7.816	-0.053235
7.817	-0.094358
7.818	-0.059292
7.819	-0.063436
7.82	-0.063436
7.821	-0.050366
7.822	-0.156522
7.823	-0.052597
7.824	-0.02805
7.825	-0.105197
7.826	-0.106154
7.827	-0.030601
7.828	-0.001591
7.829	3.128e-06
7.83	-0.06758
7.831	0.115405
7.832	0.00606
7.833	0.065992
7.834	-0.03347
7.835	0.002872
7.836	0.07715
7.837	-0.066943
7.838	0.207854
7.839	0.024869
7.84	0.081613
7.841	0.054516
7.842	0.059298
7.843	0.073962
7.844	0.030926
7.845	0.039852
7.846	0.0746
7.847	-0.020399
7.848	-0.010517
7.849	-0.052916
7.85	-0.069812
7.851	-0.116036
7.852	-0.06248
7.853	-0.080332
7.854	-0.054829
7.855	-0.084795
7.856	-0.183619
7.857	-0.095315
7.858	-0.066624
7.859	-0.078419
7.86	-0.069493
7.861	-0.010836
7.862	-0.040164
7.863	-0.022312
7.864	-0.052597
7.865	0.043996
7.866	0.036026
7.867	0.037939
7.868	-0.038252
7.869	0.050691
7.87	0.103928
7.871	-0.004779
7.872	0.052922
7.873	0.10074
7.874	0.058342
7.875	0.034114
7.876	0.086714
7.877	0.035707
7.878	0.024231
7.879	0.036026
7.88	0.041446
7.881	0.00351
7.882	0.055154
7.883	-0.084476
7.884	-0.070449
7.885	-0.12018
7.886	-0.065667
7.887	-0.060248
7.888	-0.014661
7.889	-0.087345
7.89	-0.108704
7.891	-0.083201
7.892	-0.139945
7.893	-0.123049
7.894	0.049097
7.895	-0.06503
7.896	-0.086389
7.897	-0.021037
7.898	0.031244
7.899	0.001597
7.9	0.051328
7.901	0.042083
7.902	-0.012748
7.903	0.0271
7.904	0.136126
7.905	0.094683
7.906	-0.015299
7.907	0.165136
7.908	0.105203
7.909	0.002553
7.91	0.072049
7.911	0.029651
7.912	0.085757
7.913	0.032838
7.914	-0.009879
7.915	0.05356
7.916	0.033795
7.917	-0.092446
7.918	-0.06503
7.919	-0.080969
7.92	-0.064711
7.921	-0.056741
7.922	-0.027413
7.923	-0.123049
7.924	-0.05451
7.925	-0.014024
7.926	-0.216455
7.927	-0.114123
7.928	0.011798
7.929	-0.019124
7.93	-0.04909
7.931	-0.077781
7.932	0.061848
7.933	0.005423
7.934	0.02455
7.935	0.017218
7.936	-0.038889
7.937	0.020087
7.938	0.136764
7.939	0.103291
7.94	-0.027732
7.941	0.139314
7.942	0.095321
7.943	0.017855
7.944	0.029651
7.945	0.061848
7.946	0.065355
7.947	0.04559
7.948	-0.029325
7.949	0.04814
7.95	-0.015936
7.951	-0.083838
7.952	-0.100097
7.953	-0.062798
7.954	-0.03857
7.955	-0.056104
7.956	-0.035382
7.957	-0.196052
7.958	-0.05961
7.959	-0.015299
7.96	-0.097546
7.961	-0.123687
7.962	-0.018805
7.963	0.007016
7.964	-0.001591
7.965	-0.09404
7.966	0.096277
7.967	0.003191
7.968	0.00861
7.969	-0.021037
7.97	-0.01498
7.971	0.070774
7.972	-0.03347
7.973	0.165773
7.974	0.012755
7.975	0.060573
7.976	0.086395
7.977	0.043677
7.978	0.037301
7.979	0.044634
7.98	0.023912
7.981	0.065036
7.982	-0.002228
7.983	0.007973
7.984	-0.019124
7.985	-0.05961
7.986	-0.100097
7.987	-0.065349
7.988	-0.055466
7.989	-0.056741
7.99	-0.023268
7.991	-0.181069
7.992	-0.086707
7.993	-0.037614
7.994	-0.017849
7.995	-0.094996
7.996	-0.016893
7.997	-0.032195
7.998	-0.034426
7.999	-0.051322
8	0.068862
8.001	0.056429
8.002	0.091814
8.003	-0.031557
8.004	0.036664
8.005	0.105841
8.006	-0.027094
8.007	0.110304
8.008	0.096915
8.009	0.084482
8.01	0.044952
8.011	0.084163
8.012	0.060573
8.013	-0.007648
8.014	0.063761
8.015	0.067905
8.016	0.010523
8.017	0.017218
8.018	-0.112211
8.019	-0.060248
8.02	-0.140264
8.021	-0.077144
8.022	-0.046221
8.023	-0.000316
8.024	-0.068855
8.025	-0.118905
8.026	-0.09659
8.027	-0.204341
8.028	-0.10456
8.029	0.070774
8.03	-0.062798
8.031	-0.053553
8.032	-0.019124
8.033	0.007335
8.034	0.04304
8.035	0.020406
8.036	0.061529
8.037	-0.011792
8.038	0.012117
8.039	0.130069
8.04	0.063442
8.041	0.03252
8.042	0.176612
8.043	0.084163
8.044	-0.019443
8.045	0.059935
8.046	0.060254
8.047	0.034114
8.048	0.046546
8.049	0.000322
8.05	0.006698
8.051	0.010523
8.052	-0.111573
8.053	-0.083838
8.054	-0.073637
8.055	-0.05451
8.056	-0.082244
8.057	-0.032195
8.058	-0.112211
8.059	-0.004779
8.06	-0.017211
8.061	-0.240364
8.062	-0.110298
8.063	0.051328
8.064	-0.016574
8.065	-0.051322
8.066	-0.115717
8.067	0.061211
8.068	-0.028369
8.069	-0.002547
8.07	0.037301
8.071	-0.041439
8.072	0.054835
8.073	0.137082
8.074	0.062486
8.075	-0.045265
8.076	0.136764
8.077	0.102334
8.078	0.01403
8.079	0.02455
8.08	0.020406
8.081	0.058342
8.082	0.067905
8.083	-0.03347
8.084	0.04814
8.085	0.032838
8.086	-0.050366
8.087	-0.096271
8.088	-0.053553
8.089	-0.031557
8.09	-0.061204
8.091	-0.093402
8.092	-0.214861
8.093	-0.049409
8.094	0.028375
8.095	-0.181388
8.096	-0.124325
8.097	-0.020081
8.098	0.004147
8.099	-0.015618
8.1	-0.099459
8.101	0.099465
8.102	0.007973
8.103	0.068224
8.104	-0.007648
8.105	-0.018805
8.106	0.050053
8.107	-0.003822
8.108	0.190639
8.109	0.010523
8.11	0.067905
8.111	0.095002
8.112	0.05356
8.113	0.038258
8.114	0.02455
8.115	0.053241
8.116	0.102016
8.117	-0.034426
8.118	0.037301
8.119	-0.011792
8.12	-0.057698
8.121	-0.122731
8.122	-0.054829
8.123	-0.03857
8.124	-0.006373
8.125	-0.097546
8.126	-0.164492
8.127	-0.16768
8.128	-0.001591
8.129	-0.024544
8.13	-0.100415
8.131	-0.006691
8.132	-0.012111
8.133	-0.042396
8.134	-0.051641
8.135	0.062805
8.136	0.0271
8.137	0.066311
8.138	-0.02805
8.139	0.027419
8.14	0.100422
8.141	-0.037295
8.142	0.123374
8.143	0.102653
8.144	0.056429
8.145	0.020406
8.146	0.064717
8.147	0.051009
8.148	0.011798
8.149	0.059298
8.15	0.072368
8.151	-0.006691
8.152	0.015624
8.153	-0.123049
8.154	-0.024225
8.155	-0.134845
8.156	-0.074275
8.157	-0.045902
8.158	-0.057698
8.159	-0.040483
8.16	-0.108066
8.161	-0.083201
8.162	-0.052278
8.163	-0.120818
8.164	0.072687
8.165	-0.065667
8.166	-0.106791
8.167	-0.026775
8.168	-0.041121
8.169	0.035389
8.17	0.010204
8.171	0.073325
8.172	-0.018805
8.173	0.065036
8.174	0.131344
8.175	0.016899
8.176	0.018493
8.177	0.149834
8.178	0.105841
8.179	-0.012748
8.18	0.052922
8.181	0.063123
8.182	0.057704
8.183	0.044634
8.184	0.022637
8.185	0.028057
8.186	0.027419
8.187	-0.083201
8.188	-0.072043
8.189	-0.069493
8.19	-0.048772
8.191	-0.089258
8.192	-0.061842
8.193	-0.103285
8.194	-0.041439
8.195	0.032201
8.196	-0.209441
8.197	-0.161623
8.198	0.036345
8.199	-0.03602
8.2	-0.039527
8.201	-0.094996
8.202	0.065036
8.203	3.128e-06
8.204	0.010523
8.205	0.059935
8.206	-0.021993
8.207	0.02455
8.208	0.172787
8.209	0.103291
8.21	-0.013386
8.211	0.094683
8.212	0.129113
8.213	0.034751
8.214	0.010204
8.215	0.053241
8.216	0.071731
8.217	0.047503
8.218	-0.006373
8.219	0.059935
8.22	0.057385
8.221	-0.05706
8.222	-0.101053
8.223	-0.080013
8.224	-0.026138
8.225	-0.058654
8.226	-0.042396
8.227	-0.200196
8.228	-0.066624
8.229	0.009567
8.23	-0.197327
8.231	-0.092446
8.232	-0.009879
8.233	0.012755
8.234	-0.005097
8.235	-0.101691
8.236	0.073643
8.237	-0.026138
8.238	0.047184
8.239	0.008929
8.24	-0.051641
8.241	0.068224
8.242	-0.030282
8.243	0.224112
8.244	-0.002547
8.245	0.015305
8.246	0.084801
8.247	0.030288
8.248	0.046865
8.249	0.023594
8.25	0.043996
8.251	0.059617
8.252	-0.057379
8.253	0.014667
8.254	-0.037295
8.255	-0.067899
8.256	-0.086389
8.257	-0.058016
8.258	-0.085432
8.259	-0.055785
8.26	-0.05706
8.261	-0.198602
8.262	-0.070768
8.263	-0.018168
8.264	-0.029007
8.265	-0.108704
8.266	-0.030601
8.267	-0.036976
8.268	-0.033789
8.269	-0.026138
8.27	0.069818
8.271	0.034114
8.272	0.07715
8.273	-0.019124
8.274	0.034751
8.275	0.087033
8.276	-0.046221
8.277	0.10361
8.278	0.070774
8.279	0.068862
8.28	0.03252
8.281	0.043677
8.282	0.09309
8.283	0.015624
8.284	0.03507
8.285	0.080976
8.286	-0.030282
8.287	0.053878
8.288	-0.068855
8.289	-0.085114
8.29	-0.070768
8.291	-0.05706
8.292	-0.099778
8.293	-0.029007
8.294	-0.079057
8.295	-0.102328
8.296	-0.040802
8.297	-0.097865
8.298	-0.099459
8.299	-0.018168
8.3	-0.064073
8.301	-0.053235
8.302	-0.0255
8.303	0.000641
8.304	0.082569
8.305	0.031882
8.306	0.070774
8.307	-0.030919
8.308	0.042721
8.309	0.145371
8.31	0.095321
8.311	0.015624
8.312	0.147602
8.313	0.101697
8.314	-0.033151
8.315	0.061529
8.316	0.030926
8.317	0.054197
8.318	0.02455
8.319	0.055154
8.32	0.030926
8.321	0.025506
8.322	-0.098821
8.323	-0.071724
8.324	-0.088939
8.325	-0.055785
8.326	-0.038889
8.327	-0.008285
8.328	-0.126556
8.329	-0.063436
8.33	-0.047496
8.331	-0.199878
8.332	-0.15174
8.333	0.072687
8.334	-0.053553
8.335	-0.080013
8.336	-0.016255
8.337	0.01658
8.338	-0.034107
8.339	0.030926
8.34	0.044315
8.341	-0.055466
8.342	0.031244
8.343	0.170555
8.344	0.073006
8.345	-0.009242
8.346	0.079063
8.347	0.12975
8.348	0.043996
8.349	0.025825
8.35	0.04559
8.351	0.075875
8.352	0.020724
8.353	0.018493
8.354	0.031563
8.355	0.020724
8.356	-0.085114
8.357	-0.064392
8.358	-0.057698
8.359	-0.076187
8.36	-0.065986
8.361	-0.018168
8.362	-0.204659
8.363	-0.064711
